#                                                                            --- full sequence --- -------------- this domain -------------   hmm coord   ali coord   env coord
# target name        accession   tlen query name           accession   qlen   E-value  score  bias   #  of  c-Evalue  i-Evalue  score  bias  from    to  from    to  from    to  acc description of target
#------------------- ---------- ----- -------------------- ---------- ----- --------- ------ ----- --- --- --------- --------- ------ ----- ----- ----- ----- ----- ----- ----- ---- ---------------------
WP_032489895.1       -            185 Resfam_AAC6-Ia       -            185  1.8e-128  437.5   4.8   1   1  3.7e-134    2e-128  437.3   4.8     1   185     1   185     1   185 1.00 -
WP_013136949.1       -            185 Resfam_AAC6-Ia       -            185  2.1e-128  437.3   5.1   1   1  4.4e-134  2.4e-128  437.1   5.1     1   185     1   185     1   185 1.00 -
YP_003657322.1       -            185 Resfam_AAC6-Ia       -            185  2.1e-128  437.3   5.1   1   1  4.4e-134  2.4e-128  437.1   5.1     1   185     1   185     1   185 1.00 -
WP_058677876.1       -            185 Resfam_AAC6-Ia       -            185  5.6e-128  435.9   5.4   1   1  1.1e-133  6.2e-128  435.8   5.4     1   185     1   185     1   185 1.00 -
WP_069174568.1       -            184 Resfam_AAC6-Ia       -            185   5.2e-88  305.6   5.3   1   1     1e-93   5.7e-88  305.5   5.3     1   183     1   183     1   184 0.99 -
WP_076607049.1       -            183 Resfam_AAC6-Ia       -            185     4e-85  296.2   7.4   1   1     8e-91   4.4e-85  296.1   7.4     1   182     1   182     1   183 0.99 -
WP_063840274.1       -            184 Resfam_AAC6-Ia       -            185   1.4e-80  281.4   1.3   1   1   2.9e-86   1.6e-80  281.2   1.3     1   182     1   182     1   184 0.99 -
WP_001109644.1       -            183 Resfam_AAC6-Ia       -            185   2.5e-80  280.6   2.3   1   1   5.1e-86   2.8e-80  280.4   2.3     1   181     1   181     1   183 0.99 -
WP_015059044.1       -            184 Resfam_AAC6-Ia       -            185   3.2e-80  280.3   2.5   1   1   6.3e-86   3.5e-80  280.1   2.5     1   182     1   182     1   184 0.99 -
YP_006953604.1       -            184 Resfam_AAC6-Ia       -            185   3.2e-80  280.3   2.5   1   1   6.3e-86   3.5e-80  280.1   2.5     1   182     1   182     1   184 0.99 -
WP_069453146.1       -            193 Resfam_AAC6-Ia       -            185   4.1e-80  279.9   2.2   1   1   8.6e-86   4.7e-80  279.7   2.2     1   183     1   183     1   185 0.99 -
WP_063840278.1       -            183 Resfam_AAC6-Ia       -            185   4.6e-80  279.7   2.4   1   1   9.3e-86   5.1e-80  279.6   2.4     1   181     1   181     1   183 0.99 -
WP_032489188.1       -            183 Resfam_AAC6-Ia       -            185   1.3e-79  278.2   2.0   1   1   2.7e-85   1.5e-79  278.1   2.0     1   181     1   181     1   183 0.99 -
WP_045890872.1       -            183 Resfam_AAC6-Ia       -            185   3.9e-76  266.9   3.3   1   1   7.9e-82   4.3e-76  266.8   3.3     1   182     1   182     1   183 0.99 -
WP_071846376.1       -            187 Resfam_AAC6-Ia       -            185   5.2e-69  243.7   1.1   1   1   1.1e-74   5.8e-69  243.5   1.1     1   184     1   184     1   185 0.99 -
WP_032495046.1       -            187 Resfam_AAC6-Ia       -            185   1.8e-68  241.9   0.8   1   1   3.7e-74     2e-68  241.7   0.8     1   184     1   184     1   185 0.99 -
WP_063840279.1       -            188 Resfam_AAC6-Ia       -            185   2.9e-68  241.2   6.5   1   1     6e-74   3.3e-68  241.1   6.5     1   185     1   185     1   185 0.99 -
WP_024437351.1       -            187 Resfam_AAC6-Ia       -            185   4.5e-68  240.6   0.8   1   1   9.2e-74     5e-68  240.5   0.8     1   184     1   184     1   185 0.99 -
WP_003159545.1       -            183 Resfam_AAC6-Ia       -            185   1.9e-67  238.6   5.1   1   1   3.8e-73   2.1e-67  238.5   5.1     1   182     1   182     1   183 0.99 -
YP_001552089.1       -            183 Resfam_AAC6-Ia       -            185   1.9e-67  238.6   5.1   1   1   3.8e-73   2.1e-67  238.5   5.1     1   182     1   182     1   183 0.99 -
WP_079389637.1       -            188 Resfam_AAC6-Ia       -            185   5.4e-66  233.8   5.0   1   1   1.1e-71   6.1e-66  233.7   5.0     1   185     1   185     1   185 0.99 -
WP_071593202.1       -            184 Resfam_AAC6-Ia       -            185   1.5e-64  229.1   0.7   1   1   3.1e-70   1.7e-64  229.0   0.7     1   182     1   182     1   184 0.99 -
WP_051208285.1       -            200 Resfam_AAC6-Ia       -            185   1.4e-60  216.2   0.0   1   1     3e-66   1.7e-60  216.0   0.0    14   182    27   195    15   198 0.96 -
WP_088774065.1       -            145 Resfam_AAC6-Ia       -            185   5.2e-56  201.3   0.4   1   1   1.1e-61   5.8e-56  201.2   0.4     1   145     1   145     1   145 1.00 -
WP_088756823.1       -            132 Resfam_AAC6-Ia       -            185   1.1e-49  180.7   0.1   1   1   2.2e-55   1.2e-49  180.6   0.1     1   131     1   131     1   132 0.99 -
WP_074349364.1       -            192 Resfam_AAC6-Ia       -            185   3.9e-41  152.8   0.3   1   1   8.7e-47   4.7e-41  152.5   0.3    12   183    11   183     3   185 0.94 -
WP_028328504.1       -            171 Resfam_AAC6-Ia       -            185   8.9e-40  148.4   4.9   1   1   1.9e-45     1e-39  148.2   4.9    46   182    34   171     2   171 0.92 -
WP_048594650.1       -            172 Resfam_AAC6-Ia       -            185     2e-39  147.2   7.4   1   1   7.7e-45   4.2e-39  146.2   7.4     6   183     3   172     1   172 0.95 -
WP_047104813.1       -            172 Resfam_AAC6-Ia       -            185   2.4e-39  147.0   8.8   1   1   9.3e-45   5.1e-39  145.9   8.8     6   183     3   172     1   172 0.94 -
WP_014487624.1       -            172 Resfam_AAC6-Ia       -            185   4.5e-39  146.1   7.1   1   1   1.7e-44   9.3e-39  145.1   7.1     6   183     3   172     1   172 0.93 -
WP_083257964.1       -            204 Resfam_AAC6-Ia       -            185   4.7e-39  146.0   0.0   1   1     1e-44   5.7e-39  145.8   0.0    17   182    36   202    28   204 0.97 -
WP_015187478.1       -            184 Resfam_AAC6-Ia       -            185   5.5e-39  145.8   0.0   1   1   1.1e-44     6e-39  145.7   0.0     4   182     2   182     1   184 0.90 -
WP_012670250.1       -            172 Resfam_AAC6-Ia       -            185   7.6e-39  145.3   8.9   1   1   2.9e-44   1.6e-38  144.3   8.9     6   183     3   172     1   172 0.94 -
WP_020063724.1       -            172 Resfam_AAC6-Ia       -            185   1.4e-38  144.5   8.7   1   1   5.2e-44   2.9e-38  143.5   8.7     6   183     3   172     1   172 0.94 -
WP_047114090.1       -            172 Resfam_AAC6-Ia       -            185   1.7e-38  144.2   8.6   1   1   6.1e-44   3.3e-38  143.3   8.6     6   183     3   172     1   172 0.92 -
WP_047117500.1       -            172 Resfam_AAC6-Ia       -            185   2.9e-38  143.5   7.8   1   1   1.1e-43   6.2e-38  142.4   7.8     6   183     3   172     1   172 0.94 -
WP_047110880.1       -            172 Resfam_AAC6-Ia       -            185   3.7e-38  143.1   8.3   1   1   1.4e-43   7.7e-38  142.1   8.3     6   183     3   172     1   172 0.93 -
WP_047115812.1       -            172 Resfam_AAC6-Ia       -            185   4.2e-38  142.9   8.9   1   1   1.7e-43   9.5e-38  141.8   8.9     6   183     3   172     1   172 0.94 -
WP_073549013.1       -            184 Resfam_AAC6-Ia       -            185   5.7e-38  142.5   0.0   1   1   1.1e-43   6.3e-38  142.4   0.0     4   182     2   182     1   184 0.90 -
WP_007910662.1       -            189 Resfam_AAC6-Ia       -            185   1.7e-37  140.9   0.0   1   1     4e-43   2.2e-37  140.6   0.0    16   183    18   186     3   188 0.87 -
WP_073592866.1       -            186 Resfam_AAC6-Ia       -            185   5.6e-37  139.3   0.0   1   1   1.1e-42   6.3e-37  139.1   0.0     3   181     4   184     2   186 0.91 -
WP_104545453.1       -            180 Resfam_AAC6-Ia       -            185   6.2e-37  139.1   0.0   1   1   1.2e-42   6.6e-37  139.0   0.0     5   182     3   178     1   180 0.87 -
WP_009008739.1       -            177 Resfam_AAC6-Ia       -            185   1.5e-36  137.9   0.2   1   1   3.4e-42   1.9e-36  137.6   0.2    11   183    10   176     2   177 0.91 -
WP_003538694.1       -            177 Resfam_AAC6-Ia       -            185   2.2e-36  137.3   0.2   1   1   5.2e-42   2.8e-36  137.0   0.2    11   183    10   176     2   177 0.91 -
WP_026478224.1       -            180 Resfam_AAC6-Ia       -            185   2.4e-36  137.2   0.4   1   1     5e-42   2.7e-36  137.0   0.4    18   181    17   177     1   179 0.86 -
WP_054322715.1       -            177 Resfam_AAC6-Ia       -            185   2.5e-36  137.2   0.2   1   1   5.5e-42     3e-36  136.9   0.2    12   183    11   176     2   177 0.91 -
WP_099701759.1       -            184 Resfam_AAC6-Ia       -            185   2.8e-36  137.0   0.0   1   1   5.4e-42     3e-36  136.9   0.0    16   182    15   182     1   184 0.89 -
WP_006618409.1       -            191 Resfam_AAC6-Ia       -            185   4.6e-36  136.3   0.0   1   1   9.7e-42   5.3e-36  136.1   0.0     5   182     3   182     1   185 0.90 -
WP_111318062.1       -            194 Resfam_AAC6-Ia       -            185   5.2e-36  136.1   0.0   1   1   1.3e-41   6.8e-36  135.7   0.0    16   182    15   183     2   185 0.90 -
WP_066714582.1       -            191 Resfam_AAC6-Ia       -            185   1.4e-35  134.7   0.1   1   1   3.3e-41   1.8e-35  134.4   0.1    10   183     9   176     3   178 0.91 -
WP_015177426.1       -            184 Resfam_AAC6-Ia       -            185   1.8e-35  134.4   0.0   1   1   3.6e-41     2e-35  134.2   0.0     1   182     1   184     1   184 0.91 -
WP_110516925.1       -            193 Resfam_AAC6-Ia       -            185   2.5e-35  133.9   0.0   1   1   5.6e-41   3.1e-35  133.6   0.0    17   182    15   180     5   182 0.95 -
WP_015151573.1       -            185 Resfam_AAC6-Ia       -            185   2.6e-35  133.8   0.1   1   1   6.1e-41   3.3e-35  133.5   0.1    19   182    19   183     2   184 0.87 -
WP_029481693.1       -            177 Resfam_AAC6-Ia       -            185   3.7e-35  133.3   0.2   1   1   8.7e-41   4.8e-35  133.0   0.2    11   183    10   176     2   177 0.91 -
WP_054533440.1       -            193 Resfam_AAC6-Ia       -            185   4.8e-35  133.0   0.0   1   1   1.1e-40     6e-35  132.7   0.0    17   182    15   180     5   182 0.95 -
WP_069645263.1       -            179 Resfam_AAC6-Ia       -            185   1.1e-34  131.7   0.0   1   1   2.4e-40   1.3e-34  131.5   0.0    29   183    20   176     8   178 0.92 -
WP_097654399.1       -            183 Resfam_AAC6-Ia       -            185   1.7e-34  131.1   0.0   1   1   3.6e-40     2e-34  131.0   0.0    16   181    15   181     2   183 0.91 -
WP_006633561.1       -            184 Resfam_AAC6-Ia       -            185   3.7e-34  130.1   0.0   1   1   7.5e-40   4.1e-34  129.9   0.0     1   180     1   182     1   184 0.89 -
WP_006620763.1       -            191 Resfam_AAC6-Ia       -            185     8e-34  129.0   0.0   1   1   1.6e-39     9e-34  128.8   0.0     5   182     3   182     1   185 0.89 -
WP_008049338.1       -            191 Resfam_AAC6-Ia       -            185   9.2e-34  128.8   0.0   1   1   1.9e-39     1e-33  128.6   0.0     5   182     3   182     1   185 0.89 -
WP_067482595.1       -            181 Resfam_AAC6-Ia       -            185   1.5e-33  128.1   0.0   1   1   3.3e-39   1.8e-33  127.8   0.0    24   183    15   176     8   178 0.94 -
WP_067394694.1       -            175 Resfam_AAC6-Ia       -            185   1.5e-33  128.1   0.0   1   1   3.2e-39   1.8e-33  127.9   0.0    27   182    18   175     5   175 0.91 -
WP_044984137.1       -            192 Resfam_AAC6-Ia       -            185   3.1e-33  127.1   0.0   1   1   6.6e-39   3.6e-33  126.8   0.0    16   183    20   182     5   184 0.89 -
WP_069969030.1       -            186 Resfam_AAC6-Ia       -            185   3.7e-33  126.8   0.0   1   1   7.7e-39   4.2e-33  126.6   0.0    10   182     9   182     1   184 0.91 -
WP_035655243.1       -            182 Resfam_AAC6-Ia       -            185   4.4e-33  126.6   0.0   1   1   9.1e-39     5e-33  126.4   0.0    16   182    20   181     5   182 0.89 -
WP_016177698.1       -            183 Resfam_AAC6-Ia       -            185     6e-33  126.1   0.0   1   1   1.3e-38   7.1e-33  125.9   0.0    21   182    12   176     4   179 0.93 -
WP_005880220.1       -            183 Resfam_AAC6-Ia       -            185     1e-32  125.4   0.0   1   1   2.2e-38   1.2e-32  125.2   0.0    21   182    12   176     4   179 0.93 -
WP_104875226.1       -            182 Resfam_AAC6-Ia       -            185   1.7e-32  124.7   0.0   1   1   3.6e-38     2e-32  124.5   0.0    21   183    12   176     4   178 0.94 -
WP_075598006.1       -            183 Resfam_AAC6-Ia       -            185     2e-32  124.4   0.0   1   1   4.5e-38   2.5e-32  124.1   0.0    17   179    16   179     7   182 0.90 -
WP_104661852.1       -            183 Resfam_AAC6-Ia       -            185   2.1e-32  124.3   0.0   1   1   4.6e-38   2.5e-32  124.1   0.0    21   182    12   176     4   179 0.93 -
WP_007354018.1       -            181 Resfam_AAC6-Ia       -            185   2.2e-32  124.3   0.0   1   1   4.3e-38   2.4e-32  124.2   0.0    13   182    10   180     1   181 0.90 -
WP_048603867.1       -            183 Resfam_AAC6-Ia       -            185   4.3e-32  123.4   0.0   1   1     1e-37   5.5e-32  123.0   0.0    21   182    12   173     5   175 0.95 -
WP_002339746.1       -            182 Resfam_AAC6-Ia       -            185   7.9e-32  122.5   0.0   1   1   1.7e-37   9.3e-32  122.3   0.0    21   183    12   176     4   178 0.93 -
WP_002373947.1       -            182 Resfam_AAC6-Ia       -            185   8.3e-32  122.4   0.0   1   1   1.8e-37   9.9e-32  122.2   0.0    21   183    12   176     4   178 0.93 -
WP_010861528.1       -            181 Resfam_AAC6-Ia       -            185   8.6e-32  122.4   0.0   1   1   1.8e-37     1e-31  122.1   0.0    21   183    12   176     4   178 0.94 -
WP_016628216.1       -            182 Resfam_AAC6-Ia       -            185   8.6e-32  122.4   0.0   1   1   1.9e-37     1e-31  122.1   0.0    21   183    12   176     4   178 0.94 -
WP_098041921.1       -            181 Resfam_AAC6-Ia       -            185   8.7e-32  122.3   0.0   1   1   1.8e-37     1e-31  122.1   0.0    21   183    11   175     3   177 0.94 -
WP_002293989.1       -            182 Resfam_AAC6-Ia       -            185   8.7e-32  122.3   0.0   1   1   1.9e-37     1e-31  122.1   0.0    21   183    12   176     4   178 0.94 -
WP_002289795.1       -            182 Resfam_AAC6-Ia       -            185   8.7e-32  122.3   0.0   1   1   1.9e-37     1e-31  122.1   0.0    21   183    12   176     4   178 0.94 -
YP_006376876.1       -            182 Resfam_AAC6-Ia       -            185   8.7e-32  122.3   0.0   1   1   1.9e-37     1e-31  122.1   0.0    21   183    12   176     4   178 0.94 -
WP_104867081.1       -            182 Resfam_AAC6-Ia       -            185   8.8e-32  122.3   0.0   1   1   1.9e-37     1e-31  122.1   0.0    21   183    12   176     4   178 0.94 -
WP_089030475.1       -            177 Resfam_AAC6-Ia       -            185   9.6e-32  122.2   0.0   1   1     2e-37   1.1e-31  122.0   0.0    21   183    12   176     4   177 0.94 -
WP_071846353.1       -            182 Resfam_AAC6-Ia       -            185   1.1e-31  122.1   0.0   1   1   2.3e-37   1.2e-31  121.8   0.0    21   183    12   176     4   178 0.94 -
WP_010750427.1       -            180 Resfam_AAC6-Ia       -            185   1.1e-31  122.1   0.0   1   1   2.3e-37   1.3e-31  121.8   0.0    21   184    12   177     4   178 0.93 -
WP_076338074.1       -            183 Resfam_AAC6-Ia       -            185   1.1e-31  122.0   0.0   1   1   2.2e-37   1.2e-31  121.9   0.0     9   184     7   180     1   181 0.87 -
WP_060811340.1       -            182 Resfam_AAC6-Ia       -            185   1.2e-31  121.9   0.0   1   1   2.6e-37   1.4e-31  121.6   0.0    21   183    12   176     4   178 0.94 -
WP_104857549.1       -            182 Resfam_AAC6-Ia       -            185   1.3e-31  121.7   0.0   1   1   2.9e-37   1.6e-31  121.5   0.0    21   183    12   176     4   178 0.93 -
WP_087626451.1       -            182 Resfam_AAC6-Ia       -            185   1.5e-31  121.6   0.0   1   1   3.1e-37   1.7e-31  121.4   0.0    21   183    12   176     4   178 0.94 -
WP_016172918.1       -            185 Resfam_AAC6-Ia       -            185   1.5e-31  121.5   0.0   1   1   3.4e-37   1.9e-31  121.3   0.0    20   181    11   174     4   177 0.92 -
WP_061343873.1       -            182 Resfam_AAC6-Ia       -            185   1.8e-31  121.3   0.0   1   1   3.9e-37   2.1e-31  121.1   0.0    21   183    12   176     4   178 0.94 -
WP_036009027.1       -            186 Resfam_AAC6-Ia       -            185   1.8e-31  121.3   0.0   1   1     4e-37   2.2e-31  121.0   0.0    17   182    16   185     7   186 0.87 -
WP_010723742.1       -            182 Resfam_AAC6-Ia       -            185   1.9e-31  121.2   0.0   1   1   4.1e-37   2.3e-31  121.0   0.0    21   183    12   176     4   178 0.94 -
WP_010727362.1       -            182 Resfam_AAC6-Ia       -            185   2.4e-31  120.9   0.0   1   1   5.3e-37   2.9e-31  120.7   0.0    21   183    12   176     4   178 0.93 -
WP_086284609.1       -            184 Resfam_AAC6-Ia       -            185   2.7e-31  120.7   0.0   1   1   5.7e-37   3.1e-31  120.5   0.0    22   182    13   175     4   178 0.92 -
WP_086315121.1       -            182 Resfam_AAC6-Ia       -            185     3e-31  120.6   0.0   1   1   6.5e-37   3.5e-31  120.4   0.0    21   183    12   176     4   178 0.94 -
WP_002328174.1       -            182 Resfam_AAC6-Ia       -            185   3.5e-31  120.4   0.0   1   1   7.6e-37   4.1e-31  120.1   0.0    21   183    12   176     4   178 0.94 -
WP_081827536.1       -            198 Resfam_AAC6-Ia       -            185   3.6e-31  120.4   0.0   1   1   7.2e-37     4e-31  120.2   0.0    41   184    49   192    11   193 0.91 -
WP_008265821.1       -            182 Resfam_AAC6-Ia       -            185   5.4e-31  119.8   0.0   1   1   1.2e-36   6.3e-31  119.5   0.0    21   183    12   176     4   178 0.93 -
WP_104885942.1       -            182 Resfam_AAC6-Ia       -            185   5.4e-31  119.8   0.0   1   1   1.2e-36   6.4e-31  119.5   0.0    21   183    12   176     4   178 0.94 -
WP_002293569.1       -            182 Resfam_AAC6-Ia       -            185   5.8e-31  119.7   0.0   1   1   1.3e-36   6.9e-31  119.4   0.0    21   183    12   176     4   178 0.94 -
WP_058128888.1       -            182 Resfam_AAC6-Ia       -            185   7.1e-31  119.4   0.0   1   1   1.5e-36   8.4e-31  119.1   0.0    21   183    12   176     4   178 0.93 -
WP_071864663.1       -            184 Resfam_AAC6-Ia       -            185   7.1e-31  119.4   0.0   1   1   1.6e-36   8.6e-31  119.1   0.0    20   181    11   174     4   177 0.94 -
WP_024635824.1       -            182 Resfam_AAC6-Ia       -            185     9e-31  119.0   0.0   1   1   1.9e-36   1.1e-30  118.8   0.0    21   183    12   176     4   178 0.93 -
WP_010728104.1       -            182 Resfam_AAC6-Ia       -            185   9.3e-31  119.0   0.0   1   1     2e-36   1.1e-30  118.8   0.0    21   183    12   176     4   178 0.93 -
WP_081183044.1       -            180 Resfam_AAC6-Ia       -            185   1.1e-30  118.8   0.0   1   1   2.3e-36   1.3e-30  118.6   0.0    21   184    12   177     4   178 0.93 -
WP_070872712.1       -            182 Resfam_AAC6-Ia       -            185   1.1e-30  118.7   0.0   1   1   2.4e-36   1.3e-30  118.5   0.0    21   183    12   176     4   178 0.93 -
WP_104775219.1       -            182 Resfam_AAC6-Ia       -            185   1.5e-30  118.3   0.0   1   1   3.2e-36   1.8e-30  118.1   0.0    21   183    12   176     4   178 0.93 -
WP_096709989.1       -            182 Resfam_AAC6-Ia       -            185   1.5e-30  118.3   0.0   1   1   3.3e-36   1.8e-30  118.1   0.0    21   184    12   177     3   178 0.92 -
WP_053766315.1       -            182 Resfam_AAC6-Ia       -            185   1.7e-30  118.2   0.0   1   1   3.6e-36     2e-30  117.9   0.0    21   184    12   177     3   178 0.92 -
WP_088745630.1       -            182 Resfam_AAC6-Ia       -            185   2.3e-30  117.7   0.0   1   1   5.1e-36   2.8e-30  117.4   0.0    21   184    12   177     3   178 0.92 -
WP_088775243.1       -            182 Resfam_AAC6-Ia       -            185   2.4e-30  117.7   0.0   1   1   5.3e-36   2.9e-30  117.4   0.0    21   184    12   177     3   178 0.92 -
WP_010720790.1       -            182 Resfam_AAC6-Ia       -            185   2.6e-30  117.5   0.0   1   1   5.6e-36   3.1e-30  117.3   0.0    21   184    12   177     3   178 0.92 -
WP_034700626.1       -            182 Resfam_AAC6-Ia       -            185   2.7e-30  117.5   0.0   1   1   5.9e-36   3.2e-30  117.2   0.0    21   184    12   177     3   178 0.92 -
WP_091496257.1       -            174 Resfam_AAC6-Ia       -            185   2.8e-30  117.4   0.0   1   1   5.9e-36   3.2e-30  117.2   0.0    16   181     6   173     2   174 0.91 -
WP_081128496.1       -            182 Resfam_AAC6-Ia       -            185     4e-30  116.9   0.0   1   1   8.8e-36   4.8e-30  116.7   0.0    21   184    12   177     3   178 0.92 -
WP_074912285.1       -            180 Resfam_AAC6-Ia       -            185   6.7e-30  116.2   0.0   1   1   1.5e-35     8e-30  115.9   0.0    39   182    32   175     5   178 0.90 -
WP_081756787.1       -            183 Resfam_AAC6-Ia       -            185   6.8e-30  116.2   0.0   1   1   1.5e-35   8.2e-30  115.9   0.0    25   182    18   177     5   180 0.88 -
WP_076321860.1       -            180 Resfam_AAC6-Ia       -            185   9.8e-30  115.7   0.0   1   1   2.1e-35   1.1e-29  115.4   0.0    31   181    25   175     3   178 0.88 -
WP_010752789.1       -            187 Resfam_AAC6-Ia       -            185   2.2e-29  114.5   0.0   1   1     5e-35   2.7e-29  114.2   0.0    25   181    16   174     7   177 0.93 -
WP_010737153.1       -            182 Resfam_AAC6-Ia       -            185   2.3e-29  114.5   0.0   1   1     5e-35   2.7e-29  114.2   0.0    21   184    12   177     3   178 0.92 -
WP_100537737.1       -            180 Resfam_AAC6-Ia       -            185   3.2e-29  114.0   0.0   1   1   7.3e-35     4e-29  113.7   0.0    32   181    26   175     5   178 0.89 -
WP_012872768.1       -            191 Resfam_AAC6-Ia       -            185   3.2e-29  114.0   0.0   1   1   7.4e-35     4e-29  113.6   0.0    18   182    21   183     6   185 0.90 -
WP_097018929.1       -            177 Resfam_AAC6-Ia       -            185   4.5e-29  113.5   2.9   1   1   9.3e-35   5.1e-29  113.3   2.9    16   181    15   175     1   177 0.81 -
WP_063627501.1       -            182 Resfam_AAC6-Ia       -            185   4.9e-29  113.4   0.0   1   1   1.1e-34   5.9e-29  113.1   0.0    21   184    12   177     3   178 0.92 -
WP_034860925.1       -            182 Resfam_AAC6-Ia       -            185   5.6e-29  113.2   0.0   1   1   1.2e-34   6.6e-29  113.0   0.0    24   183    15   176     6   178 0.93 -
WP_010475380.1       -            186 Resfam_AAC6-Ia       -            185   6.4e-29  113.0   0.0   1   1   1.4e-34   7.7e-29  112.7   0.0    17   182    16   182    10   185 0.92 -
WP_068507805.1       -            189 Resfam_AAC6-Ia       -            185     7e-29  112.9   0.0   1   1   1.3e-34   7.2e-29  112.8   0.0    18   184    19   185     1   186 0.92 -
WP_002317814.1       -            137 Resfam_AAC6-Ia       -            185   9.3e-29  112.5   0.0   1   1     2e-34   1.1e-28  112.3   0.0    61   183     9   131     2   133 0.95 -
WP_053372537.1       -            179 Resfam_AAC6-Ia       -            185   9.6e-29  112.4   0.0   1   1   1.9e-34     1e-28  112.3   0.0     4   181     2   177     1   179 0.82 -
WP_071218693.1       -            177 Resfam_AAC6-Ia       -            185   1.1e-28  112.2   0.0   1   1   2.7e-34   1.5e-28  111.8   0.0    32   181    23   172     8   174 0.89 -
WP_098746242.1       -            180 Resfam_AAC6-Ia       -            185   3.1e-28  110.8   0.0   1   1     7e-34   3.8e-28  110.5   0.0    32   181    26   175     7   178 0.88 -
WP_010768325.1       -            187 Resfam_AAC6-Ia       -            185   3.2e-28  110.7   0.0   1   1     7e-34   3.8e-28  110.5   0.0    22   182    13   175     4   178 0.91 -
WP_012164656.1       -            186 Resfam_AAC6-Ia       -            185   3.3e-28  110.7   0.0   1   1   7.3e-34     4e-28  110.4   0.0    17   182    16   182    10   185 0.91 -
WP_034688908.1       -            180 Resfam_AAC6-Ia       -            185   4.9e-28  110.1   0.0   1   1   1.1e-33     6e-28  109.8   0.0    22   182    13   175     4   177 0.91 -
WP_023958298.1       -            176 Resfam_AAC6-Ia       -            185   1.8e-27  108.3   0.0   1   1   3.7e-33     2e-27  108.1   0.0    17   180    16   174     4   176 0.86 -
WP_069681138.1       -            180 Resfam_AAC6-Ia       -            185   2.3e-27  107.9   4.4   1   1   4.8e-33   2.6e-27  107.7   4.4    11   182    10   177     2   180 0.88 -
WP_108143873.1       -            180 Resfam_AAC6-Ia       -            185   5.3e-27  106.7   0.0   1   1   1.2e-32   6.6e-27  106.4   0.0    22   182    13   175     4   177 0.91 -
WP_105204693.1       -            192 Resfam_AAC6-Ia       -            185   8.7e-27  106.0   0.0   1   1   1.8e-32     1e-26  105.8   0.0    47   185    53   192    31   192 0.91 -
WP_028549567.1       -            185 Resfam_AAC6-Ia       -            185   9.9e-27  105.9   0.0   1   1   2.3e-32   1.3e-26  105.5   0.0    32   181    27   177    10   180 0.92 -
WP_090093593.1       -            180 Resfam_AAC6-Ia       -            185     1e-26  105.8   3.6   1   1   2.2e-32   1.2e-26  105.6   3.6    10   183     9   178     2   180 0.89 -
WP_055048366.1       -            185 Resfam_AAC6-Ia       -            185   1.1e-26  105.7   0.0   1   1   2.5e-32   1.4e-26  105.4   0.0     5   181     6   184     3   185 0.87 -
WP_010736157.1       -            180 Resfam_AAC6-Ia       -            185   1.2e-26  105.6   0.0   1   1   2.8e-32   1.5e-26  105.3   0.0    22   182    13   175     4   177 0.91 -
WP_066025115.1       -            180 Resfam_AAC6-Ia       -            185   1.4e-26  105.3   0.0   1   1   3.2e-32   1.8e-26  105.0   0.0    22   182    13   175     4   177 0.91 -
WP_071866643.1       -            180 Resfam_AAC6-Ia       -            185   1.7e-26  105.1   0.0   1   1   3.8e-32   2.1e-26  104.8   0.0    22   182    13   175     4   177 0.91 -
WP_086334380.1       -            180 Resfam_AAC6-Ia       -            185   1.8e-26  105.0   0.0   1   1   4.1e-32   2.2e-26  104.7   0.0    22   182    13   175     4   177 0.91 -
WP_062805596.1       -            180 Resfam_AAC6-Ia       -            185   2.1e-26  104.8   0.0   1   1   4.7e-32   2.6e-26  104.5   0.0    22   182    13   175     4   177 0.91 -
WP_070085966.1       -            179 Resfam_AAC6-Ia       -            185   2.1e-26  104.8   0.0   1   1   4.3e-32   2.3e-26  104.6   0.0     4   181     2   178     1   179 0.88 -
WP_104870580.1       -            180 Resfam_AAC6-Ia       -            185   2.1e-26  104.8   0.0   1   1   4.8e-32   2.6e-26  104.5   0.0    22   182    13   175     4   177 0.91 -
WP_094902918.1       -            178 Resfam_AAC6-Ia       -            185   2.6e-26  104.5   0.1   1   1   5.3e-32   2.9e-26  104.3   0.1     4   181     2   177     1   178 0.90 -
WP_023519215.1       -            180 Resfam_AAC6-Ia       -            185   4.1e-26  103.9   0.0   1   1   9.2e-32     5e-26  103.6   0.0    22   182    13   175     4   177 0.91 -
WP_106721212.1       -            181 Resfam_AAC6-Ia       -            185   4.1e-26  103.8   0.1   1   1     8e-32   4.4e-26  103.8   0.1    10   181     8   179     1   181 0.83 -
WP_019722502.1       -            180 Resfam_AAC6-Ia       -            185     6e-26  103.3   0.0   1   1   1.4e-31   7.4e-26  103.0   0.0    22   182    13   175     4   177 0.91 -
WP_062197066.1       -            179 Resfam_AAC6-Ia       -            185     1e-25  102.6   0.1   1   1   2.1e-31   1.1e-25  102.4   0.1     4   181     2   178     1   179 0.86 -
WP_104776638.1       -            180 Resfam_AAC6-Ia       -            185   1.7e-25  101.8   0.0   1   1   3.9e-31   2.1e-25  101.5   0.0    22   182    13   175     4   177 0.91 -
WP_096328890.1       -            181 Resfam_AAC6-Ia       -            185   2.9e-25  101.1   0.0   1   1   6.6e-31   3.6e-25  100.8   0.0    32   183    27   178    10   179 0.93 -
WP_036672240.1       -            121 Resfam_AAC6-Ia       -            185   3.3e-25  100.9   0.0   1   1   6.5e-31   3.5e-25  100.8   0.0    66   181     3   118     1   121 0.92 -
WP_079912433.1       -            185 Resfam_AAC6-Ia       -            185   4.1e-25  100.6   0.0   1   1   9.1e-31     5e-25  100.3   0.0    32   181    27   177     2   179 0.89 -
WP_084670158.1       -            180 Resfam_AAC6-Ia       -            185   1.1e-23   95.9   0.0   1   1   2.4e-29   1.3e-23   95.7   0.0     4   181     3   179     1   180 0.86 -
WP_055885354.1       -            185 Resfam_AAC6-Ia       -            185   1.6e-23   95.4   0.0   1   1   4.1e-29   2.2e-23   94.9   0.0     5   181     6   184     2   185 0.85 -
WP_092830378.1       -            186 Resfam_AAC6-Ia       -            185   1.2e-21   89.3   0.0   1   1   2.5e-27   1.4e-21   89.1   0.0    53   183    54   184     1   186 0.82 -
WP_069908119.1       -            185 Resfam_AAC6-Ia       -            185   2.9e-21   88.0   0.0   1   1   7.1e-27   3.9e-21   87.6   0.0    15   181    16   184     3   185 0.83 -
WP_055997228.1       -            185 Resfam_AAC6-Ia       -            185   6.7e-21   86.9   0.0   1   1   1.7e-26   9.1e-21   86.4   0.0    14   181    15   184     3   185 0.81 -
WP_097040047.1       -            179 Resfam_AAC6-Ia       -            185   7.4e-21   86.7   0.0   1   1   1.5e-26   8.3e-21   86.6   0.0     5   181     3   178     1   179 0.84 -
WP_021257897.1       -            177 Resfam_AAC6-Ia       -            185   2.3e-20   85.1   0.0   1   1   4.6e-26   2.5e-20   85.0   0.0    33   180    27   174     2   177 0.80 -
WP_056021897.1       -            182 Resfam_AAC6-Ia       -            185   3.3e-20   84.6   0.0   1   1     7e-26   3.9e-20   84.4   0.0    15   182    14   179     1   181 0.91 -
WP_082798527.1       -            126 Resfam_AAC6-Ia       -            185   1.7e-17   75.8   0.0   1   1   3.7e-23     2e-17   75.5   0.0    70   181    13   125     9   126 0.84 -
#
# Program:         hmmsearch
# Version:         3.1b2 (February 2015)
# Pipeline mode:   SEARCH
# Query file:      /mnt/research/ShadeLab/Dunivin/gene_targeted_assembly/RDPTools/Xander_assembler/gene_resource/AAC6-Ia/originaldata/AAC6-Ia.hmm
# Target file:     /mnt/research/ShadeLab/Dunivin/hmmsearch/refseq/protein_files/bacteria.protein.fa
# Option settings: /opt/software/HMMER/3.1b2--GCC-4.8.3/bin/hmmsearch -o /mnt/research/ShadeLab/Dunivin/hmmsearch/refseq/hmm_outputs/AAC6-Ia.bacteria.protein.fa.stdout.txt -A /mnt/research/ShadeLab/Dunivin/hmmsearch/refseq/hmm_outputs/AAC6-Ia.bacteria.protein.fa.alignment.0.0000000001.txt --domtblout /mnt/research/ShadeLab/Dunivin/hmmsearch/refseq/hmm_outputs/AAC6-Ia.bacteria.protein.fa.0.0000000001.tbl.txt -E 0.0000000001 --cpu 8 /mnt/research/ShadeLab/Dunivin/gene_targeted_assembly/RDPTools/Xander_assembler/gene_resource/AAC6-Ia/originaldata/AAC6-Ia.hmm /mnt/research/ShadeLab/Dunivin/hmmsearch/refseq/protein_files/bacteria.protein.fa 
# Current dir:     /mnt/research/ShadeLab/Dunivin/hmmsearch/bin
# Date:            Wed Jul 25 13:53:33 2018
# [ok]
