#                                                                            --- full sequence --- -------------- this domain -------------   hmm coord   ali coord   env coord
# target name        accession   tlen query name           accession   qlen   E-value  score  bias   #  of  c-Evalue  i-Evalue  score  bias  from    to  from    to  from    to  acc description of target
#------------------- ---------- ----- -------------------- ---------- ----- --------- ------ ----- --- --- --------- --------- ------ ----- ----- ----- ----- ----- ----- ----- ---- ---------------------
WP_074014168.1       -            263 Resfam_ANT3          -            263  3.8e-166  556.2   1.1   1   1  1.1e-169  4.2e-166  556.0   1.1     1   263     1   263     1   263 1.00 -
NP_848172.1          -            263 Resfam_ANT3          -            263  1.4e-165  554.3   1.1   1   1  4.2e-169  1.6e-165  554.1   1.1     1   263     1   263     1   263 1.00 -
WP_011113049.1       -            263 Resfam_ANT3          -            263  1.4e-165  554.3   1.1   1   1  4.2e-169  1.6e-165  554.1   1.1     1   263     1   263     1   263 1.00 -
WP_095885203.1       -            263 Resfam_ANT3          -            263  1.8e-165  554.0   1.3   1   1  5.2e-169    2e-165  553.8   1.3     1   263     1   263     1   263 1.00 -
WP_046622360.1       -            263 Resfam_ANT3          -            263  2.6e-165  553.4   1.0   1   1  7.5e-169  2.8e-165  553.3   1.0     1   263     1   263     1   263 1.00 -
WP_001209508.1       -            263 Resfam_ANT3          -            263  2.6e-165  553.4   1.2   1   1  7.8e-169  2.9e-165  553.2   1.2     1   263     1   263     1   263 1.00 -
YP_005351816.1       -            263 Resfam_ANT3          -            263  2.6e-165  553.4   1.2   1   1  7.8e-169  2.9e-165  553.2   1.2     1   263     1   263     1   263 1.00 -
YP_006958743.1       -            263 Resfam_ANT3          -            263  2.6e-165  553.4   1.2   1   1  7.8e-169  2.9e-165  553.2   1.2     1   263     1   263     1   263 1.00 -
YP_006966036.1       -            263 Resfam_ANT3          -            263  2.6e-165  553.4   1.2   1   1  7.8e-169  2.9e-165  553.2   1.2     1   263     1   263     1   263 1.00 -
YP_007316695.1       -            263 Resfam_ANT3          -            263  2.6e-165  553.4   1.2   1   1  7.8e-169  2.9e-165  553.2   1.2     1   263     1   263     1   263 1.00 -
YP_008167118.1       -            263 Resfam_ANT3          -            263  2.6e-165  553.4   1.2   1   1  7.8e-169  2.9e-165  553.2   1.2     1   263     1   263     1   263 1.00 -
NP_863002.1          -            263 Resfam_ANT3          -            263  2.7e-165  553.4   1.1   1   1  7.8e-169    3e-165  553.2   1.1     1   263     1   263     1   263 1.00 -
WP_001206316.1       -            263 Resfam_ANT3          -            263  2.7e-165  553.4   1.1   1   1  7.8e-169    3e-165  553.2   1.1     1   263     1   263     1   263 1.00 -
YP_001598137.1       -            263 Resfam_ANT3          -            263  2.7e-165  553.4   1.1   1   1  7.8e-169    3e-165  553.2   1.1     1   263     1   263     1   263 1.00 -
YP_003657320.1       -            263 Resfam_ANT3          -            263  2.7e-165  553.4   1.1   1   1  7.8e-169    3e-165  553.2   1.1     1   263     1   263     1   263 1.00 -
YP_003813049.1       -            263 Resfam_ANT3          -            263  2.7e-165  553.4   1.1   1   1  7.8e-169    3e-165  553.2   1.1     1   263     1   263     1   263 1.00 -
YP_003813062.1       -            263 Resfam_ANT3          -            263  2.7e-165  553.4   1.1   1   1  7.8e-169    3e-165  553.2   1.1     1   263     1   263     1   263 1.00 -
YP_006903505.1       -            263 Resfam_ANT3          -            263  2.7e-165  553.4   1.1   1   1  7.8e-169    3e-165  553.2   1.1     1   263     1   263     1   263 1.00 -
YP_006952405.1       -            263 Resfam_ANT3          -            263  2.7e-165  553.4   1.1   1   1  7.8e-169    3e-165  553.2   1.1     1   263     1   263     1   263 1.00 -
YP_008130451.1       -            263 Resfam_ANT3          -            263  2.7e-165  553.4   1.1   1   1  7.8e-169    3e-165  553.2   1.1     1   263     1   263     1   263 1.00 -
YP_009062571.1       -            263 Resfam_ANT3          -            263  2.7e-165  553.4   1.1   1   1  7.8e-169    3e-165  553.2   1.1     1   263     1   263     1   263 1.00 -
YP_009068492.1       -            263 Resfam_ANT3          -            263  2.7e-165  553.4   1.1   1   1  7.8e-169    3e-165  553.2   1.1     1   263     1   263     1   263 1.00 -
WP_088207274.1       -            271 Resfam_ANT3          -            263    3e-165  553.2   1.2   1   1  8.7e-169  3.3e-165  553.1   1.2     1   263     9   271     9   271 1.00 -
WP_024198294.1       -            263 Resfam_ANT3          -            263  3.4e-165  553.0   1.2   1   1  9.9e-169  3.7e-165  552.9   1.2     1   263     1   263     1   263 1.00 -
YP_009060116.1       -            263 Resfam_ANT3          -            263  3.4e-165  553.0   1.2   1   1  9.9e-169  3.7e-165  552.9   1.2     1   263     1   263     1   263 1.00 -
WP_015056580.1       -            284 Resfam_ANT3          -            263  3.5e-165  553.0   1.1   1   1  1.1e-168    4e-165  552.8   1.1     1   263    22   284    22   284 1.00 -
YP_006955545.1       -            284 Resfam_ANT3          -            263  3.5e-165  553.0   1.1   1   1  1.1e-168    4e-165  552.8   1.1     1   263    22   284    22   284 1.00 -
WP_001682441.1       -            263 Resfam_ANT3          -            263  3.9e-165  552.8   1.0   1   1  1.1e-168  4.4e-165  552.7   1.0     1   263     1   263     1   263 1.00 -
WP_024131607.1       -            263 Resfam_ANT3          -            263  4.7e-165  552.6   1.1   1   1  1.4e-168  5.2e-165  552.4   1.1     1   263     1   263     1   263 1.00 -
WP_000752528.1       -            313 Resfam_ANT3          -            263  4.9e-165  552.5   1.1   1   1  1.5e-168  5.7e-165  552.3   1.1     1   263    51   313    51   313 1.00 -
YP_006955300.1       -            313 Resfam_ANT3          -            263  4.9e-165  552.5   1.1   1   1  1.5e-168  5.7e-165  552.3   1.1     1   263    51   313    51   313 1.00 -
YP_006955463.1       -            313 Resfam_ANT3          -            263  4.9e-165  552.5   1.1   1   1  1.5e-168  5.7e-165  552.3   1.1     1   263    51   313    51   313 1.00 -
YP_006957207.1       -            313 Resfam_ANT3          -            263  4.9e-165  552.5   1.1   1   1  1.5e-168  5.7e-165  552.3   1.1     1   263    51   313    51   313 1.00 -
YP_009328494.1       -            313 Resfam_ANT3          -            263  4.9e-165  552.5   1.1   1   1  1.5e-168  5.7e-165  552.3   1.1     1   263    51   313    51   313 1.00 -
WP_032491824.1       -            263 Resfam_ANT3          -            263  4.9e-165  552.5   1.1   1   1  1.5e-168  5.5e-165  552.3   1.1     1   263     1   263     1   263 1.00 -
WP_001206317.1       -            263 Resfam_ANT3          -            263    5e-165  552.5   1.1   1   1  1.5e-168  5.6e-165  552.3   1.1     1   263     1   263     1   263 1.00 -
YP_001746868.1       -            263 Resfam_ANT3          -            263    5e-165  552.5   1.1   1   1  1.5e-168  5.6e-165  552.3   1.1     1   263     1   263     1   263 1.00 -
YP_002527543.1       -            263 Resfam_ANT3          -            263    5e-165  552.5   1.1   1   1  1.5e-168  5.6e-165  552.3   1.1     1   263     1   263     1   263 1.00 -
YP_003264405.1       -            263 Resfam_ANT3          -            263    5e-165  552.5   1.1   1   1  1.5e-168  5.6e-165  552.3   1.1     1   263     1   263     1   263 1.00 -
YP_006162240.1       -            263 Resfam_ANT3          -            263    5e-165  552.5   1.1   1   1  1.5e-168  5.6e-165  552.3   1.1     1   263     1   263     1   263 1.00 -
YP_006953610.1       -            263 Resfam_ANT3          -            263    5e-165  552.5   1.1   1   1  1.5e-168  5.6e-165  552.3   1.1     1   263     1   263     1   263 1.00 -
YP_006957931.1       -            263 Resfam_ANT3          -            263    5e-165  552.5   1.1   1   1  1.5e-168  5.6e-165  552.3   1.1     1   263     1   263     1   263 1.00 -
YP_006965576.1       -            263 Resfam_ANT3          -            263    5e-165  552.5   1.1   1   1  1.5e-168  5.6e-165  552.3   1.1     1   263     1   263     1   263 1.00 -
YP_007888630.1       -            263 Resfam_ANT3          -            263    5e-165  552.5   1.1   1   1  1.5e-168  5.6e-165  552.3   1.1     1   263     1   263     1   263 1.00 -
YP_008508477.1       -            263 Resfam_ANT3          -            263    5e-165  552.5   1.1   1   1  1.5e-168  5.6e-165  552.3   1.1     1   263     1   263     1   263 1.00 -
YP_008998376.1       -            263 Resfam_ANT3          -            263    5e-165  552.5   1.1   1   1  1.5e-168  5.6e-165  552.3   1.1     1   263     1   263     1   263 1.00 -
YP_009061437.1       -            263 Resfam_ANT3          -            263    5e-165  552.5   1.1   1   1  1.5e-168  5.6e-165  552.3   1.1     1   263     1   263     1   263 1.00 -
YP_009061694.1       -            263 Resfam_ANT3          -            263    5e-165  552.5   1.1   1   1  1.5e-168  5.6e-165  552.3   1.1     1   263     1   263     1   263 1.00 -
YP_009062580.1       -            263 Resfam_ANT3          -            263    5e-165  552.5   1.1   1   1  1.5e-168  5.6e-165  552.3   1.1     1   263     1   263     1   263 1.00 -
YP_009068294.1       -            263 Resfam_ANT3          -            263    5e-165  552.5   1.1   1   1  1.5e-168  5.6e-165  552.3   1.1     1   263     1   263     1   263 1.00 -
YP_009070796.1       -            263 Resfam_ANT3          -            263    5e-165  552.5   1.1   1   1  1.5e-168  5.6e-165  552.3   1.1     1   263     1   263     1   263 1.00 -
YP_009071809.1       -            263 Resfam_ANT3          -            263    5e-165  552.5   1.1   1   1  1.5e-168  5.6e-165  552.3   1.1     1   263     1   263     1   263 1.00 -
YP_009328656.1       -            263 Resfam_ANT3          -            263    5e-165  552.5   1.1   1   1  1.5e-168  5.6e-165  552.3   1.1     1   263     1   263     1   263 1.00 -
WP_063840441.1       -            263 Resfam_ANT3          -            263  5.3e-165  552.4   1.0   1   1  1.6e-168  5.9e-165  552.2   1.0     1   263     1   263     1   263 1.00 -
WP_032492580.1       -            263 Resfam_ANT3          -            263  5.9e-165  552.2   1.3   1   1  1.7e-168  6.6e-165  552.1   1.3     1   263     1   263     1   263 1.00 -
NP_052897.3          -            336 Resfam_ANT3          -            263  6.2e-165  552.2   1.1   1   1  1.9e-168  7.3e-165  551.9   1.1     1   263    74   336    74   336 1.00 -
WP_010891332.1       -            336 Resfam_ANT3          -            263  6.2e-165  552.2   1.1   1   1  1.9e-168  7.3e-165  551.9   1.1     1   263    74   336    74   336 1.00 -
YP_003864165.1       -            336 Resfam_ANT3          -            263  6.2e-165  552.2   1.1   1   1  1.9e-168  7.3e-165  551.9   1.1     1   263    74   336    74   336 1.00 -
WP_103660515.1       -            263 Resfam_ANT3          -            263  6.3e-165  552.1   1.0   1   1  1.9e-168    7e-165  552.0   1.0     1   263     1   263     1   263 1.00 -
WP_032490443.1       -            263 Resfam_ANT3          -            263  6.4e-165  552.1   1.4   1   1  1.9e-168  7.1e-165  552.0   1.4     1   263     1   263     1   263 1.00 -
WP_015058969.1       -            301 Resfam_ANT3          -            263  7.5e-165  551.9   1.1   1   1  2.3e-168  8.8e-165  551.7   1.1     1   263    39   301    39   301 1.00 -
YP_006952971.1       -            301 Resfam_ANT3          -            263  7.5e-165  551.9   1.1   1   1  2.3e-168  8.8e-165  551.7   1.1     1   263    39   301    39   301 1.00 -
WP_074014169.1       -            263 Resfam_ANT3          -            263  9.2e-165  551.6   0.8   1   1  2.7e-168    1e-164  551.5   0.8     1   263     1   263     1   263 1.00 -
WP_040120354.1       -            263 Resfam_ANT3          -            263  9.6e-165  551.5   0.9   1   1  2.8e-168  1.1e-164  551.4   0.9     1   263     1   263     1   263 1.00 -
WP_032489308.1       -            263 Resfam_ANT3          -            263    1e-164  551.5   1.0   1   1    3e-168  1.1e-164  551.3   1.0     1   263     1   263     1   263 1.00 -
WP_011872904.1       -            335 Resfam_ANT3          -            263  1.1e-164  551.4   1.1   1   1  3.4e-168  1.3e-164  551.1   1.1     1   263    73   335    73   335 1.00 -
YP_002894485.1       -            335 Resfam_ANT3          -            263  1.1e-164  551.4   1.1   1   1  3.4e-168  1.3e-164  551.1   1.1     1   263    73   335    73   335 1.00 -
WP_032490336.1       -            263 Resfam_ANT3          -            263  1.6e-164  550.8   0.8   1   1  4.6e-168  1.8e-164  550.7   0.8     1   263     1   263     1   263 1.00 -
NP_775045.1          -            263 Resfam_ANT3          -            263  1.6e-164  550.8   0.8   1   1  4.7e-168  1.8e-164  550.7   0.8     1   263     1   263     1   263 1.00 -
WP_001206356.1       -            263 Resfam_ANT3          -            263  1.6e-164  550.8   0.8   1   1  4.7e-168  1.8e-164  550.7   0.8     1   263     1   263     1   263 1.00 -
YP_001096356.1       -            263 Resfam_ANT3          -            263  1.6e-164  550.8   0.8   1   1  4.7e-168  1.8e-164  550.7   0.8     1   263     1   263     1   263 1.00 -
YP_001551924.2       -            263 Resfam_ANT3          -            263  1.6e-164  550.8   0.8   1   1  4.7e-168  1.8e-164  550.7   0.8     1   263     1   263     1   263 1.00 -
YP_001552090.1       -            263 Resfam_ANT3          -            263  1.6e-164  550.8   0.8   1   1  4.7e-168  1.8e-164  550.7   0.8     1   263     1   263     1   263 1.00 -
YP_003813041.1       -            263 Resfam_ANT3          -            263  1.6e-164  550.8   0.8   1   1  4.7e-168  1.8e-164  550.7   0.8     1   263     1   263     1   263 1.00 -
YP_004032858.1       -            263 Resfam_ANT3          -            263  1.6e-164  550.8   0.8   1   1  4.7e-168  1.8e-164  550.7   0.8     1   263     1   263     1   263 1.00 -
YP_005351439.1       -            263 Resfam_ANT3          -            263  1.6e-164  550.8   0.8   1   1  4.7e-168  1.8e-164  550.7   0.8     1   263     1   263     1   263 1.00 -
YP_006953618.1       -            263 Resfam_ANT3          -            263  1.6e-164  550.8   0.8   1   1  4.7e-168  1.8e-164  550.7   0.8     1   263     1   263     1   263 1.00 -
YP_006953869.1       -            263 Resfam_ANT3          -            263  1.6e-164  550.8   0.8   1   1  4.7e-168  1.8e-164  550.7   0.8     1   263     1   263     1   263 1.00 -
YP_006964886.1       -            263 Resfam_ANT3          -            263  1.6e-164  550.8   0.8   1   1  4.7e-168  1.8e-164  550.7   0.8     1   263     1   263     1   263 1.00 -
YP_006964898.1       -            263 Resfam_ANT3          -            263  1.6e-164  550.8   0.8   1   1  4.7e-168  1.8e-164  550.7   0.8     1   263     1   263     1   263 1.00 -
YP_006965589.1       -            263 Resfam_ANT3          -            263  1.6e-164  550.8   0.8   1   1  4.7e-168  1.8e-164  550.7   0.8     1   263     1   263     1   263 1.00 -
YP_007173665.1       -            263 Resfam_ANT3          -            263  1.6e-164  550.8   0.8   1   1  4.7e-168  1.8e-164  550.7   0.8     1   263     1   263     1   263 1.00 -
YP_007349539.1       -            263 Resfam_ANT3          -            263  1.6e-164  550.8   0.8   1   1  4.7e-168  1.8e-164  550.7   0.8     1   263     1   263     1   263 1.00 -
YP_007969564.1       -            263 Resfam_ANT3          -            263  1.6e-164  550.8   0.8   1   1  4.7e-168  1.8e-164  550.7   0.8     1   263     1   263     1   263 1.00 -
YP_008146260.1       -            263 Resfam_ANT3          -            263  1.6e-164  550.8   0.8   1   1  4.7e-168  1.8e-164  550.7   0.8     1   263     1   263     1   263 1.00 -
YP_009061087.1       -            263 Resfam_ANT3          -            263  1.6e-164  550.8   0.8   1   1  4.7e-168  1.8e-164  550.7   0.8     1   263     1   263     1   263 1.00 -
YP_009066446.1       -            263 Resfam_ANT3          -            263  1.6e-164  550.8   0.8   1   1  4.7e-168  1.8e-164  550.7   0.8     1   263     1   263     1   263 1.00 -
YP_724466.1          -            263 Resfam_ANT3          -            263  1.6e-164  550.8   0.8   1   1  4.7e-168  1.8e-164  550.7   0.8     1   263     1   263     1   263 1.00 -
YP_724469.1          -            263 Resfam_ANT3          -            263  1.6e-164  550.8   0.8   1   1  4.7e-168  1.8e-164  550.7   0.8     1   263     1   263     1   263 1.00 -
WP_012477385.1       -            272 Resfam_ANT3          -            263  1.8e-164  550.6   0.8   1   1  5.3e-168    2e-164  550.5   0.8     1   263    10   272    10   272 1.00 -
YP_001965793.1       -            272 Resfam_ANT3          -            263  1.8e-164  550.6   0.8   1   1  5.3e-168    2e-164  550.5   0.8     1   263    10   272    10   272 1.00 -
WP_065800310.1       -            263 Resfam_ANT3          -            263  1.9e-164  550.6   1.0   1   1  5.6e-168  2.1e-164  550.4   1.0     1   263     1   263     1   263 1.00 -
WP_071846235.1       -            263 Resfam_ANT3          -            263  2.3e-164  550.3   1.0   1   1  6.7e-168  2.5e-164  550.2   1.0     1   263     1   263     1   263 1.00 -
WP_094389648.1       -            263 Resfam_ANT3          -            263  2.3e-164  550.3   1.0   1   1  6.8e-168  2.6e-164  550.1   1.0     1   263     1   263     1   263 1.00 -
WP_031942898.1       -            263 Resfam_ANT3          -            263  2.3e-164  550.3   1.3   1   1  6.9e-168  2.6e-164  550.1   1.3     1   263     1   263     1   263 1.00 -
WP_032491959.1       -            263 Resfam_ANT3          -            263  2.6e-164  550.2   1.1   1   1  7.5e-168  2.9e-164  550.0   1.1     1   263     1   263     1   263 1.00 -
WP_022635574.1       -            335 Resfam_ANT3          -            263  3.6e-164  549.6   0.8   1   1  1.1e-167  4.3e-164  549.4   0.8     1   263    73   335    73   335 1.00 -
YP_009023529.1       -            335 Resfam_ANT3          -            263  3.6e-164  549.6   0.8   1   1  1.1e-167  4.3e-164  549.4   0.8     1   263    73   335    73   335 1.00 -
WP_071846246.1       -            263 Resfam_ANT3          -            263  3.7e-164  549.6   0.9   1   1  1.1e-167  4.1e-164  549.5   0.9     1   263     1   263     1   263 1.00 -
WP_001261740.1       -            263 Resfam_ANT3          -            263  4.1e-164  549.5   0.9   1   1  1.2e-167  4.5e-164  549.3   0.9     1   263     1   263     1   263 1.00 -
YP_001598139.2       -            263 Resfam_ANT3          -            263  4.1e-164  549.5   0.9   1   1  1.2e-167  4.5e-164  549.3   0.9     1   263     1   263     1   263 1.00 -
YP_001966864.1       -            263 Resfam_ANT3          -            263  4.1e-164  549.5   0.9   1   1  1.2e-167  4.5e-164  549.3   0.9     1   263     1   263     1   263 1.00 -
YP_004558215.1       -            263 Resfam_ANT3          -            263  4.1e-164  549.5   0.9   1   1  1.2e-167  4.5e-164  549.3   0.9     1   263     1   263     1   263 1.00 -
YP_067854.1          -            263 Resfam_ANT3          -            263  4.1e-164  549.5   0.9   1   1  1.2e-167  4.5e-164  549.3   0.9     1   263     1   263     1   263 1.00 -
WP_001354010.1       -            267 Resfam_ANT3          -            263  4.3e-164  549.4   0.9   1   1  1.3e-167  4.8e-164  549.3   0.9     1   263     5   267     5   267 1.00 -
YP_006903507.1       -            267 Resfam_ANT3          -            263  4.3e-164  549.4   0.9   1   1  1.3e-167  4.8e-164  549.3   0.9     1   263     5   267     5   267 1.00 -
WP_071940813.1       -            263 Resfam_ANT3          -            263  4.7e-164  549.3   1.3   1   1  1.4e-167  5.3e-164  549.1   1.3     1   263     1   263     1   263 1.00 -
WP_032492486.1       -            263 Resfam_ANT3          -            263  6.1e-164  548.9   1.2   1   1  1.8e-167  6.8e-164  548.8   1.2     1   263     1   263     1   263 1.00 -
WP_095866699.1       -            263 Resfam_ANT3          -            263  8.1e-164  548.5   0.8   1   1  2.4e-167    9e-164  548.4   0.8     1   263     1   263     1   263 1.00 -
WP_001297038.1       -            335 Resfam_ANT3          -            263  9.3e-164  548.3   0.9   1   1  2.9e-167  1.1e-163  548.1   0.9     1   263    73   335    73   335 1.00 -
YP_006902981.1       -            335 Resfam_ANT3          -            263  9.3e-164  548.3   0.9   1   1  2.9e-167  1.1e-163  548.1   0.9     1   263    73   335    73   335 1.00 -
WP_032491964.1       -            263 Resfam_ANT3          -            263  1.1e-163  548.1   0.7   1   1  3.3e-167  1.2e-163  547.9   0.7     1   263     1   263     1   263 1.00 -
WP_031306504.1       -            263 Resfam_ANT3          -            263  1.3e-163  547.8   0.9   1   1  3.9e-167  1.5e-163  547.6   0.9     1   263     1   263     1   263 1.00 -
WP_032490451.1       -            263 Resfam_ANT3          -            263  1.5e-163  547.7   0.7   1   1  4.3e-167  1.6e-163  547.5   0.7     1   263     1   263     1   263 1.00 -
WP_001360292.1       -            259 Resfam_ANT3          -            263  2.1e-163  547.2   1.0   1   1  6.2e-167  2.3e-163  547.0   1.0     5   263     1   259     1   259 1.00 -
YP_001096413.3       -            259 Resfam_ANT3          -            263  2.1e-163  547.2   1.0   1   1  6.2e-167  2.3e-163  547.0   1.0     5   263     1   259     1   259 1.00 -
YP_009061971.1       -            259 Resfam_ANT3          -            263  2.1e-163  547.2   1.0   1   1  6.2e-167  2.3e-163  547.0   1.0     5   263     1   259     1   259 1.00 -
WP_015059406.1       -            301 Resfam_ANT3          -            263  2.2e-163  547.1   0.9   1   1  6.6e-167  2.5e-163  546.9   0.9     1   263    39   301    39   301 1.00 -
YP_006955145.1       -            301 Resfam_ANT3          -            263  2.2e-163  547.1   0.9   1   1  6.6e-167  2.5e-163  546.9   0.9     1   263    39   301    39   301 1.00 -
WP_011222095.1       -            263 Resfam_ANT3          -            263  2.2e-163  547.1   0.8   1   1  6.5e-167  2.4e-163  546.9   0.8     1   263     1   263     1   263 1.00 -
WP_032490440.1       -            263 Resfam_ANT3          -            263  2.3e-163  547.0   1.2   1   1  6.7e-167  2.5e-163  546.9   1.2     1   263     1   263     1   263 1.00 -
NP_065311.1          -            262 Resfam_ANT3          -            263  2.7e-163  546.8   1.1   1   1  7.9e-167    3e-163  546.7   1.1     1   263     1   262     1   262 0.99 -
WP_001206315.1       -            262 Resfam_ANT3          -            263  2.7e-163  546.8   1.1   1   1  7.9e-167    3e-163  546.7   1.1     1   263     1   262     1   262 0.99 -
YP_001928077.1       -            262 Resfam_ANT3          -            263  2.7e-163  546.8   1.1   1   1  7.9e-167    3e-163  546.7   1.1     1   263     1   262     1   262 0.99 -
YP_001928080.1       -            262 Resfam_ANT3          -            263  2.7e-163  546.8   1.1   1   1  7.9e-167    3e-163  546.7   1.1     1   263     1   262     1   262 0.99 -
YP_002286968.1       -            262 Resfam_ANT3          -            263  2.7e-163  546.8   1.1   1   1  7.9e-167    3e-163  546.7   1.1     1   263     1   262     1   262 0.99 -
YP_004455305.1       -            262 Resfam_ANT3          -            263  2.7e-163  546.8   1.1   1   1  7.9e-167    3e-163  546.7   1.1     1   263     1   262     1   262 0.99 -
YP_007878589.1       -            262 Resfam_ANT3          -            263  2.7e-163  546.8   1.1   1   1  7.9e-167    3e-163  546.7   1.1     1   263     1   262     1   262 0.99 -
YP_009071733.1       -            262 Resfam_ANT3          -            263  2.7e-163  546.8   1.1   1   1  7.9e-167    3e-163  546.7   1.1     1   263     1   262     1   262 0.99 -
YP_758708.1          -            262 Resfam_ANT3          -            263  2.7e-163  546.8   1.1   1   1  7.9e-167    3e-163  546.7   1.1     1   263     1   262     1   262 0.99 -
WP_015059048.1       -            263 Resfam_ANT3          -            263  3.4e-163  546.5   0.9   1   1    1e-166  3.8e-163  546.3   0.9     1   263     1   263     1   263 1.00 -
YP_006953625.1       -            263 Resfam_ANT3          -            263  3.4e-163  546.5   0.9   1   1    1e-166  3.8e-163  546.3   0.9     1   263     1   263     1   263 1.00 -
NP_608308.1          -            262 Resfam_ANT3          -            263  6.3e-163  545.6   1.1   1   1  1.9e-166  7.1e-163  545.4   1.1     1   263     1   262     1   262 0.99 -
WP_011018350.1       -            262 Resfam_ANT3          -            263  6.3e-163  545.6   1.1   1   1  1.9e-166  7.1e-163  545.4   1.1     1   263     1   262     1   262 0.99 -
NP_862306.3          -            259 Resfam_ANT3          -            263  1.3e-162  544.6   0.7   1   1  3.7e-166  1.4e-162  544.4   0.7     5   263     1   259     1   259 1.00 -
WP_000151233.1       -            259 Resfam_ANT3          -            263  1.3e-162  544.6   0.7   1   1  3.7e-166  1.4e-162  544.4   0.7     5   263     1   259     1   259 1.00 -
YP_005221017.1       -            259 Resfam_ANT3          -            263  1.3e-162  544.6   0.7   1   1  3.7e-166  1.4e-162  544.4   0.7     5   263     1   259     1   259 1.00 -
YP_006939955.1       -            259 Resfam_ANT3          -            263  1.3e-162  544.6   0.7   1   1  3.7e-166  1.4e-162  544.4   0.7     5   263     1   259     1   259 1.00 -
NP_511224.1          -            263 Resfam_ANT3          -            263  1.8e-162  544.1   1.2   1   1  5.4e-166  2.1e-162  543.9   1.2     1   263     1   263     1   263 1.00 -
WP_010999968.1       -            263 Resfam_ANT3          -            263  1.8e-162  544.1   1.2   1   1  5.4e-166  2.1e-162  543.9   1.2     1   263     1   263     1   263 1.00 -
WP_047715652.1       -            263 Resfam_ANT3          -            263  4.8e-162  542.7   1.5   1   1  1.4e-165  5.4e-162  542.5   1.5     1   263     1   263     1   263 1.00 -
WP_070180853.1       -            262 Resfam_ANT3          -            263    5e-162  542.6   1.0   1   1  1.5e-165  5.6e-162  542.5   1.0     1   263     1   262     1   262 0.99 -
WP_005119303.1       -            258 Resfam_ANT3          -            263  2.1e-161  540.6   1.0   1   1  6.3e-165  2.4e-161  540.4   1.0     5   263     1   258     1   258 0.99 -
YP_008603396.1       -            258 Resfam_ANT3          -            263  2.1e-161  540.6   1.0   1   1  6.3e-165  2.4e-161  540.4   1.0     5   263     1   258     1   258 0.99 -
YP_009067786.1       -            258 Resfam_ANT3          -            263  2.1e-161  540.6   1.0   1   1  6.3e-165  2.4e-161  540.4   1.0     5   263     1   258     1   258 0.99 -
WP_015060501.1       -            258 Resfam_ANT3          -            263  7.8e-161  538.7   1.0   1   1  2.3e-164  8.7e-161  538.6   1.0     5   263     1   258     1   258 0.99 -
YP_006961169.1       -            258 Resfam_ANT3          -            263  7.8e-161  538.7   1.0   1   1  2.3e-164  8.7e-161  538.6   1.0     5   263     1   258     1   258 0.99 -
WP_011600630.1       -            263 Resfam_ANT3          -            263  5.2e-159  532.8   0.8   1   1  1.5e-162  5.8e-159  532.6   0.8     1   263     1   263     1   263 1.00 -
WP_044067522.1       -            263 Resfam_ANT3          -            263  1.3e-158  531.5   1.0   1   1  3.7e-162  1.4e-158  531.3   1.0     1   263     1   263     1   263 1.00 -
WP_012728223.1       -            280 Resfam_ANT3          -            263  1.6e-158  531.2   1.0   1   1  4.7e-162  1.8e-158  531.0   1.0     1   263    18   280    18   280 1.00 -
YP_002891157.1       -            280 Resfam_ANT3          -            263  1.6e-158  531.2   1.0   1   1  4.7e-162  1.8e-158  531.0   1.0     1   263    18   280    18   280 1.00 -
WP_001424636.1       -            265 Resfam_ANT3          -            263  8.7e-156  522.2   0.9   1   1  2.6e-159  9.8e-156  522.0   0.9     1   262     1   262     1   263 1.00 -
WP_012414180.1       -            265 Resfam_ANT3          -            263  6.3e-155  519.4   0.9   1   1  1.9e-158  7.1e-155  519.2   0.9     1   262     1   262     1   263 1.00 -
YP_001874900.1       -            265 Resfam_ANT3          -            263  6.3e-155  519.4   0.9   1   1  1.9e-158  7.1e-155  519.2   0.9     1   262     1   262     1   263 1.00 -
WP_025991879.1       -            277 Resfam_ANT3          -            263  8.8e-153  512.3   0.3   1   1  2.6e-156  9.9e-153  512.2   0.3     1   262     1   262     1   263 1.00 -
WP_040110410.1       -            281 Resfam_ANT3          -            263  5.4e-152  509.7   0.4   1   1  1.6e-155  6.2e-152  509.6   0.4     1   262     1   262     1   263 0.99 -
WP_021529708.1       -            277 Resfam_ANT3          -            263  3.2e-148  497.4   0.7   1   1  9.4e-152  3.6e-148  497.2   0.7     1   262     1   262     1   263 0.99 -
WP_024250748.1       -            252 Resfam_ANT3          -            263  3.5e-148  497.2   1.6   1   1  1.1e-151    4e-148  497.1   1.6     1   239     1   239     1   248 0.98 -
WP_096862041.1       -            279 Resfam_ANT3          -            263  5.1e-148  496.7   0.6   1   1  1.5e-151  5.8e-148  496.5   0.6     1   262     1   262     1   263 0.99 -
WP_045898630.1       -            281 Resfam_ANT3          -            263  2.7e-147  494.3   0.3   1   1  8.1e-151  3.1e-147  494.2   0.3     1   262     1   262     1   263 0.99 -
WP_080292073.1       -            275 Resfam_ANT3          -            263  3.1e-146  490.9   0.4   1   1  9.3e-150  3.5e-146  490.7   0.4     1   262     1   262     1   263 0.99 -
WP_001749984.1       -            281 Resfam_ANT3          -            263  3.4e-146  490.7   0.4   1   1    1e-149  3.8e-146  490.6   0.4     1   262     1   262     1   263 0.99 -
WP_032492255.1       -            281 Resfam_ANT3          -            263  2.8e-144  484.4   0.4   1   1  8.4e-148  3.2e-144  484.3   0.4     1   262     1   262     1   263 0.99 -
WP_032420064.1       -            281 Resfam_ANT3          -            263  3.2e-143  481.0   0.3   1   1  9.5e-147  3.6e-143  480.8   0.3     1   262     1   262     1   263 0.99 -
WP_000503573.1       -            262 Resfam_ANT3          -            263  9.2e-142  476.2   0.1   1   1  2.7e-145    1e-141  476.1   0.1     1   262     1   262     1   262 0.99 -
YP_001816600.1       -            262 Resfam_ANT3          -            263  9.2e-142  476.2   0.1   1   1  2.7e-145    1e-141  476.1   0.1     1   262     1   262     1   262 0.99 -
YP_003108350.1       -            262 Resfam_ANT3          -            263  9.2e-142  476.2   0.1   1   1  2.7e-145    1e-141  476.1   0.1     1   262     1   262     1   262 0.99 -
YP_003517587.1       -            262 Resfam_ANT3          -            263  9.2e-142  476.2   0.1   1   1  2.7e-145    1e-141  476.1   0.1     1   262     1   262     1   262 0.99 -
YP_003937679.1       -            262 Resfam_ANT3          -            263  9.2e-142  476.2   0.1   1   1  2.7e-145    1e-141  476.1   0.1     1   262     1   262     1   262 0.99 -
YP_008999099.1       -            262 Resfam_ANT3          -            263  9.2e-142  476.2   0.1   1   1  2.7e-145    1e-141  476.1   0.1     1   262     1   262     1   262 0.99 -
YP_009061546.1       -            262 Resfam_ANT3          -            263  9.2e-142  476.2   0.1   1   1  2.7e-145    1e-141  476.1   0.1     1   262     1   262     1   262 0.99 -
YP_009068730.1       -            262 Resfam_ANT3          -            263  9.2e-142  476.2   0.1   1   1  2.7e-145    1e-141  476.1   0.1     1   262     1   262     1   262 0.99 -
YP_009068856.1       -            262 Resfam_ANT3          -            263  9.2e-142  476.2   0.1   1   1  2.7e-145    1e-141  476.1   0.1     1   262     1   262     1   262 0.99 -
YP_009069124.1       -            262 Resfam_ANT3          -            263  9.2e-142  476.2   0.1   1   1  2.7e-145    1e-141  476.1   0.1     1   262     1   262     1   262 0.99 -
YP_009070862.1       -            262 Resfam_ANT3          -            263  9.2e-142  476.2   0.1   1   1  2.7e-145    1e-141  476.1   0.1     1   262     1   262     1   262 0.99 -
YP_190214.1          -            262 Resfam_ANT3          -            263  9.2e-142  476.2   0.1   1   1  2.7e-145    1e-141  476.1   0.1     1   262     1   262     1   262 0.99 -
YP_245440.1          -            262 Resfam_ANT3          -            263  9.2e-142  476.2   0.1   1   1  2.7e-145    1e-141  476.1   0.1     1   262     1   262     1   262 0.99 -
WP_032490444.1       -            262 Resfam_ANT3          -            263  4.2e-141  474.0   0.2   1   1  1.2e-144  4.7e-141  473.9   0.2     1   262     1   262     1   262 0.99 -
WP_011342946.1       -            262 Resfam_ANT3          -            263  4.5e-141  474.0   0.1   1   1  1.3e-144    5e-141  473.8   0.1     1   262     1   262     1   262 0.99 -
WP_001436322.1       -            265 Resfam_ANT3          -            263  5.4e-141  473.7   1.3   1   1  1.6e-144  6.1e-141  473.5   1.3     1   262     1   262     1   263 0.99 -
WP_070180827.1       -            210 Resfam_ANT3          -            263  1.5e-132  446.1   0.8   1   1  4.3e-136  1.6e-132  445.9   0.8     1   210     1   210     1   210 1.00 -
NP_478099.1          -            278 Resfam_ANT3          -            263  2.5e-125  422.3   0.3   1   1  7.6e-129  2.9e-125  422.1   0.3     1   261     1   261     1   263 0.98 -
WP_010991842.1       -            278 Resfam_ANT3          -            263  2.5e-125  422.3   0.3   1   1  7.6e-129  2.9e-125  422.1   0.3     1   261     1   261     1   263 0.98 -
YP_001096205.2       -            278 Resfam_ANT3          -            263  2.5e-125  422.3   0.3   1   1  7.6e-129  2.9e-125  422.1   0.3     1   261     1   261     1   263 0.98 -
WP_032444204.1       -            191 Resfam_ANT3          -            263  2.1e-121  409.5   0.7   1   1  6.1e-125  2.3e-121  409.3   0.7    73   263     1   191     1   191 0.99 -
WP_024940902.1       -            193 Resfam_ANT3          -            263  2.2e-121  409.4   0.5   1   1  6.5e-125  2.4e-121  409.3   0.5    71   263     1   193     1   193 0.99 -
WP_057109154.1       -            192 Resfam_ANT3          -            263  2.7e-121  409.1   0.5   1   1    8e-125    3e-121  409.0   0.5     5   196     1   192     1   192 1.00 -
WP_032443296.1       -            190 Resfam_ANT3          -            263  5.4e-121  408.1   0.8   1   1  1.6e-124  5.9e-121  408.0   0.8    74   263     1   190     1   190 1.00 -
WP_083028657.1       -            191 Resfam_ANT3          -            263  2.1e-120  406.2   0.5   1   1  6.1e-124  2.3e-120  406.1   0.5    73   263     1   191     1   191 0.99 -
WP_094963268.1       -            262 Resfam_ANT3          -            263    5e-107  362.4   0.5   1   1  1.4e-110  5.4e-107  362.2   0.5     2   259     2   259     1   262 0.98 -
WP_011264082.1       -            261 Resfam_ANT3          -            263  5.4e-103  349.1   1.5   1   1  1.5e-106  5.8e-103  349.0   1.5     6   258     6   257     1   261 0.96 -
YP_209623.1          -            261 Resfam_ANT3          -            263  5.4e-103  349.1   1.5   1   1  1.5e-106  5.8e-103  349.0   1.5     6   258     6   257     1   261 0.96 -
WP_088523884.1       -            262 Resfam_ANT3          -            263   3.8e-75  257.8   0.0   1   1   1.2e-78   4.5e-75  257.6   0.0     6   257     6   257     1   261 0.97 -
WP_077143831.1       -            119 Resfam_ANT3          -            263   7.2e-70  240.5   0.1   1   1   2.1e-73   7.9e-70  240.4   0.1   145   263     1   119     1   119 0.99 -
WP_072158611.1       -            119 Resfam_ANT3          -            263     9e-70  240.2   0.1   1   1   2.6e-73   9.8e-70  240.1   0.1   145   263     1   119     1   119 0.99 -
WP_002294509.1       -            269 Resfam_ANT3          -            263   3.8e-64  221.8   0.0   1   1   1.2e-67   4.6e-64  221.5   0.0    11   261    12   260     4   262 0.96 -
NP_899171.1          -            260 Resfam_ANT3          -            263     4e-61  211.9   0.0   1   1   1.2e-64   4.4e-61  211.7   0.0     1   260     1   258     1   260 0.97 -
WP_000067268.1       -            260 Resfam_ANT3          -            263     4e-61  211.9   0.0   1   1   1.2e-64   4.4e-61  211.7   0.0     1   260     1   258     1   260 0.97 -
YP_008119852.1       -            260 Resfam_ANT3          -            263     4e-61  211.9   0.0   1   1   1.2e-64   4.4e-61  211.7   0.0     1   260     1   258     1   260 0.97 -
WP_002578722.1       -            258 Resfam_ANT3          -            263   8.7e-58  200.9   0.0   1   1   2.5e-61   9.6e-58  200.8   0.0     8   262     5   256     1   257 0.96 -
WP_095339939.1       -            239 Resfam_ANT3          -            263   1.9e-57  199.8   0.0   1   1   5.8e-61   2.2e-57  199.6   0.0     1   238     1   236     1   238 0.96 -
WP_050041693.1       -            262 Resfam_ANT3          -            263   3.3e-56  195.8   0.1   1   1     1e-59   3.9e-56  195.5   0.1    12   257     6   250     2   256 0.93 -
WP_051140005.1       -            270 Resfam_ANT3          -            263     2e-55  193.2   0.0   1   1   6.6e-59   2.5e-55  192.9   0.0    12   257    14   260     9   265 0.94 -
WP_031786870.1       -            217 Resfam_ANT3          -            263   1.3e-53  187.2   0.0   1   1   3.8e-57   1.4e-53  187.1   0.0     1   218     1   216     1   217 0.96 -
WP_105329841.1       -            106 Resfam_ANT3          -            263   3.2e-50  176.1   1.5   1   1   9.7e-54   3.7e-50  175.9   1.5     1    97     1    97     1   103 0.98 -
WP_095448858.1       -            273 Resfam_ANT3          -            263   1.2e-47  167.6   0.1   1   1   4.2e-51   1.6e-47  167.3   0.1     7   236     8   236     2   253 0.94 -
WP_015241787.1       -            258 Resfam_ANT3          -            263   4.1e-47  165.9   0.1   1   1   1.3e-50   4.9e-47  165.7   0.1    15   257    13   254     4   258 0.93 -
WP_088202581.1       -            258 Resfam_ANT3          -            263   4.3e-47  165.9   0.1   1   1   1.3e-50   5.1e-47  165.6   0.1    15   256    13   253     4   258 0.93 -
WP_027988983.1       -            258 Resfam_ANT3          -            263   5.4e-47  165.5   0.1   1   1   1.7e-50   6.4e-47  165.3   0.1    15   257    13   254     4   258 0.93 -
WP_026030624.1       -            258 Resfam_ANT3          -            263   8.9e-47  164.8   0.1   1   1   2.8e-50   1.1e-46  164.6   0.1    15   257    13   254     4   258 0.93 -
WP_088200197.1       -            258 Resfam_ANT3          -            263     1e-46  164.7   0.2   1   1   3.2e-50   1.2e-46  164.4   0.2    15   257    13   254     4   258 0.92 -
WP_088203406.1       -            258 Resfam_ANT3          -            263   1.5e-46  164.1   0.2   1   1   4.6e-50   1.7e-46  163.9   0.2    15   257    13   254     3   258 0.92 -
WP_088201575.1       -            258 Resfam_ANT3          -            263   1.8e-46  163.8   0.1   1   1   5.6e-50   2.1e-46  163.6   0.1    15   257    13   254     4   258 0.91 -
WP_014530908.1       -            258 Resfam_ANT3          -            263   1.8e-46  163.8   0.2   1   1   5.7e-50   2.2e-46  163.6   0.2    15   257    13   254     4   258 0.92 -
WP_088197739.1       -            258 Resfam_ANT3          -            263   2.6e-46  163.3   0.1   1   1     8e-50     3e-46  163.1   0.1    15   257    13   254     3   258 0.93 -
WP_059255643.1       -            275 Resfam_ANT3          -            263   2.7e-46  163.2   0.0   1   1     9e-50   3.4e-46  162.9   0.0    10   261     8   257     3   259 0.92 -
WP_095919211.1       -            258 Resfam_ANT3          -            263   4.4e-46  162.6   0.2   1   1   1.3e-49   5.1e-46  162.4   0.2    15   257    13   254     3   258 0.93 -
WP_011212547.1       -            273 Resfam_ANT3          -            263   5.3e-46  162.3   0.0   1   1   1.7e-49   6.6e-46  162.0   0.0     8   237     6   234     2   258 0.91 -
WP_014528107.1       -            258 Resfam_ANT3          -            263   5.6e-46  162.2   0.1   1   1   1.8e-49   6.6e-46  162.0   0.1    15   257    13   254     4   258 0.93 -
WP_010655395.1       -            273 Resfam_ANT3          -            263     1e-44  158.1   0.0   1   1   3.5e-48   1.3e-44  157.7   0.0     8   237     6   234     2   256 0.91 -
WP_011970679.1       -            260 Resfam_ANT3          -            263   1.8e-43  154.0   0.0   1   1   5.4e-47   2.1e-43  153.8   0.0     8   244     8   243     1   259 0.92 -
YP_001314504.1       -            260 Resfam_ANT3          -            263   1.8e-43  154.0   0.0   1   1   5.4e-47   2.1e-43  153.8   0.0     8   244     8   243     1   259 0.92 -
WP_041530720.1       -            261 Resfam_ANT3          -            263     2e-39  140.8   0.1   1   1   6.5e-43   2.5e-39  140.4   0.1     9   238     7   235     2   252 0.94 -
WP_086890296.1       -            128 Resfam_ANT3          -            263   1.4e-35  128.1   0.7   1   1   4.8e-39   1.8e-35  127.8   0.7     1    74     1    74     1    81 0.98 -
WP_021285909.1       -            257 Resfam_ANT3          -            263   3.6e-34  123.5   0.0   1   1   1.2e-37   4.6e-34  123.2   0.0    11   217     6   211     2   237 0.93 -
YP_008997854.1       -            257 Resfam_ANT3          -            263   3.6e-34  123.5   0.0   1   1   1.2e-37   4.6e-34  123.2   0.0    11   217     6   211     2   237 0.93 -
YP_009000614.1       -            257 Resfam_ANT3          -            263   3.6e-34  123.5   0.0   1   1   1.2e-37   4.6e-34  123.2   0.0    11   217     6   211     2   237 0.93 -
WP_098700855.1       -            273 Resfam_ANT3          -            263   2.2e-29  107.8   1.2   1   1   7.2e-33   2.7e-29  107.5   1.2    27   246    32   258    10   271 0.86 -
NP_436492.1          -            179 Resfam_ANT3          -            263     6e-26   96.5   0.1   1   1     2e-29   7.6e-26   96.2   0.1    16   172    14   171     4   176 0.94 -
WP_010968189.1       -            179 Resfam_ANT3          -            263     6e-26   96.5   0.1   1   1     2e-29   7.6e-26   96.2   0.1    16   172    14   171     4   176 0.94 -
WP_080606041.1       -            189 Resfam_ANT3          -            263     7e-26   96.3   0.1   1   1   2.4e-29     9e-26   96.0   0.1    16   172    24   181    13   186 0.94 -
#
# Program:         hmmsearch
# Version:         3.1b2 (February 2015)
# Pipeline mode:   SEARCH
# Query file:      /mnt/research/ShadeLab/Dunivin/gene_targeted_assembly/RDPTools/Xander_assembler/gene_resource/ANT3/originaldata/ANT3.hmm
# Target file:     /mnt/research/ShadeLab/Dunivin/hmmsearch/refseq/protein_files/plasmid.protein.fa
# Option settings: /opt/software/HMMER/3.1b2--GCC-4.8.3/bin/hmmsearch -o /mnt/research/ShadeLab/Dunivin/hmmsearch/refseq/hmm_outputs/ANT3.plasmid.protein.fa.stdout.txt -A /mnt/research/ShadeLab/Dunivin/hmmsearch/refseq/hmm_outputs/ANT3.plasmid.protein.fa.alignment.0.0000000001.txt --domtblout /mnt/research/ShadeLab/Dunivin/hmmsearch/refseq/hmm_outputs/ANT3.plasmid.protein.fa.0.0000000001.tbl.txt -E 0.0000000001 --cpu 8 /mnt/research/ShadeLab/Dunivin/gene_targeted_assembly/RDPTools/Xander_assembler/gene_resource/ANT3/originaldata/ANT3.hmm /mnt/research/ShadeLab/Dunivin/hmmsearch/refseq/protein_files/plasmid.protein.fa 
# Current dir:     /mnt/research/ShadeLab/Dunivin/hmmsearch/bin
# Date:            Wed Jul 25 14:06:49 2018
# [ok]
