#                                                                            --- full sequence --- -------------- this domain -------------   hmm coord   ali coord   env coord
# target name        accession   tlen query name           accession   qlen   E-value  score  bias   #  of  c-Evalue  i-Evalue  score  bias  from    to  from    to  from    to  acc description of target
#------------------- ---------- ----- -------------------- ---------- ----- --------- ------ ----- --- --- --------- --------- ------ ----- ----- ----- ----- ----- ----- ----- ---- ---------------------
WP_001255868.1       -            288 Resfam_ANT6          -            288  1.1e-183  614.4  12.3   1   1    9e-188  1.2e-183  614.3  12.3     1   288     1   288     1   288 1.00 -
YP_001965484.1       -            288 Resfam_ANT6          -            288  1.1e-183  614.4  12.3   1   1    9e-188  1.2e-183  614.3  12.3     1   288     1   288     1   288 1.00 -
NP_863159.1          -            302 Resfam_ANT6          -            288    5e-169  566.3   9.8   1   1    4e-173  5.5e-169  566.2   9.8     1   282     1   282     1   301 0.97 -
WP_001255866.1       -            302 Resfam_ANT6          -            288    5e-169  566.3   9.8   1   1    4e-173  5.5e-169  566.2   9.8     1   282     1   282     1   301 0.97 -
YP_004172625.1       -            302 Resfam_ANT6          -            288    5e-169  566.3   9.8   1   1    4e-173  5.5e-169  566.2   9.8     1   282     1   282     1   301 0.97 -
YP_006377405.1       -            302 Resfam_ANT6          -            288    5e-169  566.3   9.8   1   1    4e-173  5.5e-169  566.2   9.8     1   282     1   282     1   301 0.97 -
YP_007908273.1       -            302 Resfam_ANT6          -            288    5e-169  566.3   9.8   1   1    4e-173  5.5e-169  566.2   9.8     1   282     1   282     1   301 0.97 -
YP_783928.1          -            302 Resfam_ANT6          -            288    5e-169  566.3   9.8   1   1    4e-173  5.5e-169  566.2   9.8     1   282     1   282     1   301 0.97 -
WP_032491779.1       -            302 Resfam_ANT6          -            288  2.8e-167  560.6   9.5   1   1  2.2e-171  3.1e-167  560.5   9.5     1   282     1   282     1   301 0.97 -
WP_044384724.1       -            296 Resfam_ANT6          -            288  7.7e-166  555.9   9.5   1   1  6.2e-170  8.5e-166  555.7   9.5     8   282     2   276     1   295 0.97 -
WP_002349868.1       -            286 Resfam_ANT6          -            288  9.7e-163  545.7   9.2   1   1  7.8e-167  1.1e-162  545.6   9.2    18   282     2   266     1   285 0.97 -
WP_002322431.1       -            279 Resfam_ANT6          -            288  9.9e-160  535.8   8.8   1   1  7.9e-164  1.1e-159  535.7   8.8    24   282     1   259     1   278 0.97 -
WP_002294505.1       -            287 Resfam_ANT6          -            288  7.1e-159  533.0  14.1   1   1  6.2e-163  8.5e-159  532.7  14.1     1   284     1   284     1   286 0.99 -
YP_008997281.1       -            287 Resfam_ANT6          -            288  7.1e-159  533.0  14.1   1   1  6.2e-163  8.5e-159  532.7  14.1     1   284     1   284     1   286 0.99 -
WP_001243407.1       -            286 Resfam_ANT6          -            288  1.3e-112  381.2  11.5   1   1    1e-116  1.4e-112  381.0  11.5     1   282     1   284     1   286 0.98 -
WP_001243408.1       -            286 Resfam_ANT6          -            288  1.9e-111  377.4  12.0   1   1  1.5e-115  2.1e-111  377.2  12.0     1   282     1   284     1   286 0.98 -
NP_976271.1          -            282 Resfam_ANT6          -            288  1.1e-107  365.0  13.4   1   1  8.9e-112  1.2e-107  364.9  13.4     1   279     1   281     1   282 0.98 -
WP_001258486.1       -            282 Resfam_ANT6          -            288  1.1e-107  365.0  13.4   1   1  8.9e-112  1.2e-107  364.9  13.4     1   279     1   281     1   282 0.98 -
WP_010711054.1       -            282 Resfam_ANT6          -            288  2.8e-107  363.7  13.4   1   1  2.3e-111  3.1e-107  363.5  13.4     1   279     1   281     1   282 0.98 -
YP_001429534.1       -            282 Resfam_ANT6          -            288  2.8e-107  363.7  13.4   1   1  2.3e-111  3.1e-107  363.5  13.4     1   279     1   281     1   282 0.98 -
WP_015382133.1       -            292 Resfam_ANT6          -            288  3.9e-107  363.2  13.7   1   1  3.2e-111  4.4e-107  363.0  13.7     1   279    11   291    11   292 0.98 -
YP_007419103.1       -            292 Resfam_ANT6          -            288  3.9e-107  363.2  13.7   1   1  3.2e-111  4.4e-107  363.0  13.7     1   279    11   291    11   292 0.98 -
WP_107131212.1       -            198 Resfam_ANT6          -            288   3.7e-86  294.3   4.2   1   1   3.1e-90   4.2e-86  294.2   4.2   135   282    29   178    15   197 0.91 -
WP_074485858.1       -            201 Resfam_ANT6          -            288   3.9e-86  294.3   4.2   1   1   3.3e-90   4.5e-86  294.1   4.2   135   282    32   181    18   200 0.91 -
WP_011799054.1       -            188 Resfam_ANT6          -            288   1.1e-74  256.8   6.3   1   1   8.5e-79   1.2e-74  256.6   6.3     1   185     1   187     1   188 0.98 -
YP_976073.1          -            188 Resfam_ANT6          -            288   1.1e-74  256.8   6.3   1   1   8.5e-79   1.2e-74  256.6   6.3     1   185     1   187     1   188 0.98 -
WP_001127681.1       -            100 Resfam_ANT6          -            288   3.3e-59  205.9   1.9   1   1   2.7e-63   3.6e-59  205.8   1.9   104   203     1   100     1   100 0.99 -
YP_006937150.1       -            100 Resfam_ANT6          -            288   3.3e-59  205.9   1.9   1   1   2.7e-63   3.6e-59  205.8   1.9   104   203     1   100     1   100 0.99 -
YP_006937287.1       -            100 Resfam_ANT6          -            288   3.3e-59  205.9   1.9   1   1   2.7e-63   3.6e-59  205.8   1.9   104   203     1   100     1   100 0.99 -
YP_006937376.1       -            100 Resfam_ANT6          -            288   3.3e-59  205.9   1.9   1   1   2.7e-63   3.6e-59  205.8   1.9   104   203     1   100     1   100 0.99 -
YP_006958182.1       -            100 Resfam_ANT6          -            288   3.3e-59  205.9   1.9   1   1   2.7e-63   3.6e-59  205.8   1.9   104   203     1   100     1   100 0.99 -
YP_006958223.1       -            100 Resfam_ANT6          -            288   3.3e-59  205.9   1.9   1   1   2.7e-63   3.6e-59  205.8   1.9   104   203     1   100     1   100 0.99 -
YP_006958260.1       -            100 Resfam_ANT6          -            288   3.3e-59  205.9   1.9   1   1   2.7e-63   3.6e-59  205.8   1.9   104   203     1   100     1   100 0.99 -
YP_006958304.1       -            100 Resfam_ANT6          -            288   3.3e-59  205.9   1.9   1   1   2.7e-63   3.6e-59  205.8   1.9   104   203     1   100     1   100 0.99 -
YP_006958346.1       -            100 Resfam_ANT6          -            288   3.3e-59  205.9   1.9   1   1   2.7e-63   3.6e-59  205.8   1.9   104   203     1   100     1   100 0.99 -
YP_006958388.1       -            100 Resfam_ANT6          -            288   3.3e-59  205.9   1.9   1   1   2.7e-63   3.6e-59  205.8   1.9   104   203     1   100     1   100 0.99 -
YP_006958558.1       -            100 Resfam_ANT6          -            288   3.3e-59  205.9   1.9   1   1   2.7e-63   3.6e-59  205.8   1.9   104   203     1   100     1   100 0.99 -
WP_001796782.1       -             98 Resfam_ANT6          -            288   1.5e-57  200.5   2.4   1   1   1.2e-61   1.7e-57  200.3   2.4   106   203     1    98     1    98 0.99 -
YP_006937244.1       -             98 Resfam_ANT6          -            288   1.5e-57  200.5   2.4   1   1   1.2e-61   1.7e-57  200.3   2.4   106   203     1    98     1    98 0.99 -
YP_006937333.1       -             98 Resfam_ANT6          -            288   1.5e-57  200.5   2.4   1   1   1.2e-61   1.7e-57  200.3   2.4   106   203     1    98     1    98 0.99 -
YP_006937822.1       -             98 Resfam_ANT6          -            288   1.5e-57  200.5   2.4   1   1   1.2e-61   1.7e-57  200.3   2.4   106   203     1    98     1    98 0.99 -
YP_006938112.1       -             98 Resfam_ANT6          -            288   1.5e-57  200.5   2.4   1   1   1.2e-61   1.7e-57  200.3   2.4   106   203     1    98     1    98 0.99 -
WP_080444372.1       -             99 Resfam_ANT6          -            288   1.3e-50  177.7   2.3   1   1   1.1e-54   1.4e-50  177.6   2.3     1    98     1    98     1    99 0.99 -
WP_003013318.1       -            287 Resfam_ANT6          -            288   4.4e-36  130.0  10.6   1   1   3.6e-40   4.9e-36  129.9  10.6     4   278     4   284     1   287 0.88 -
WP_015056152.1       -             82 Resfam_ANT6          -            288   2.8e-28  104.4   0.9   1   1   2.1e-32   2.8e-28  104.4   0.9   221   283     1    66     1    81 0.88 -
YP_006958181.1       -             82 Resfam_ANT6          -            288   2.8e-28  104.4   0.9   1   1   2.1e-32   2.8e-28  104.4   0.9   221   283     1    66     1    81 0.88 -
YP_006958222.1       -             82 Resfam_ANT6          -            288   2.8e-28  104.4   0.9   1   1   2.1e-32   2.8e-28  104.4   0.9   221   283     1    66     1    81 0.88 -
YP_006958259.1       -             82 Resfam_ANT6          -            288   2.8e-28  104.4   0.9   1   1   2.1e-32   2.8e-28  104.4   0.9   221   283     1    66     1    81 0.88 -
YP_006958303.1       -             82 Resfam_ANT6          -            288   2.8e-28  104.4   0.9   1   1   2.1e-32   2.8e-28  104.4   0.9   221   283     1    66     1    81 0.88 -
YP_006958345.1       -             82 Resfam_ANT6          -            288   2.8e-28  104.4   0.9   1   1   2.1e-32   2.8e-28  104.4   0.9   221   283     1    66     1    81 0.88 -
YP_006958387.1       -             82 Resfam_ANT6          -            288   2.8e-28  104.4   0.9   1   1   2.1e-32   2.8e-28  104.4   0.9   221   283     1    66     1    81 0.88 -
YP_006958557.1       -             82 Resfam_ANT6          -            288   2.8e-28  104.4   0.9   1   1   2.1e-32   2.8e-28  104.4   0.9   221   283     1    66     1    81 0.88 -
WP_011799055.1       -             94 Resfam_ANT6          -            288   1.5e-27  102.0   3.8   1   1   1.2e-31   1.7e-27  101.9   3.8   187   279     1    93     1    94 0.98 -
YP_976083.1          -             94 Resfam_ANT6          -            288   1.5e-27  102.0   3.8   1   1   1.2e-31   1.7e-27  101.9   3.8   187   279     1    93     1    94 0.98 -
WP_000378915.1       -             72 Resfam_ANT6          -            288     8e-22   83.2   0.3   1   1   5.9e-26     8e-22   83.2   0.3   231   283     1    57     1    71 0.87 -
YP_006377354.1       -             72 Resfam_ANT6          -            288     8e-22   83.2   0.3   1   1   5.9e-26     8e-22   83.2   0.3   231   283     1    57     1    71 0.87 -
YP_006937151.1       -             72 Resfam_ANT6          -            288     8e-22   83.2   0.3   1   1   5.9e-26     8e-22   83.2   0.3   231   283     1    57     1    71 0.87 -
YP_006937245.1       -             72 Resfam_ANT6          -            288     8e-22   83.2   0.3   1   1   5.9e-26     8e-22   83.2   0.3   231   283     1    57     1    71 0.87 -
YP_006937286.1       -             72 Resfam_ANT6          -            288     8e-22   83.2   0.3   1   1   5.9e-26     8e-22   83.2   0.3   231   283     1    57     1    71 0.87 -
YP_006937334.1       -             72 Resfam_ANT6          -            288     8e-22   83.2   0.3   1   1   5.9e-26     8e-22   83.2   0.3   231   283     1    57     1    71 0.87 -
YP_006937377.1       -             72 Resfam_ANT6          -            288     8e-22   83.2   0.3   1   1   5.9e-26     8e-22   83.2   0.3   231   283     1    57     1    71 0.87 -
YP_006937821.1       -             72 Resfam_ANT6          -            288     8e-22   83.2   0.3   1   1   5.9e-26     8e-22   83.2   0.3   231   283     1    57     1    71 0.87 -
YP_006938113.1       -             72 Resfam_ANT6          -            288     8e-22   83.2   0.3   1   1   5.9e-26     8e-22   83.2   0.3   231   283     1    57     1    71 0.87 -
WP_078072184.1       -             39 Resfam_ANT6          -            288     2e-19   75.3   0.3   1   1   1.5e-23   2.1e-19   75.3   0.3   165   203     1    39     1    39 0.98 -
#
# Program:         hmmsearch
# Version:         3.1b2 (February 2015)
# Pipeline mode:   SEARCH
# Query file:      /mnt/research/ShadeLab/Dunivin/gene_targeted_assembly/RDPTools/Xander_assembler/gene_resource/ANT6/originaldata/ANT6.hmm
# Target file:     /mnt/research/ShadeLab/Dunivin/hmmsearch/refseq/protein_files/plasmid.protein.fa
# Option settings: /opt/software/HMMER/3.1b2--GCC-4.8.3/bin/hmmsearch -o /mnt/research/ShadeLab/Dunivin/hmmsearch/refseq/hmm_outputs/ANT6.plasmid.protein.fa.stdout.txt -A /mnt/research/ShadeLab/Dunivin/hmmsearch/refseq/hmm_outputs/ANT6.plasmid.protein.fa.alignment.0.0000000001.txt --domtblout /mnt/research/ShadeLab/Dunivin/hmmsearch/refseq/hmm_outputs/ANT6.plasmid.protein.fa.0.0000000001.tbl.txt -E 0.0000000001 --cpu 8 /mnt/research/ShadeLab/Dunivin/gene_targeted_assembly/RDPTools/Xander_assembler/gene_resource/ANT6/originaldata/ANT6.hmm /mnt/research/ShadeLab/Dunivin/hmmsearch/refseq/protein_files/plasmid.protein.fa 
# Current dir:     /mnt/research/ShadeLab/Dunivin/hmmsearch/bin
# Date:            Wed Jul 25 14:06:51 2018
# [ok]
