#                                                                            --- full sequence --- -------------- this domain -------------   hmm coord   ali coord   env coord
# target name        accession   tlen query name           accession   qlen   E-value  score  bias   #  of  c-Evalue  i-Evalue  score  bias  from    to  from    to  from    to  acc description of target
#------------------- ---------- ----- -------------------- ---------- ----- --------- ------ ----- --- --- --------- --------- ------ ----- ----- ----- ----- ----- ----- ----- ---- ---------------------
NP_899171.1          -            260 Resfam_ANT9          -            260  1.4e-150  505.3   0.1   1   1  4.3e-154  1.6e-150  505.1   0.1     1   260     1   260     1   260 1.00 -
WP_000067268.1       -            260 Resfam_ANT9          -            260  1.4e-150  505.3   0.1   1   1  4.3e-154  1.6e-150  505.1   0.1     1   260     1   260     1   260 1.00 -
YP_008119852.1       -            260 Resfam_ANT9          -            260  1.4e-150  505.3   0.1   1   1  4.3e-154  1.6e-150  505.1   0.1     1   260     1   260     1   260 1.00 -
WP_095339939.1       -            239 Resfam_ANT9          -            260  2.1e-139  468.7   0.0   1   1  6.4e-143  2.4e-139  468.5   0.0     1   239     1   239     1   239 1.00 -
WP_031786870.1       -            217 Resfam_ANT9          -            260    2e-125  422.8   0.1   1   1  6.2e-129  2.3e-125  422.7   0.1     1   217     1   217     1   217 1.00 -
WP_002294509.1       -            269 Resfam_ANT9          -            260  7.5e-106  358.7   0.2   1   1  2.3e-109  8.3e-106  358.5   0.2     5   260     6   261     1   261 0.99 -
WP_021285909.1       -            257 Resfam_ANT9          -            260   4.5e-77  264.4   5.4   1   1   1.4e-80   5.3e-77  264.1   5.4    11   252     6   254     2   257 0.92 -
YP_008997854.1       -            257 Resfam_ANT9          -            260   4.5e-77  264.4   5.4   1   1   1.4e-80   5.3e-77  264.1   5.4    11   252     6   254     2   257 0.92 -
YP_009000614.1       -            257 Resfam_ANT9          -            260   4.5e-77  264.4   5.4   1   1   1.4e-80   5.3e-77  264.1   5.4    11   252     6   254     2   257 0.92 -
WP_002578722.1       -            258 Resfam_ANT9          -            260     2e-76  262.2   0.1   1   1     6e-80   2.2e-76  262.1   0.1     8   259     5   255     1   256 0.98 -
WP_095448858.1       -            273 Resfam_ANT9          -            260   3.8e-68  235.1   0.0   1   1   1.3e-71   4.7e-68  234.8   0.0     7   242     8   242     2   261 0.94 -
WP_088201575.1       -            258 Resfam_ANT9          -            260   4.5e-64  221.7   0.0   1   1   1.3e-67   4.9e-64  221.6   0.0     9   258     7   257     1   258 0.96 -
WP_088203406.1       -            258 Resfam_ANT9          -            260   5.8e-64  221.4   0.0   1   1   1.7e-67   6.2e-64  221.3   0.0     8   256     6   255     1   258 0.95 -
WP_014530908.1       -            258 Resfam_ANT9          -            260   6.3e-64  221.3   0.0   1   1   1.9e-67   6.8e-64  221.2   0.0     9   256     7   255     1   258 0.95 -
WP_051140005.1       -            270 Resfam_ANT9          -            260   4.7e-63  218.4   0.0   1   1   1.6e-66   5.8e-63  218.1   0.0    10   258    12   263     8   265 0.96 -
WP_088197739.1       -            258 Resfam_ANT9          -            260   6.3e-63  218.0   0.0   1   1   1.8e-66   6.8e-63  217.9   0.0     9   256     7   255     1   258 0.95 -
WP_088200197.1       -            258 Resfam_ANT9          -            260   1.1e-62  217.2   0.0   1   1   3.3e-66   1.2e-62  217.1   0.0     9   258     7   257     1   258 0.96 -
WP_001424636.1       -            265 Resfam_ANT9          -            260   4.9e-62  215.1   0.0   1   1   1.5e-65   5.7e-62  214.9   0.0     1   259     1   261     1   262 0.97 -
WP_001436322.1       -            265 Resfam_ANT9          -            260   5.5e-62  214.9   0.0   1   1   1.7e-65   6.2e-62  214.8   0.0     1   257     1   259     1   262 0.96 -
WP_088202581.1       -            258 Resfam_ANT9          -            260   8.2e-62  214.3   0.0   1   1   2.4e-65   8.9e-62  214.2   0.0     9   255     7   254     1   258 0.95 -
WP_026030624.1       -            258 Resfam_ANT9          -            260   1.1e-61  213.9   0.0   1   1   3.2e-65   1.2e-61  213.8   0.0     9   256     7   255     1   258 0.95 -
WP_015241787.1       -            258 Resfam_ANT9          -            260   1.2e-61  213.8   0.0   1   1   3.5e-65   1.3e-61  213.7   0.0     9   256     7   255     1   258 0.95 -
WP_027988983.1       -            258 Resfam_ANT9          -            260   1.3e-61  213.7   0.0   1   1   3.8e-65   1.4e-61  213.6   0.0     9   256     7   255     1   258 0.95 -
WP_012414180.1       -            265 Resfam_ANT9          -            260   2.8e-61  212.6   0.0   1   1   8.8e-65   3.3e-61  212.4   0.0     1   259     1   261     1   262 0.97 -
YP_001874900.1       -            265 Resfam_ANT9          -            260   2.8e-61  212.6   0.0   1   1   8.8e-65   3.3e-61  212.4   0.0     1   259     1   261     1   262 0.97 -
WP_095919211.1       -            258 Resfam_ANT9          -            260   3.4e-61  212.3   0.0   1   1     1e-64   3.7e-61  212.2   0.0     9   256     7   255     1   258 0.96 -
NP_478099.1          -            278 Resfam_ANT9          -            260   3.7e-61  212.2   0.0   1   1   1.2e-64   4.3e-61  212.0   0.0     1   258     1   260     1   262 0.97 -
WP_010991842.1       -            278 Resfam_ANT9          -            260   3.7e-61  212.2   0.0   1   1   1.2e-64   4.3e-61  212.0   0.0     1   258     1   260     1   262 0.97 -
YP_001096205.2       -            278 Resfam_ANT9          -            260   3.7e-61  212.2   0.0   1   1   1.2e-64   4.3e-61  212.0   0.0     1   258     1   260     1   262 0.97 -
WP_014528107.1       -            258 Resfam_ANT9          -            260   3.9e-61  212.1   0.0   1   1   1.1e-64   4.2e-61  212.0   0.0     9   256     7   255     1   258 0.95 -
NP_848172.1          -            263 Resfam_ANT9          -            260   2.1e-60  209.7   0.0   1   1   6.4e-64   2.4e-60  209.6   0.0     1   258     1   260     1   262 0.97 -
WP_011113049.1       -            263 Resfam_ANT9          -            260   2.1e-60  209.7   0.0   1   1   6.4e-64   2.4e-60  209.6   0.0     1   258     1   260     1   262 0.97 -
WP_032491824.1       -            263 Resfam_ANT9          -            260   5.4e-60  208.4   0.0   1   1   1.6e-63     6e-60  208.2   0.0     1   258     1   260     1   262 0.97 -
WP_024198294.1       -            263 Resfam_ANT9          -            260   5.6e-60  208.3   0.0   1   1   1.7e-63   6.3e-60  208.2   0.0     1   258     1   260     1   262 0.97 -
YP_009060116.1       -            263 Resfam_ANT9          -            260   5.6e-60  208.3   0.0   1   1   1.7e-63   6.3e-60  208.2   0.0     1   258     1   260     1   262 0.97 -
WP_047715652.1       -            263 Resfam_ANT9          -            260     7e-60  208.0   0.0   1   1   2.1e-63   7.8e-60  207.9   0.0     1   258     1   260     1   262 0.96 -
WP_024131607.1       -            263 Resfam_ANT9          -            260     2e-59  206.5   0.0   1   1   6.1e-63   2.2e-59  206.4   0.0     1   258     1   260     1   262 0.97 -
WP_074014169.1       -            263 Resfam_ANT9          -            260   2.9e-59  206.0   0.0   1   1   8.9e-63   3.3e-59  205.8   0.0     1   258     1   260     1   262 0.97 -
WP_063840441.1       -            263 Resfam_ANT9          -            260     3e-59  205.9   0.0   1   1   9.1e-63   3.4e-59  205.8   0.0     1   258     1   260     1   262 0.97 -
WP_095885203.1       -            263 Resfam_ANT9          -            260   3.2e-59  205.9   0.0   1   1   9.5e-63   3.5e-59  205.7   0.0     1   258     1   260     1   262 0.97 -
WP_015058969.1       -            301 Resfam_ANT9          -            260   3.2e-59  205.8   0.0   1   1     1e-62   3.7e-59  205.6   0.0     1   258    39   298    39   300 0.97 -
YP_006952971.1       -            301 Resfam_ANT9          -            260   3.2e-59  205.8   0.0   1   1     1e-62   3.7e-59  205.6   0.0     1   258    39   298    39   300 0.97 -
WP_011600630.1       -            263 Resfam_ANT9          -            260   3.7e-59  205.6   0.0   1   1   1.1e-62   4.2e-59  205.5   0.0     1   258     1   260     1   262 0.97 -
WP_011872904.1       -            335 Resfam_ANT9          -            260   4.6e-59  205.3   0.0   1   1   1.5e-62   5.4e-59  205.1   0.0     1   258    73   332    73   334 0.97 -
YP_002894485.1       -            335 Resfam_ANT9          -            260   4.6e-59  205.3   0.0   1   1   1.5e-62   5.4e-59  205.1   0.0     1   258    73   332    73   334 0.97 -
WP_031942898.1       -            263 Resfam_ANT9          -            260   5.2e-59  205.2   0.0   1   1   1.6e-62   5.8e-59  205.0   0.0     1   258     1   260     1   262 0.97 -
WP_032490336.1       -            263 Resfam_ANT9          -            260   7.5e-59  204.6   0.0   1   1   2.3e-62   8.4e-59  204.5   0.0     1   258     1   260     1   262 0.97 -
WP_095866699.1       -            263 Resfam_ANT9          -            260   8.3e-59  204.5   0.0   1   1   2.5e-62   9.3e-59  204.3   0.0     1   258     1   260     1   262 0.96 -
NP_775045.1          -            263 Resfam_ANT9          -            260   9.5e-59  204.3   0.0   1   1   2.9e-62   1.1e-58  204.1   0.0     1   258     1   260     1   262 0.97 -
WP_001206356.1       -            263 Resfam_ANT9          -            260   9.5e-59  204.3   0.0   1   1   2.9e-62   1.1e-58  204.1   0.0     1   258     1   260     1   262 0.97 -
YP_001096356.1       -            263 Resfam_ANT9          -            260   9.5e-59  204.3   0.0   1   1   2.9e-62   1.1e-58  204.1   0.0     1   258     1   260     1   262 0.97 -
YP_001551924.2       -            263 Resfam_ANT9          -            260   9.5e-59  204.3   0.0   1   1   2.9e-62   1.1e-58  204.1   0.0     1   258     1   260     1   262 0.97 -
YP_001552090.1       -            263 Resfam_ANT9          -            260   9.5e-59  204.3   0.0   1   1   2.9e-62   1.1e-58  204.1   0.0     1   258     1   260     1   262 0.97 -
YP_003813041.1       -            263 Resfam_ANT9          -            260   9.5e-59  204.3   0.0   1   1   2.9e-62   1.1e-58  204.1   0.0     1   258     1   260     1   262 0.97 -
YP_004032858.1       -            263 Resfam_ANT9          -            260   9.5e-59  204.3   0.0   1   1   2.9e-62   1.1e-58  204.1   0.0     1   258     1   260     1   262 0.97 -
YP_005351439.1       -            263 Resfam_ANT9          -            260   9.5e-59  204.3   0.0   1   1   2.9e-62   1.1e-58  204.1   0.0     1   258     1   260     1   262 0.97 -
YP_006953618.1       -            263 Resfam_ANT9          -            260   9.5e-59  204.3   0.0   1   1   2.9e-62   1.1e-58  204.1   0.0     1   258     1   260     1   262 0.97 -
YP_006953869.1       -            263 Resfam_ANT9          -            260   9.5e-59  204.3   0.0   1   1   2.9e-62   1.1e-58  204.1   0.0     1   258     1   260     1   262 0.97 -
YP_006964886.1       -            263 Resfam_ANT9          -            260   9.5e-59  204.3   0.0   1   1   2.9e-62   1.1e-58  204.1   0.0     1   258     1   260     1   262 0.97 -
YP_006964898.1       -            263 Resfam_ANT9          -            260   9.5e-59  204.3   0.0   1   1   2.9e-62   1.1e-58  204.1   0.0     1   258     1   260     1   262 0.97 -
YP_006965589.1       -            263 Resfam_ANT9          -            260   9.5e-59  204.3   0.0   1   1   2.9e-62   1.1e-58  204.1   0.0     1   258     1   260     1   262 0.97 -
YP_007173665.1       -            263 Resfam_ANT9          -            260   9.5e-59  204.3   0.0   1   1   2.9e-62   1.1e-58  204.1   0.0     1   258     1   260     1   262 0.97 -
YP_007349539.1       -            263 Resfam_ANT9          -            260   9.5e-59  204.3   0.0   1   1   2.9e-62   1.1e-58  204.1   0.0     1   258     1   260     1   262 0.97 -
YP_007969564.1       -            263 Resfam_ANT9          -            260   9.5e-59  204.3   0.0   1   1   2.9e-62   1.1e-58  204.1   0.0     1   258     1   260     1   262 0.97 -
YP_008146260.1       -            263 Resfam_ANT9          -            260   9.5e-59  204.3   0.0   1   1   2.9e-62   1.1e-58  204.1   0.0     1   258     1   260     1   262 0.97 -
YP_009061087.1       -            263 Resfam_ANT9          -            260   9.5e-59  204.3   0.0   1   1   2.9e-62   1.1e-58  204.1   0.0     1   258     1   260     1   262 0.97 -
YP_009066446.1       -            263 Resfam_ANT9          -            260   9.5e-59  204.3   0.0   1   1   2.9e-62   1.1e-58  204.1   0.0     1   258     1   260     1   262 0.97 -
YP_724466.1          -            263 Resfam_ANT9          -            260   9.5e-59  204.3   0.0   1   1   2.9e-62   1.1e-58  204.1   0.0     1   258     1   260     1   262 0.97 -
YP_724469.1          -            263 Resfam_ANT9          -            260   9.5e-59  204.3   0.0   1   1   2.9e-62   1.1e-58  204.1   0.0     1   258     1   260     1   262 0.97 -
WP_012477385.1       -            272 Resfam_ANT9          -            260   1.1e-58  204.1   0.0   1   1   3.3e-62   1.2e-58  204.0   0.0     1   258    10   269    10   271 0.97 -
YP_001965793.1       -            272 Resfam_ANT9          -            260   1.1e-58  204.1   0.0   1   1   3.3e-62   1.2e-58  204.0   0.0     1   258    10   269    10   271 0.97 -
WP_059255643.1       -            275 Resfam_ANT9          -            260   1.1e-58  204.1   0.0   1   1   3.5e-62   1.3e-58  203.8   0.0    10   255     8   253     4   258 0.92 -
WP_011342946.1       -            262 Resfam_ANT9          -            260   1.1e-58  204.1   0.0   1   1   3.2e-62   1.2e-58  204.0   0.0     7   259     7   261     1   262 0.96 -
WP_025991879.1       -            277 Resfam_ANT9          -            260   1.4e-58  203.8   0.0   1   1   4.3e-62   1.6e-58  203.6   0.0     1   258     1   260     1   262 0.97 -
WP_031306504.1       -            263 Resfam_ANT9          -            260   1.4e-58  203.7   0.0   1   1   4.3e-62   1.6e-58  203.6   0.0     1   258     1   260     1   262 0.96 -
WP_032490443.1       -            263 Resfam_ANT9          -            260   1.6e-58  203.6   0.0   1   1   4.7e-62   1.7e-58  203.4   0.0     1   258     1   260     1   262 0.97 -
WP_001261740.1       -            263 Resfam_ANT9          -            260   1.7e-58  203.5   0.0   1   1   5.1e-62   1.9e-58  203.3   0.0     1   258     1   260     1   262 0.96 -
YP_001598139.2       -            263 Resfam_ANT9          -            260   1.7e-58  203.5   0.0   1   1   5.1e-62   1.9e-58  203.3   0.0     1   258     1   260     1   262 0.96 -
YP_001966864.1       -            263 Resfam_ANT9          -            260   1.7e-58  203.5   0.0   1   1   5.1e-62   1.9e-58  203.3   0.0     1   258     1   260     1   262 0.96 -
YP_004558215.1       -            263 Resfam_ANT9          -            260   1.7e-58  203.5   0.0   1   1   5.1e-62   1.9e-58  203.3   0.0     1   258     1   260     1   262 0.96 -
YP_067854.1          -            263 Resfam_ANT9          -            260   1.7e-58  203.5   0.0   1   1   5.1e-62   1.9e-58  203.3   0.0     1   258     1   260     1   262 0.96 -
WP_001354010.1       -            267 Resfam_ANT9          -            260   1.8e-58  203.4   0.0   1   1   5.4e-62     2e-58  203.2   0.0     1   258     5   264     5   266 0.96 -
YP_006903507.1       -            267 Resfam_ANT9          -            260   1.8e-58  203.4   0.0   1   1   5.4e-62     2e-58  203.2   0.0     1   258     5   264     5   266 0.96 -
WP_071846246.1       -            263 Resfam_ANT9          -            260     2e-58  203.2   0.0   1   1   6.1e-62   2.2e-58  203.1   0.0     1   258     1   260     1   262 0.96 -
WP_032492580.1       -            263 Resfam_ANT9          -            260     2e-58  203.2   0.0   1   1   6.1e-62   2.2e-58  203.1   0.0     1   258     1   260     1   262 0.97 -
WP_000503573.1       -            262 Resfam_ANT9          -            260     2e-58  203.2   0.0   1   1     6e-62   2.2e-58  203.1   0.0     7   259     7   261     1   262 0.96 -
YP_001816600.1       -            262 Resfam_ANT9          -            260     2e-58  203.2   0.0   1   1     6e-62   2.2e-58  203.1   0.0     7   259     7   261     1   262 0.96 -
YP_003108350.1       -            262 Resfam_ANT9          -            260     2e-58  203.2   0.0   1   1     6e-62   2.2e-58  203.1   0.0     7   259     7   261     1   262 0.96 -
YP_003517587.1       -            262 Resfam_ANT9          -            260     2e-58  203.2   0.0   1   1     6e-62   2.2e-58  203.1   0.0     7   259     7   261     1   262 0.96 -
YP_003937679.1       -            262 Resfam_ANT9          -            260     2e-58  203.2   0.0   1   1     6e-62   2.2e-58  203.1   0.0     7   259     7   261     1   262 0.96 -
YP_008999099.1       -            262 Resfam_ANT9          -            260     2e-58  203.2   0.0   1   1     6e-62   2.2e-58  203.1   0.0     7   259     7   261     1   262 0.96 -
YP_009061546.1       -            262 Resfam_ANT9          -            260     2e-58  203.2   0.0   1   1     6e-62   2.2e-58  203.1   0.0     7   259     7   261     1   262 0.96 -
YP_009068730.1       -            262 Resfam_ANT9          -            260     2e-58  203.2   0.0   1   1     6e-62   2.2e-58  203.1   0.0     7   259     7   261     1   262 0.96 -
YP_009068856.1       -            262 Resfam_ANT9          -            260     2e-58  203.2   0.0   1   1     6e-62   2.2e-58  203.1   0.0     7   259     7   261     1   262 0.96 -
YP_009069124.1       -            262 Resfam_ANT9          -            260     2e-58  203.2   0.0   1   1     6e-62   2.2e-58  203.1   0.0     7   259     7   261     1   262 0.96 -
YP_009070862.1       -            262 Resfam_ANT9          -            260     2e-58  203.2   0.0   1   1     6e-62   2.2e-58  203.1   0.0     7   259     7   261     1   262 0.96 -
YP_190214.1          -            262 Resfam_ANT9          -            260     2e-58  203.2   0.0   1   1     6e-62   2.2e-58  203.1   0.0     7   259     7   261     1   262 0.96 -
YP_245440.1          -            262 Resfam_ANT9          -            260     2e-58  203.2   0.0   1   1     6e-62   2.2e-58  203.1   0.0     7   259     7   261     1   262 0.96 -
WP_022635574.1       -            335 Resfam_ANT9          -            260   2.2e-58  203.1   0.0   1   1     7e-62   2.6e-58  202.9   0.0     1   258    73   332    73   334 0.97 -
YP_009023529.1       -            335 Resfam_ANT9          -            260   2.2e-58  203.1   0.0   1   1     7e-62   2.6e-58  202.9   0.0     1   258    73   332    73   334 0.97 -
WP_015059406.1       -            301 Resfam_ANT9          -            260   2.3e-58  203.0   0.0   1   1   7.2e-62   2.6e-58  202.8   0.0     1   258    39   298    39   300 0.96 -
YP_006955145.1       -            301 Resfam_ANT9          -            260   2.3e-58  203.0   0.0   1   1   7.2e-62   2.6e-58  202.8   0.0     1   258    39   298    39   300 0.96 -
WP_040120354.1       -            263 Resfam_ANT9          -            260   2.3e-58  203.0   0.0   1   1     7e-62   2.6e-58  202.9   0.0     1   258     1   260     1   262 0.97 -
WP_065800310.1       -            263 Resfam_ANT9          -            260   2.3e-58  203.0   0.0   1   1   7.1e-62   2.6e-58  202.9   0.0     1   258     1   260     1   262 0.96 -
WP_032490444.1       -            262 Resfam_ANT9          -            260   2.8e-58  202.8   0.0   1   1   8.2e-62     3e-58  202.7   0.0     7   259     7   261     1   262 0.96 -
WP_001209508.1       -            263 Resfam_ANT9          -            260   2.8e-58  202.8   0.0   1   1   8.5e-62   3.1e-58  202.6   0.0     1   258     1   260     1   262 0.97 -
YP_005351816.1       -            263 Resfam_ANT9          -            260   2.8e-58  202.8   0.0   1   1   8.5e-62   3.1e-58  202.6   0.0     1   258     1   260     1   262 0.97 -
YP_006958743.1       -            263 Resfam_ANT9          -            260   2.8e-58  202.8   0.0   1   1   8.5e-62   3.1e-58  202.6   0.0     1   258     1   260     1   262 0.97 -
YP_006966036.1       -            263 Resfam_ANT9          -            260   2.8e-58  202.8   0.0   1   1   8.5e-62   3.1e-58  202.6   0.0     1   258     1   260     1   262 0.97 -
YP_007316695.1       -            263 Resfam_ANT9          -            260   2.8e-58  202.8   0.0   1   1   8.5e-62   3.1e-58  202.6   0.0     1   258     1   260     1   262 0.97 -
YP_008167118.1       -            263 Resfam_ANT9          -            260   2.8e-58  202.8   0.0   1   1   8.5e-62   3.1e-58  202.6   0.0     1   258     1   260     1   262 0.97 -
WP_032489308.1       -            263 Resfam_ANT9          -            260   2.9e-58  202.7   0.0   1   1   8.7e-62   3.2e-58  202.6   0.0     1   258     1   260     1   262 0.97 -
WP_001682441.1       -            263 Resfam_ANT9          -            260   3.1e-58  202.6   0.0   1   1   9.3e-62   3.4e-58  202.5   0.0     1   258     1   260     1   262 0.97 -
WP_088207274.1       -            271 Resfam_ANT9          -            260   3.1e-58  202.6   0.0   1   1   9.6e-62   3.5e-58  202.4   0.0     1   258     9   268     9   270 0.97 -
NP_863002.1          -            263 Resfam_ANT9          -            260   3.2e-58  202.6   0.0   1   1   9.7e-62   3.6e-58  202.4   0.0     1   258     1   260     1   262 0.97 -
WP_001206316.1       -            263 Resfam_ANT9          -            260   3.2e-58  202.6   0.0   1   1   9.7e-62   3.6e-58  202.4   0.0     1   258     1   260     1   262 0.97 -
YP_001598137.1       -            263 Resfam_ANT9          -            260   3.2e-58  202.6   0.0   1   1   9.7e-62   3.6e-58  202.4   0.0     1   258     1   260     1   262 0.97 -
YP_003657320.1       -            263 Resfam_ANT9          -            260   3.2e-58  202.6   0.0   1   1   9.7e-62   3.6e-58  202.4   0.0     1   258     1   260     1   262 0.97 -
YP_003813049.1       -            263 Resfam_ANT9          -            260   3.2e-58  202.6   0.0   1   1   9.7e-62   3.6e-58  202.4   0.0     1   258     1   260     1   262 0.97 -
YP_003813062.1       -            263 Resfam_ANT9          -            260   3.2e-58  202.6   0.0   1   1   9.7e-62   3.6e-58  202.4   0.0     1   258     1   260     1   262 0.97 -
YP_006903505.1       -            263 Resfam_ANT9          -            260   3.2e-58  202.6   0.0   1   1   9.7e-62   3.6e-58  202.4   0.0     1   258     1   260     1   262 0.97 -
YP_006952405.1       -            263 Resfam_ANT9          -            260   3.2e-58  202.6   0.0   1   1   9.7e-62   3.6e-58  202.4   0.0     1   258     1   260     1   262 0.97 -
YP_008130451.1       -            263 Resfam_ANT9          -            260   3.2e-58  202.6   0.0   1   1   9.7e-62   3.6e-58  202.4   0.0     1   258     1   260     1   262 0.97 -
YP_009062571.1       -            263 Resfam_ANT9          -            260   3.2e-58  202.6   0.0   1   1   9.7e-62   3.6e-58  202.4   0.0     1   258     1   260     1   262 0.97 -
YP_009068492.1       -            263 Resfam_ANT9          -            260   3.2e-58  202.6   0.0   1   1   9.7e-62   3.6e-58  202.4   0.0     1   258     1   260     1   262 0.97 -
WP_032491964.1       -            263 Resfam_ANT9          -            260   3.9e-58  202.3   0.0   1   1   1.2e-61   4.3e-58  202.2   0.0     1   258     1   260     1   262 0.97 -
WP_001297038.1       -            335 Resfam_ANT9          -            260   3.9e-58  202.3   0.0   1   1   1.2e-61   4.5e-58  202.1   0.0     1   258    73   332    73   334 0.96 -
YP_006902981.1       -            335 Resfam_ANT9          -            260   3.9e-58  202.3   0.0   1   1   1.2e-61   4.5e-58  202.1   0.0     1   258    73   332    73   334 0.96 -
WP_015056580.1       -            284 Resfam_ANT9          -            260   4.3e-58  202.2   0.0   1   1   1.3e-61   4.8e-58  202.0   0.0     1   258    22   281    22   283 0.97 -
YP_006955545.1       -            284 Resfam_ANT9          -            260   4.3e-58  202.2   0.0   1   1   1.3e-61   4.8e-58  202.0   0.0     1   258    22   281    22   283 0.97 -
WP_032420064.1       -            281 Resfam_ANT9          -            260   4.4e-58  202.1   0.0   1   1   1.3e-61     5e-58  201.9   0.0     1   254     1   256     1   262 0.96 -
WP_046622360.1       -            263 Resfam_ANT9          -            260   4.6e-58  202.0   0.0   1   1   1.4e-61   5.2e-58  201.9   0.0     1   258     1   260     1   262 0.96 -
WP_011970679.1       -            260 Resfam_ANT9          -            260   4.9e-58  202.0   0.0   1   1   1.6e-61   5.7e-58  201.7   0.0    11   255    11   256     4   260 0.94 -
YP_001314504.1       -            260 Resfam_ANT9          -            260   4.9e-58  202.0   0.0   1   1   1.6e-61   5.7e-58  201.7   0.0    11   255    11   256     4   260 0.94 -
WP_015059048.1       -            263 Resfam_ANT9          -            260   5.4e-58  201.8   0.0   1   1   1.6e-61     6e-58  201.7   0.0     1   258     1   260     1   262 0.96 -
YP_006953625.1       -            263 Resfam_ANT9          -            260   5.4e-58  201.8   0.0   1   1   1.6e-61     6e-58  201.7   0.0     1   258     1   260     1   262 0.96 -
WP_000752528.1       -            313 Resfam_ANT9          -            260     6e-58  201.7   0.0   1   1   1.9e-61   6.9e-58  201.5   0.0     1   258    51   310    51   312 0.97 -
YP_006955300.1       -            313 Resfam_ANT9          -            260     6e-58  201.7   0.0   1   1   1.9e-61   6.9e-58  201.5   0.0     1   258    51   310    51   312 0.97 -
YP_006955463.1       -            313 Resfam_ANT9          -            260     6e-58  201.7   0.0   1   1   1.9e-61   6.9e-58  201.5   0.0     1   258    51   310    51   312 0.97 -
YP_006957207.1       -            313 Resfam_ANT9          -            260     6e-58  201.7   0.0   1   1   1.9e-61   6.9e-58  201.5   0.0     1   258    51   310    51   312 0.97 -
YP_009328494.1       -            313 Resfam_ANT9          -            260     6e-58  201.7   0.0   1   1   1.9e-61   6.9e-58  201.5   0.0     1   258    51   310    51   312 0.97 -
WP_094389648.1       -            263 Resfam_ANT9          -            260   6.3e-58  201.6   0.0   1   1   1.9e-61     7e-58  201.5   0.0     1   258     1   260     1   262 0.96 -
WP_040110410.1       -            281 Resfam_ANT9          -            260   6.3e-58  201.6   0.0   1   1   1.9e-61   7.1e-58  201.4   0.0     1   258     1   260     1   262 0.96 -
WP_011222095.1       -            263 Resfam_ANT9          -            260   6.5e-58  201.6   0.0   1   1   1.9e-61   7.2e-58  201.4   0.0     1   258     1   260     1   262 0.96 -
WP_074014168.1       -            263 Resfam_ANT9          -            260   6.7e-58  201.5   0.0   1   1     2e-61   7.5e-58  201.4   0.0     1   258     1   260     1   262 0.97 -
WP_080292073.1       -            275 Resfam_ANT9          -            260   6.8e-58  201.5   0.0   1   1   2.1e-61   7.6e-58  201.3   0.0     1   254     1   256     1   262 0.96 -
WP_001206317.1       -            263 Resfam_ANT9          -            260   7.4e-58  201.4   0.0   1   1   2.2e-61   8.2e-58  201.2   0.0     1   258     1   260     1   262 0.97 -
YP_001746868.1       -            263 Resfam_ANT9          -            260   7.4e-58  201.4   0.0   1   1   2.2e-61   8.2e-58  201.2   0.0     1   258     1   260     1   262 0.97 -
YP_002527543.1       -            263 Resfam_ANT9          -            260   7.4e-58  201.4   0.0   1   1   2.2e-61   8.2e-58  201.2   0.0     1   258     1   260     1   262 0.97 -
YP_003264405.1       -            263 Resfam_ANT9          -            260   7.4e-58  201.4   0.0   1   1   2.2e-61   8.2e-58  201.2   0.0     1   258     1   260     1   262 0.97 -
YP_006162240.1       -            263 Resfam_ANT9          -            260   7.4e-58  201.4   0.0   1   1   2.2e-61   8.2e-58  201.2   0.0     1   258     1   260     1   262 0.97 -
YP_006953610.1       -            263 Resfam_ANT9          -            260   7.4e-58  201.4   0.0   1   1   2.2e-61   8.2e-58  201.2   0.0     1   258     1   260     1   262 0.97 -
YP_006957931.1       -            263 Resfam_ANT9          -            260   7.4e-58  201.4   0.0   1   1   2.2e-61   8.2e-58  201.2   0.0     1   258     1   260     1   262 0.97 -
YP_006965576.1       -            263 Resfam_ANT9          -            260   7.4e-58  201.4   0.0   1   1   2.2e-61   8.2e-58  201.2   0.0     1   258     1   260     1   262 0.97 -
YP_007888630.1       -            263 Resfam_ANT9          -            260   7.4e-58  201.4   0.0   1   1   2.2e-61   8.2e-58  201.2   0.0     1   258     1   260     1   262 0.97 -
YP_008508477.1       -            263 Resfam_ANT9          -            260   7.4e-58  201.4   0.0   1   1   2.2e-61   8.2e-58  201.2   0.0     1   258     1   260     1   262 0.97 -
YP_008998376.1       -            263 Resfam_ANT9          -            260   7.4e-58  201.4   0.0   1   1   2.2e-61   8.2e-58  201.2   0.0     1   258     1   260     1   262 0.97 -
YP_009061437.1       -            263 Resfam_ANT9          -            260   7.4e-58  201.4   0.0   1   1   2.2e-61   8.2e-58  201.2   0.0     1   258     1   260     1   262 0.97 -
YP_009061694.1       -            263 Resfam_ANT9          -            260   7.4e-58  201.4   0.0   1   1   2.2e-61   8.2e-58  201.2   0.0     1   258     1   260     1   262 0.97 -
YP_009062580.1       -            263 Resfam_ANT9          -            260   7.4e-58  201.4   0.0   1   1   2.2e-61   8.2e-58  201.2   0.0     1   258     1   260     1   262 0.97 -
YP_009068294.1       -            263 Resfam_ANT9          -            260   7.4e-58  201.4   0.0   1   1   2.2e-61   8.2e-58  201.2   0.0     1   258     1   260     1   262 0.97 -
YP_009070796.1       -            263 Resfam_ANT9          -            260   7.4e-58  201.4   0.0   1   1   2.2e-61   8.2e-58  201.2   0.0     1   258     1   260     1   262 0.97 -
YP_009071809.1       -            263 Resfam_ANT9          -            260   7.4e-58  201.4   0.0   1   1   2.2e-61   8.2e-58  201.2   0.0     1   258     1   260     1   262 0.97 -
YP_009328656.1       -            263 Resfam_ANT9          -            260   7.4e-58  201.4   0.0   1   1   2.2e-61   8.2e-58  201.2   0.0     1   258     1   260     1   262 0.97 -
WP_001749984.1       -            281 Resfam_ANT9          -            260   7.4e-58  201.4   0.0   1   1   2.2e-61   8.3e-58  201.2   0.0     1   254     1   256     1   262 0.96 -
NP_052897.3          -            336 Resfam_ANT9          -            260   7.6e-58  201.4   0.0   1   1   2.4e-61   8.8e-58  201.1   0.0     1   258    74   333    74   335 0.97 -
WP_010891332.1       -            336 Resfam_ANT9          -            260   7.6e-58  201.4   0.0   1   1   2.4e-61   8.8e-58  201.1   0.0     1   258    74   333    74   335 0.97 -
YP_003864165.1       -            336 Resfam_ANT9          -            260   7.6e-58  201.4   0.0   1   1   2.4e-61   8.8e-58  201.1   0.0     1   258    74   333    74   335 0.97 -
WP_103660515.1       -            263 Resfam_ANT9          -            260   8.3e-58  201.2   0.0   1   1   2.5e-61   9.3e-58  201.1   0.0     1   258     1   260     1   262 0.97 -
NP_862306.3          -            259 Resfam_ANT9          -            260   8.8e-58  201.1   0.0   1   1   2.6e-61   9.8e-58  201.0   0.0     7   258     3   256     1   258 0.96 -
WP_000151233.1       -            259 Resfam_ANT9          -            260   8.8e-58  201.1   0.0   1   1   2.6e-61   9.8e-58  201.0   0.0     7   258     3   256     1   258 0.96 -
YP_005221017.1       -            259 Resfam_ANT9          -            260   8.8e-58  201.1   0.0   1   1   2.6e-61   9.8e-58  201.0   0.0     7   258     3   256     1   258 0.96 -
YP_006939955.1       -            259 Resfam_ANT9          -            260   8.8e-58  201.1   0.0   1   1   2.6e-61   9.8e-58  201.0   0.0     7   258     3   256     1   258 0.96 -
WP_032490451.1       -            263 Resfam_ANT9          -            260     1e-57  200.9   0.0   1   1   3.1e-61   1.1e-57  200.8   0.0     1   258     1   260     1   262 0.97 -
WP_071846235.1       -            263 Resfam_ANT9          -            260   1.1e-57  200.8   0.0   1   1   3.4e-61   1.3e-57  200.6   0.0     1   258     1   260     1   262 0.97 -
NP_608308.1          -            262 Resfam_ANT9          -            260   1.2e-57  200.7   0.0   1   1   3.5e-61   1.3e-57  200.6   0.0     1   258     1   259     1   261 0.96 -
WP_011018350.1       -            262 Resfam_ANT9          -            260   1.2e-57  200.7   0.0   1   1   3.5e-61   1.3e-57  200.6   0.0     1   258     1   259     1   261 0.96 -
WP_001360292.1       -            259 Resfam_ANT9          -            260   1.9e-57  200.0   0.0   1   1   5.8e-61   2.1e-57  199.9   0.0     8   258     4   256     1   258 0.96 -
YP_001096413.3       -            259 Resfam_ANT9          -            260   1.9e-57  200.0   0.0   1   1   5.8e-61   2.1e-57  199.9   0.0     8   258     4   256     1   258 0.96 -
YP_009061971.1       -            259 Resfam_ANT9          -            260   1.9e-57  200.0   0.0   1   1   5.8e-61   2.1e-57  199.9   0.0     8   258     4   256     1   258 0.96 -
NP_065311.1          -            262 Resfam_ANT9          -            260   2.7e-57  199.6   0.0   1   1     8e-61     3e-57  199.4   0.0     1   258     1   259     1   261 0.96 -
WP_001206315.1       -            262 Resfam_ANT9          -            260   2.7e-57  199.6   0.0   1   1     8e-61     3e-57  199.4   0.0     1   258     1   259     1   261 0.96 -
YP_001928077.1       -            262 Resfam_ANT9          -            260   2.7e-57  199.6   0.0   1   1     8e-61     3e-57  199.4   0.0     1   258     1   259     1   261 0.96 -
YP_001928080.1       -            262 Resfam_ANT9          -            260   2.7e-57  199.6   0.0   1   1     8e-61     3e-57  199.4   0.0     1   258     1   259     1   261 0.96 -
YP_002286968.1       -            262 Resfam_ANT9          -            260   2.7e-57  199.6   0.0   1   1     8e-61     3e-57  199.4   0.0     1   258     1   259     1   261 0.96 -
YP_004455305.1       -            262 Resfam_ANT9          -            260   2.7e-57  199.6   0.0   1   1     8e-61     3e-57  199.4   0.0     1   258     1   259     1   261 0.96 -
YP_007878589.1       -            262 Resfam_ANT9          -            260   2.7e-57  199.6   0.0   1   1     8e-61     3e-57  199.4   0.0     1   258     1   259     1   261 0.96 -
YP_009071733.1       -            262 Resfam_ANT9          -            260   2.7e-57  199.6   0.0   1   1     8e-61     3e-57  199.4   0.0     1   258     1   259     1   261 0.96 -
YP_758708.1          -            262 Resfam_ANT9          -            260   2.7e-57  199.6   0.0   1   1     8e-61     3e-57  199.4   0.0     1   258     1   259     1   261 0.96 -
WP_044067522.1       -            263 Resfam_ANT9          -            260     3e-57  199.4   0.0   1   1   9.1e-61   3.4e-57  199.2   0.0     1   258     1   260     1   262 0.97 -
WP_045898630.1       -            281 Resfam_ANT9          -            260   3.8e-57  199.1   0.0   1   1   1.1e-60   4.2e-57  198.9   0.0     1   254     1   256     1   262 0.96 -
WP_012728223.1       -            280 Resfam_ANT9          -            260   3.8e-57  199.1   0.0   1   1   1.2e-60   4.3e-57  198.9   0.0     1   258    18   277    18   279 0.97 -
YP_002891157.1       -            280 Resfam_ANT9          -            260   3.8e-57  199.1   0.0   1   1   1.2e-60   4.3e-57  198.9   0.0     1   258    18   277    18   279 0.97 -
WP_032490440.1       -            263 Resfam_ANT9          -            260   3.8e-57  199.0   0.0   1   1   1.2e-60   4.3e-57  198.9   0.0     1   258     1   260     1   262 0.97 -
WP_032491959.1       -            263 Resfam_ANT9          -            260   4.2e-57  198.9   0.0   1   1   1.3e-60   4.7e-57  198.8   0.0     1   258     1   260     1   262 0.97 -
NP_511224.1          -            263 Resfam_ANT9          -            260   4.9e-57  198.7   0.0   1   1   1.5e-60   5.5e-57  198.5   0.0     1   258     1   260     1   262 0.97 -
WP_010999968.1       -            263 Resfam_ANT9          -            260   4.9e-57  198.7   0.0   1   1   1.5e-60   5.5e-57  198.5   0.0     1   258     1   260     1   262 0.97 -
WP_071940813.1       -            263 Resfam_ANT9          -            260   5.7e-57  198.5   0.0   1   1   1.7e-60   6.3e-57  198.3   0.0     1   258     1   260     1   262 0.97 -
WP_032492486.1       -            263 Resfam_ANT9          -            260   7.3e-57  198.1   0.0   1   1   2.2e-60   8.2e-57  198.0   0.0     1   258     1   260     1   262 0.97 -
WP_096862041.1       -            279 Resfam_ANT9          -            260   1.2e-56  197.4   0.0   1   1   3.8e-60   1.4e-56  197.2   0.0     1   258     1   260     1   262 0.96 -
WP_070180853.1       -            262 Resfam_ANT9          -            260   1.6e-56  197.0   0.0   1   1   4.8e-60   1.8e-56  196.9   0.0     1   258     1   259     1   261 0.96 -
WP_005119303.1       -            258 Resfam_ANT9          -            260   1.6e-56  197.0   0.0   1   1   4.8e-60   1.8e-56  196.9   0.0     8   258     4   255     1   257 0.96 -
YP_008603396.1       -            258 Resfam_ANT9          -            260   1.6e-56  197.0   0.0   1   1   4.8e-60   1.8e-56  196.9   0.0     8   258     4   255     1   257 0.96 -
YP_009067786.1       -            258 Resfam_ANT9          -            260   1.6e-56  197.0   0.0   1   1   4.8e-60   1.8e-56  196.9   0.0     8   258     4   255     1   257 0.96 -
WP_015060501.1       -            258 Resfam_ANT9          -            260   1.8e-56  196.9   0.0   1   1   5.3e-60     2e-56  196.7   0.0     8   258     4   255     1   257 0.96 -
YP_006961169.1       -            258 Resfam_ANT9          -            260   1.8e-56  196.9   0.0   1   1   5.3e-60     2e-56  196.7   0.0     8   258     4   255     1   257 0.96 -
WP_094963268.1       -            262 Resfam_ANT9          -            260   2.5e-56  196.4   0.0   1   1   7.5e-60   2.8e-56  196.2   0.0     3   259     3   261     1   262 0.94 -
WP_021529708.1       -            277 Resfam_ANT9          -            260   3.9e-56  195.7   0.0   1   1   1.2e-59   4.5e-56  195.6   0.0     1   259     1   261     1   262 0.96 -
WP_041530720.1       -            261 Resfam_ANT9          -            260   5.8e-56  195.2   0.0   1   1     2e-59   7.3e-56  194.9   0.0    10   241     8   240     3   254 0.96 -
WP_032492255.1       -            281 Resfam_ANT9          -            260   2.1e-55  193.3   0.0   1   1   6.5e-59   2.4e-55  193.2   0.0     1   254     1   256     1   262 0.96 -
WP_011264082.1       -            261 Resfam_ANT9          -            260   4.5e-55  192.2   0.0   1   1   1.4e-58   5.3e-55  192.0   0.0     3   233     3   234     1   258 0.92 -
YP_209623.1          -            261 Resfam_ANT9          -            260   4.5e-55  192.2   0.0   1   1   1.4e-58   5.3e-55  192.0   0.0     3   233     3   234     1   258 0.92 -
WP_024250748.1       -            252 Resfam_ANT9          -            260   6.8e-55  191.7   0.0   1   1   2.2e-58   8.1e-55  191.4   0.0     1   231     1   233     1   245 0.96 -
WP_050041693.1       -            262 Resfam_ANT9          -            260   1.1e-50  177.9   0.0   1   1   3.4e-54   1.3e-50  177.7   0.0    12   258     6   253     2   255 0.93 -
WP_070180827.1       -            210 Resfam_ANT9          -            260   1.8e-49  173.9   0.0   1   1   5.4e-53     2e-49  173.7   0.0     1   208     1   210     1   210 0.96 -
WP_011212547.1       -            273 Resfam_ANT9          -            260     1e-48  171.4   0.0   1   1   3.2e-52   1.2e-48  171.2   0.0     6   255     4   254     1   259 0.95 -
WP_088523884.1       -            262 Resfam_ANT9          -            260   8.5e-48  168.4   0.0   1   1   2.4e-51     9e-48  168.3   0.0     9   257     9   259     1   262 0.94 -
WP_010655395.1       -            273 Resfam_ANT9          -            260   2.7e-47  166.7   0.0   1   1   8.6e-51   3.2e-47  166.5   0.0     6   255     4   254     1   259 0.94 -
WP_098700855.1       -            273 Resfam_ANT9          -            260   3.1e-46  163.3   0.0   1   1     1e-49   3.8e-46  163.0   0.0    27   251    32   262    13   270 0.93 -
WP_057109154.1       -            192 Resfam_ANT9          -            260   1.3e-42  151.4   0.0   1   1     4e-46   1.5e-42  151.2   0.0     7   193     3   191     1   192 0.96 -
NP_436492.1          -            179 Resfam_ANT9          -            260   1.4e-40  144.7   0.0   1   1   4.1e-44   1.5e-40  144.6   0.0     9   180     7   179     1   179 0.96 -
WP_010968189.1       -            179 Resfam_ANT9          -            260   1.4e-40  144.7   0.0   1   1   4.1e-44   1.5e-40  144.6   0.0     9   180     7   179     1   179 0.96 -
WP_080606041.1       -            189 Resfam_ANT9          -            260   1.5e-40  144.7   0.0   1   1   4.6e-44   1.7e-40  144.5   0.0     8   180    16   189    10   189 0.95 -
WP_032444204.1       -            191 Resfam_ANT9          -            260   1.7e-39  141.2   0.0   1   1   5.1e-43   1.9e-39  141.1   0.0    78   258     6   188     1   190 0.95 -
WP_032443296.1       -            190 Resfam_ANT9          -            260     2e-39  141.0   0.0   1   1   5.8e-43   2.1e-39  140.9   0.0    78   258     5   187     1   189 0.95 -
WP_024940902.1       -            193 Resfam_ANT9          -            260   5.2e-38  136.3   0.0   1   1   1.5e-41   5.6e-38  136.2   0.0    77   258     7   190     1   192 0.94 -
WP_083028657.1       -            191 Resfam_ANT9          -            260   6.6e-38  136.0   0.0   1   1   2.1e-41   7.9e-38  135.7   0.0    78   258     6   188     2   190 0.95 -
WP_105329841.1       -            106 Resfam_ANT9          -            260   2.6e-19   75.1   0.1   1   1   7.9e-23   2.9e-19   74.9   0.1     1    97     1    97     1   103 0.97 -
WP_077143831.1       -            119 Resfam_ANT9          -            260     5e-18   70.8   0.0   1   1   1.5e-21   5.4e-18   70.7   0.0   146   258     2   116     1   118 0.92 -
WP_072158611.1       -            119 Resfam_ANT9          -            260   1.2e-17   69.6   0.0   1   1   3.5e-21   1.3e-17   69.5   0.0   146   258     2   116     1   118 0.92 -
WP_000581648.1       -            259 Resfam_ANT9          -            260   7.7e-14   57.1   0.3   1   2   6.7e-07    0.0025   22.7   0.0    20    65    17    63     1    82 0.77 -
WP_000581648.1       -            259 Resfam_ANT9          -            260   7.7e-14   57.1   0.3   2   2   8.2e-10     3e-06   32.2   0.1   132   253   116   247   108   253 0.77 -
NP_052729.1          -            259 Resfam_ANT9          -            260   5.1e-13   54.4   0.3   1   2   6.7e-07    0.0025   22.7   0.0    20    65    17    63     1    82 0.77 -
NP_052729.1          -            259 Resfam_ANT9          -            260   5.1e-13   54.4   0.3   2   2   5.4e-09     2e-05   29.5   0.1   132   253   116   247   108   253 0.77 -
WP_000581647.1       -            259 Resfam_ANT9          -            260   5.1e-13   54.4   0.3   1   2   6.7e-07    0.0025   22.7   0.0    20    65    17    63     1    82 0.77 -
WP_000581647.1       -            259 Resfam_ANT9          -            260   5.1e-13   54.4   0.3   2   2   5.4e-09     2e-05   29.5   0.1   132   253   116   247   108   253 0.77 -
WP_021424055.1       -            264 Resfam_ANT9          -            260   5.3e-12   51.1   2.7   1   1   1.9e-15   6.9e-12   50.7   2.7     5   241     3   241     1   260 0.85 -
WP_086890296.1       -            128 Resfam_ANT9          -            260   4.4e-11   48.1   0.0   1   1   1.6e-14   5.8e-11   47.7   0.0     1    71     1    71     1    81 0.94 -
NP_436493.1          -             75 Resfam_ANT9          -            260   6.5e-11   47.5   0.0   1   1   1.8e-14   6.8e-11   47.4   0.0   185   257     1    73     1    75 0.94 -
WP_010968190.1       -             75 Resfam_ANT9          -            260   6.5e-11   47.5   0.0   1   1   1.8e-14   6.8e-11   47.4   0.0   185   257     1    73     1    75 0.94 -
#
# Program:         hmmsearch
# Version:         3.1b2 (February 2015)
# Pipeline mode:   SEARCH
# Query file:      /mnt/research/ShadeLab/Dunivin/gene_targeted_assembly/RDPTools/Xander_assembler/gene_resource/ANT9/originaldata/ANT9.hmm
# Target file:     /mnt/research/ShadeLab/Dunivin/hmmsearch/refseq/protein_files/plasmid.protein.fa
# Option settings: /opt/software/HMMER/3.1b2--GCC-4.8.3/bin/hmmsearch -o /mnt/research/ShadeLab/Dunivin/hmmsearch/refseq/hmm_outputs/ANT9.plasmid.protein.fa.stdout.txt -A /mnt/research/ShadeLab/Dunivin/hmmsearch/refseq/hmm_outputs/ANT9.plasmid.protein.fa.alignment.0.0000000001.txt --domtblout /mnt/research/ShadeLab/Dunivin/hmmsearch/refseq/hmm_outputs/ANT9.plasmid.protein.fa.0.0000000001.tbl.txt -E 0.0000000001 --cpu 8 /mnt/research/ShadeLab/Dunivin/gene_targeted_assembly/RDPTools/Xander_assembler/gene_resource/ANT9/originaldata/ANT9.hmm /mnt/research/ShadeLab/Dunivin/hmmsearch/refseq/protein_files/plasmid.protein.fa 
# Current dir:     /mnt/research/ShadeLab/Dunivin/hmmsearch/bin
# Date:            Wed Jul 25 14:06:53 2018
# [ok]
