#                                                                            --- full sequence --- -------------- this domain -------------   hmm coord   ali coord   env coord
# target name        accession   tlen query name           accession   qlen   E-value  score  bias   #  of  c-Evalue  i-Evalue  score  bias  from    to  from    to  from    to  acc description of target
#------------------- ---------- ----- -------------------- ---------- ----- --------- ------ ----- --- --- --------- --------- ------ ----- ----- ----- ----- ----- ----- ----- ---- ---------------------
WP_063860584.1       -            246 Resfam_ClassB        -            264   1.4e-76  263.2   0.0   1   1   5.5e-80   1.5e-76  263.0   0.0     7   262     3   241     1   243 0.94 -
WP_063860594.1       -            246 Resfam_ClassB        -            264   2.3e-76  262.4   0.0   1   1   9.2e-80   2.5e-76  262.3   0.0     7   262     3   241     1   243 0.94 -
WP_003159548.1       -            246 Resfam_ClassB        -            264   2.6e-76  262.2   0.0   1   1   1.1e-79   2.9e-76  262.1   0.0     7   262     3   241     1   243 0.94 -
WP_015060105.1       -            246 Resfam_ClassB        -            264   4.9e-76  261.3   0.0   1   1     2e-79   5.4e-76  261.2   0.0     7   262     3   241     1   243 0.94 -
YP_006965428.1       -            246 Resfam_ClassB        -            264   4.9e-76  261.3   0.0   1   1     2e-79   5.4e-76  261.2   0.0     7   262     3   241     1   243 0.94 -
YP_008725242.1       -            246 Resfam_ClassB        -            264   4.9e-76  261.3   0.0   1   1     2e-79   5.4e-76  261.2   0.0     7   262     3   241     1   243 0.94 -
WP_085562391.1       -            246 Resfam_ClassB        -            264   9.3e-76  260.4   0.0   1   1   3.8e-79     1e-75  260.3   0.0     7   262     3   241     1   243 0.94 -
WP_032490175.1       -            246 Resfam_ClassB        -            264   1.1e-75  260.2   0.0   1   1   4.4e-79   1.2e-75  260.1   0.0     7   262     3   241     1   243 0.94 -
WP_096807443.1       -            245 Resfam_ClassB        -            264   6.3e-75  257.7   0.0   1   1   2.6e-78     7e-75  257.6   0.0     6   262     2   241     1   243 0.94 -
WP_032491874.1       -            246 Resfam_ClassB        -            264   1.2e-74  256.8   0.0   1   1     5e-78   1.4e-74  256.6   0.0     6   263     2   242     1   243 0.94 -
WP_063860573.1       -            245 Resfam_ClassB        -            264   1.3e-74  256.6   0.0   1   1   5.5e-78   1.5e-74  256.5   0.0     6   262     2   241     1   243 0.94 -
WP_012695457.1       -            246 Resfam_ClassB        -            264   1.9e-74  256.1   0.0   1   1   7.8e-78   2.1e-74  256.0   0.0     6   263     2   242     1   243 0.94 -
YP_002791399.1       -            246 Resfam_ClassB        -            264   1.9e-74  256.1   0.0   1   1   7.8e-78   2.1e-74  256.0   0.0     6   263     2   242     1   243 0.94 -
YP_002791709.1       -            246 Resfam_ClassB        -            264   1.9e-74  256.1   0.0   1   1   7.8e-78   2.1e-74  256.0   0.0     6   263     2   242     1   243 0.94 -
WP_060589395.1       -            266 Resfam_ClassB        -            264   2.2e-74  255.9   0.0   1   1     9e-78   2.5e-74  255.8   0.0     2   261     2   265     1   266 0.98 -
WP_063860616.1       -            246 Resfam_ClassB        -            264   2.8e-74  255.6   0.0   1   1   1.1e-77   3.1e-74  255.4   0.0     7   262     3   241     1   243 0.93 -
WP_063860608.1       -            245 Resfam_ClassB        -            264   4.4e-74  254.9   0.0   1   1   1.8e-77   4.9e-74  254.8   0.0     7   262     3   241     1   243 0.93 -
WP_094009807.1       -            266 Resfam_ClassB        -            264     6e-74  254.5   0.0   1   1   2.4e-77   6.7e-74  254.3   0.0     2   261     2   265     1   266 0.98 -
WP_013263789.1       -            266 Resfam_ClassB        -            264   7.4e-74  254.2   0.0   1   1     3e-77   8.2e-74  254.0   0.0     2   261     2   265     1   266 0.98 -
YP_003813065.1       -            266 Resfam_ClassB        -            264   7.4e-74  254.2   0.0   1   1     3e-77   8.2e-74  254.0   0.0     2   261     2   265     1   266 0.98 -
YP_006965573.1       -            266 Resfam_ClassB        -            264   7.4e-74  254.2   0.0   1   1     3e-77   8.2e-74  254.0   0.0     2   261     2   265     1   266 0.98 -
YP_008130454.1       -            266 Resfam_ClassB        -            264   7.4e-74  254.2   0.0   1   1     3e-77   8.2e-74  254.0   0.0     2   261     2   265     1   266 0.98 -
YP_008145013.1       -            266 Resfam_ClassB        -            264   7.4e-74  254.2   0.0   1   1     3e-77   8.2e-74  254.0   0.0     2   261     2   265     1   266 0.98 -
YP_008508474.1       -            266 Resfam_ClassB        -            264   7.4e-74  254.2   0.0   1   1     3e-77   8.2e-74  254.0   0.0     2   261     2   265     1   266 0.98 -
YP_009062157.1       -            266 Resfam_ClassB        -            264   7.4e-74  254.2   0.0   1   1     3e-77   8.2e-74  254.0   0.0     2   261     2   265     1   266 0.98 -
YP_009071806.1       -            266 Resfam_ClassB        -            264   7.4e-74  254.2   0.0   1   1     3e-77   8.2e-74  254.0   0.0     2   261     2   265     1   266 0.98 -
YP_009328653.1       -            266 Resfam_ClassB        -            264   7.4e-74  254.2   0.0   1   1     3e-77   8.2e-74  254.0   0.0     2   261     2   265     1   266 0.98 -
WP_021018609.1       -            245 Resfam_ClassB        -            264   9.4e-74  253.9   0.0   1   1   3.8e-77     1e-73  253.7   0.0     7   262     3   241     1   243 0.93 -
WP_032492008.1       -            266 Resfam_ClassB        -            264   1.1e-73  253.6   0.0   1   1   4.5e-77   1.2e-73  253.5   0.0     2   261     2   265     1   266 0.98 -
WP_013149463.1       -            345 Resfam_ClassB        -            264   1.8e-73  253.0   0.0   1   1   7.8e-77   2.1e-73  252.7   0.0     2   261    81   344    80   345 0.97 -
YP_003675753.1       -            345 Resfam_ClassB        -            264   1.8e-73  253.0   0.0   1   1   7.8e-77   2.1e-73  252.7   0.0     2   261    81   344    80   345 0.97 -
WP_032492430.1       -            241 Resfam_ClassB        -            264   1.8e-73  253.0   0.1   1   1   7.1e-77   1.9e-73  252.8   0.1    14   259     9   240     1   241 0.92 -
WP_015083750.1       -            249 Resfam_ClassB        -            264   1.8e-73  252.9   0.2   1   1   7.3e-77     2e-73  252.8   0.2    10   259     3   246     1   249 0.95 -
YP_007008162.1       -            249 Resfam_ClassB        -            264   1.8e-73  252.9   0.2   1   1   7.3e-77     2e-73  252.8   0.2    10   259     3   246     1   249 0.95 -
WP_063860585.1       -            246 Resfam_ClassB        -            264   1.5e-72  250.0   0.1   1   1   5.9e-76   1.6e-72  249.8   0.1     6   261     2   240     1   243 0.94 -
WP_063865176.1       -            266 Resfam_ClassB        -            264   2.9e-72  249.0   0.0   1   1   1.2e-75   3.2e-72  248.8   0.0     2   260     2   264     1   266 0.97 -
WP_039819893.1       -            246 Resfam_ClassB        -            264   5.3e-72  248.1   0.0   1   1   2.1e-75   5.8e-72  248.0   0.0     5   263     1   242     1   243 0.94 -
WP_003108247.1       -            266 Resfam_ClassB        -            264   6.1e-72  247.9   0.0   1   1   2.5e-75   6.7e-72  247.8   0.0     1   260     1   264     1   266 0.98 -
YP_007509601.1       -            266 Resfam_ClassB        -            264   6.1e-72  247.9   0.0   1   1   2.5e-75   6.7e-72  247.8   0.0     1   260     1   264     1   266 0.98 -
YP_008994834.1       -            266 Resfam_ClassB        -            264   6.1e-72  247.9   0.0   1   1   2.5e-75   6.7e-72  247.8   0.0     1   260     1   264     1   266 0.98 -
WP_063865201.1       -            266 Resfam_ClassB        -            264   2.9e-71  245.7   0.0   1   1   1.2e-74   3.2e-71  245.5   0.0     1   260     1   264     1   266 0.98 -
WP_063860617.1       -            246 Resfam_ClassB        -            264   5.4e-71  244.8   0.1   1   1   2.2e-74     6e-71  244.7   0.1     6   261     2   240     1   243 0.94 -
WP_063848609.1       -            246 Resfam_ClassB        -            264   1.2e-70  243.7   0.1   1   1   4.7e-74   1.3e-70  243.6   0.1     6   261     2   240     1   243 0.94 -
WP_015588753.1       -            250 Resfam_ClassB        -            264   1.3e-70  243.6   0.0   1   1   5.3e-74   1.4e-70  243.4   0.0     6   260     2   241     1   245 0.95 -
YP_007888628.1       -            250 Resfam_ClassB        -            264   1.3e-70  243.6   0.0   1   1   5.3e-74   1.4e-70  243.4   0.0     6   260     2   241     1   245 0.95 -
WP_099592735.1       -            245 Resfam_ClassB        -            264   1.4e-69  240.1   0.0   1   1   5.8e-73   1.6e-69  240.0   0.0    14   262     5   240     1   242 0.93 -
WP_011997479.1       -            265 Resfam_ClassB        -            264   2.1e-65  226.5   0.0   1   1     9e-69   2.5e-65  226.3   0.0    12   255    16   258     2   265 0.91 -
YP_001427370.1       -            265 Resfam_ClassB        -            264   2.1e-65  226.5   0.0   1   1     9e-69   2.5e-65  226.3   0.0    12   255    16   258     2   265 0.91 -
WP_088524102.1       -            293 Resfam_ClassB        -            264   6.2e-64  221.7   0.0   1   1   2.5e-67   6.9e-64  221.5   0.0     6   264     2   292     1   292 0.94 -
WP_023408309.1       -            270 Resfam_ClassB        -            264   1.4e-63  220.5   0.4   1   1   5.8e-67   1.6e-63  220.3   0.4     8   254    13   268     6   270 0.90 -
YP_008766430.1       -            270 Resfam_ClassB        -            264   1.4e-63  220.5   0.4   1   1   5.8e-67   1.6e-63  220.3   0.4     8   254    13   268     6   270 0.90 -
WP_094009810.1       -            270 Resfam_ClassB        -            264   2.1e-63  219.9   0.4   1   1   8.9e-67   2.4e-63  219.7   0.4     8   254    13   268     6   270 0.90 -
WP_032495384.1       -            270 Resfam_ClassB        -            264   2.2e-63  219.9   0.4   1   1   9.2e-67   2.5e-63  219.7   0.4     8   254    13   268     6   270 0.90 -
WP_099156050.1       -            270 Resfam_ClassB        -            264   3.1e-63  219.4   0.4   1   1   1.3e-66   3.5e-63  219.2   0.4     8   254    13   268     6   270 0.90 -
WP_063860861.1       -            270 Resfam_ClassB        -            264   4.1e-63  219.0   0.4   1   1   1.7e-66   4.8e-63  218.8   0.4     8   254    13   268     6   270 0.90 -
WP_032495622.1       -            270 Resfam_ClassB        -            264   4.9e-63  218.7   0.5   1   1   2.1e-66   5.6e-63  218.5   0.5     8   254    13   268     6   270 0.90 -
WP_004201164.1       -            270 Resfam_ClassB        -            264   5.1e-63  218.7   0.5   1   1   2.1e-66   5.8e-63  218.5   0.5     8   254    13   268     6   270 0.90 -
YP_004765050.1       -            270 Resfam_ClassB        -            264   5.1e-63  218.7   0.5   1   1   2.1e-66   5.8e-63  218.5   0.5     8   254    13   268     6   270 0.90 -
YP_005351834.1       -            270 Resfam_ClassB        -            264   5.1e-63  218.7   0.5   1   1   2.1e-66   5.8e-63  218.5   0.5     8   254    13   268     6   270 0.90 -
YP_005352173.1       -            270 Resfam_ClassB        -            264   5.1e-63  218.7   0.5   1   1   2.1e-66   5.8e-63  218.5   0.5     8   254    13   268     6   270 0.90 -
YP_006903357.1       -            270 Resfam_ClassB        -            264   5.1e-63  218.7   0.5   1   1   2.1e-66   5.8e-63  218.5   0.5     8   254    13   268     6   270 0.90 -
YP_006939981.1       -            270 Resfam_ClassB        -            264   5.1e-63  218.7   0.5   1   1   2.1e-66   5.8e-63  218.5   0.5     8   254    13   268     6   270 0.90 -
YP_006952434.1       -            270 Resfam_ClassB        -            264   5.1e-63  218.7   0.5   1   1   2.1e-66   5.8e-63  218.5   0.5     8   254    13   268     6   270 0.90 -
YP_006953215.1       -            270 Resfam_ClassB        -            264   5.1e-63  218.7   0.5   1   1   2.1e-66   5.8e-63  218.5   0.5     8   254    13   268     6   270 0.90 -
YP_006953875.1       -            270 Resfam_ClassB        -            264   5.1e-63  218.7   0.5   1   1   2.1e-66   5.8e-63  218.5   0.5     8   254    13   268     6   270 0.90 -
YP_006958736.1       -            270 Resfam_ClassB        -            264   5.1e-63  218.7   0.5   1   1   2.1e-66   5.8e-63  218.5   0.5     8   254    13   268     6   270 0.90 -
YP_006959150.1       -            270 Resfam_ClassB        -            264   5.1e-63  218.7   0.5   1   1   2.1e-66   5.8e-63  218.5   0.5     8   254    13   268     6   270 0.90 -
YP_006959255.1       -            270 Resfam_ClassB        -            264   5.1e-63  218.7   0.5   1   1   2.1e-66   5.8e-63  218.5   0.5     8   254    13   268     6   270 0.90 -
YP_006959318.1       -            270 Resfam_ClassB        -            264   5.1e-63  218.7   0.5   1   1   2.1e-66   5.8e-63  218.5   0.5     8   254    13   268     6   270 0.90 -
YP_006961648.1       -            270 Resfam_ClassB        -            264   5.1e-63  218.7   0.5   1   1   2.1e-66   5.8e-63  218.5   0.5     8   254    13   268     6   270 0.90 -
YP_006961799.1       -            270 Resfam_ClassB        -            264   5.1e-63  218.7   0.5   1   1   2.1e-66   5.8e-63  218.5   0.5     8   254    13   268     6   270 0.90 -
YP_006964893.1       -            270 Resfam_ClassB        -            264   5.1e-63  218.7   0.5   1   1   2.1e-66   5.8e-63  218.5   0.5     8   254    13   268     6   270 0.90 -
YP_007195502.1       -            270 Resfam_ClassB        -            264   5.1e-63  218.7   0.5   1   1   2.1e-66   5.8e-63  218.5   0.5     8   254    13   268     6   270 0.90 -
YP_007599773.1       -            270 Resfam_ClassB        -            264   5.1e-63  218.7   0.5   1   1   2.1e-66   5.8e-63  218.5   0.5     8   254    13   268     6   270 0.90 -
YP_007641427.1       -            270 Resfam_ClassB        -            264   5.1e-63  218.7   0.5   1   1   2.1e-66   5.8e-63  218.5   0.5     8   254    13   268     6   270 0.90 -
YP_007652796.1       -            270 Resfam_ClassB        -            264   5.1e-63  218.7   0.5   1   1   2.1e-66   5.8e-63  218.5   0.5     8   254    13   268     6   270 0.90 -
YP_007936899.1       -            270 Resfam_ClassB        -            264   5.1e-63  218.7   0.5   1   1   2.1e-66   5.8e-63  218.5   0.5     8   254    13   268     6   270 0.90 -
YP_007969572.1       -            270 Resfam_ClassB        -            264   5.1e-63  218.7   0.5   1   1   2.1e-66   5.8e-63  218.5   0.5     8   254    13   268     6   270 0.90 -
YP_008691667.1       -            270 Resfam_ClassB        -            264   5.1e-63  218.7   0.5   1   1   2.1e-66   5.8e-63  218.5   0.5     8   254    13   268     6   270 0.90 -
YP_008719663.1       -            270 Resfam_ClassB        -            264   5.1e-63  218.7   0.5   1   1   2.1e-66   5.8e-63  218.5   0.5     8   254    13   268     6   270 0.90 -
YP_008998191.1       -            270 Resfam_ClassB        -            264   5.1e-63  218.7   0.5   1   1   2.1e-66   5.8e-63  218.5   0.5     8   254    13   268     6   270 0.90 -
YP_009023060.1       -            270 Resfam_ClassB        -            264   5.1e-63  218.7   0.5   1   1   2.1e-66   5.8e-63  218.5   0.5     8   254    13   268     6   270 0.90 -
YP_009023547.1       -            270 Resfam_ClassB        -            264   5.1e-63  218.7   0.5   1   1   2.1e-66   5.8e-63  218.5   0.5     8   254    13   268     6   270 0.90 -
YP_009023661.1       -            270 Resfam_ClassB        -            264   5.1e-63  218.7   0.5   1   1   2.1e-66   5.8e-63  218.5   0.5     8   254    13   268     6   270 0.90 -
YP_009059936.1       -            270 Resfam_ClassB        -            264   5.1e-63  218.7   0.5   1   1   2.1e-66   5.8e-63  218.5   0.5     8   254    13   268     6   270 0.90 -
YP_009060354.1       -            270 Resfam_ClassB        -            264   5.1e-63  218.7   0.5   1   1   2.1e-66   5.8e-63  218.5   0.5     8   254    13   268     6   270 0.90 -
YP_009062718.1       -            270 Resfam_ClassB        -            264   5.1e-63  218.7   0.5   1   1   2.1e-66   5.8e-63  218.5   0.5     8   254    13   268     6   270 0.90 -
YP_009062732.1       -            270 Resfam_ClassB        -            264   5.1e-63  218.7   0.5   1   1   2.1e-66   5.8e-63  218.5   0.5     8   254    13   268     6   270 0.90 -
YP_009066439.1       -            270 Resfam_ClassB        -            264   5.1e-63  218.7   0.5   1   1   2.1e-66   5.8e-63  218.5   0.5     8   254    13   268     6   270 0.90 -
YP_009067145.1       -            270 Resfam_ClassB        -            264   5.1e-63  218.7   0.5   1   1   2.1e-66   5.8e-63  218.5   0.5     8   254    13   268     6   270 0.90 -
YP_009067626.1       -            270 Resfam_ClassB        -            264   5.1e-63  218.7   0.5   1   1   2.1e-66   5.8e-63  218.5   0.5     8   254    13   268     6   270 0.90 -
YP_009071638.1       -            270 Resfam_ClassB        -            264   5.1e-63  218.7   0.5   1   1   2.1e-66   5.8e-63  218.5   0.5     8   254    13   268     6   270 0.90 -
WP_040110383.1       -            264 Resfam_ClassB        -            264   5.7e-63  218.5   0.5   1   1   2.3e-66   6.1e-63  218.4   0.5    10   254     9   262     1   264 0.90 -
WP_032492624.1       -            270 Resfam_ClassB        -            264     6e-63  218.4   0.4   1   1   2.5e-66   6.9e-63  218.2   0.4     8   254    13   268     6   270 0.90 -
WP_032495672.1       -            270 Resfam_ClassB        -            264   6.3e-63  218.4   0.5   1   1   2.7e-66   7.3e-63  218.2   0.5     8   254    13   268     6   270 0.90 -
WP_063860857.1       -            270 Resfam_ClassB        -            264   7.3e-63  218.2   0.4   1   1   3.1e-66   8.4e-63  218.0   0.4     8   254    13   268     6   270 0.90 -
WP_063860855.1       -            270 Resfam_ClassB        -            264     9e-63  217.9   0.5   1   1   3.8e-66     1e-62  217.7   0.5     8   254    13   268     6   270 0.90 -
WP_063860856.1       -            270 Resfam_ClassB        -            264   9.4e-63  217.8   0.5   1   1     4e-66   1.1e-62  217.6   0.5     8   254    13   268     6   270 0.90 -
WP_032492661.1       -            270 Resfam_ClassB        -            264   1.1e-62  217.5   0.5   1   1   4.8e-66   1.3e-62  217.3   0.5     8   254    13   268     6   270 0.90 -
WP_024266190.1       -            244 Resfam_ClassB        -            264   3.5e-62  215.9   0.6   1   1   1.5e-65     4e-62  215.7   0.6    36   254    22   242     8   244 0.95 -
YP_009023108.1       -            244 Resfam_ClassB        -            264   3.5e-62  215.9   0.6   1   1   1.5e-65     4e-62  215.7   0.6    36   254    22   242     8   244 0.95 -
WP_080996442.1       -            259 Resfam_ClassB        -            264     1e-58  204.5   0.0   1   1   4.6e-62   1.2e-58  204.3   0.0    34   258    32   257    12   259 0.86 -
WP_051909963.1       -            278 Resfam_ClassB        -            264   2.8e-55  193.3   0.0   1   1   1.1e-58   3.1e-55  193.2   0.0    20   262    11   274     1   276 0.90 -
WP_081048762.1       -            266 Resfam_ClassB        -            264   5.3e-55  192.4   0.0   1   1   2.4e-58   6.5e-55  192.1   0.0    26   253    21   266     1   266 0.88 -
WP_021740572.1       -            185 Resfam_ClassB        -            264   1.9e-52  184.0   1.9   1   1   7.8e-56   2.1e-52  183.9   1.9    72   254     2   183     1   185 0.96 -
YP_008574922.1       -            185 Resfam_ClassB        -            264   1.9e-52  184.0   1.9   1   1   7.8e-56   2.1e-52  183.9   1.9    72   254     2   183     1   185 0.96 -
WP_069063840.1       -            305 Resfam_ClassB        -            264   2.5e-46  164.0   0.0   1   1     1e-49   2.8e-46  163.8   0.0    26   263    33   299     2   300 0.90 -
WP_051909814.1       -            341 Resfam_ClassB        -            264   4.3e-27  100.9   0.0   1   1   3.1e-30   8.3e-27  100.0   0.0    27   238    76   306    42   339 0.80 -
WP_071014336.1       -            319 Resfam_ClassB        -            264   8.4e-26   96.7   0.1   1   1     4e-29   1.1e-25   96.3   0.1    33   238    12   230     2   274 0.87 -
WP_058908648.1       -            319 Resfam_ClassB        -            264   8.6e-26   96.6   0.1   1   1   4.1e-29   1.1e-25   96.3   0.1    33   238    12   230     2   273 0.87 -
WP_019719986.1       -            319 Resfam_ClassB        -            264   1.5e-25   95.8   0.0   1   1   7.2e-29     2e-25   95.5   0.0    33   238    12   230     2   274 0.87 -
WP_043898217.1       -            319 Resfam_ClassB        -            264   1.7e-25   95.7   0.0   1   1   7.8e-29   2.1e-25   95.3   0.0    35   238    14   230     2   274 0.87 -
WP_013212018.1       -            319 Resfam_ClassB        -            264     2e-25   95.5   0.0   1   1   9.2e-29   2.5e-25   95.1   0.0    34   238    13   228     2   274 0.87 -
WP_003263205.1       -            319 Resfam_ClassB        -            264   3.6e-25   94.6   0.0   1   1   1.6e-28   4.3e-25   94.3   0.0    30   248     9   235     1   272 0.85 -
WP_011004001.1       -            319 Resfam_ClassB        -            264   3.6e-25   94.6   0.0   1   1   1.6e-28   4.3e-25   94.3   0.0    29   249     8   236     1   272 0.84 -
WP_087453021.1       -            319 Resfam_ClassB        -            264   3.7e-25   94.6   0.1   1   1   1.7e-28   4.8e-25   94.2   0.1    33   238    12   230     2   272 0.87 -
WP_028854245.1       -            319 Resfam_ClassB        -            264   3.8e-25   94.5   0.0   1   1   1.7e-28   4.6e-25   94.2   0.0    29   249     8   236     1   272 0.84 -
WP_028854563.1       -            319 Resfam_ClassB        -            264     5e-25   94.1   0.1   1   1   2.4e-28   6.4e-25   93.8   0.1    34   238    13   230     2   274 0.87 -
WP_043876877.1       -            319 Resfam_ClassB        -            264     5e-25   94.1   0.0   1   1   2.3e-28   6.3e-25   93.8   0.0    34   238    13   230     2   275 0.86 -
WP_016726977.1       -            319 Resfam_ClassB        -            264   5.3e-25   94.0   0.0   1   1   2.3e-28   6.4e-25   93.8   0.0    29   238     8   234     1   273 0.82 -
WP_014619270.1       -            319 Resfam_ClassB        -            264   5.4e-25   94.0   0.0   1   1   2.3e-28   6.4e-25   93.8   0.0    30   247     9   234     1   274 0.84 -
WP_013209671.1       -            319 Resfam_ClassB        -            264     6e-25   93.9   0.0   1   1   2.6e-28   7.1e-25   93.6   0.0    30   249     9   236     1   272 0.84 -
WP_014618832.1       -            319 Resfam_ClassB        -            264   6.7e-25   93.7   0.1   1   1   3.3e-28     9e-25   93.3   0.1    35   238    14   231     2   261 0.86 -
WP_042567798.1       -            319 Resfam_ClassB        -            264   6.8e-25   93.7   0.1   1   1   3.4e-28   9.2e-25   93.3   0.1    35   238    14   231     2   260 0.86 -
WP_013208089.1       -            319 Resfam_ClassB        -            264   8.2e-25   93.4   0.0   1   1   3.5e-28   9.5e-25   93.2   0.0    30   238     9   232     1   274 0.83 -
YP_003747972.1       -            319 Resfam_ClassB        -            264   8.2e-25   93.4   0.0   1   1   3.5e-28   9.5e-25   93.2   0.0    30   238     9   232     1   274 0.83 -
WP_014631253.1       -            319 Resfam_ClassB        -            264   1.1e-24   93.0   0.0   1   1   4.8e-28   1.3e-24   92.7   0.0    29   238     8   247     1   274 0.82 -
WP_064046362.1       -            319 Resfam_ClassB        -            264   1.5e-24   92.6   0.0   1   1   6.4e-28   1.8e-24   92.3   0.0    30   238     9   232     1   274 0.83 -
WP_075466576.1       -            319 Resfam_ClassB        -            264   3.3e-24   91.4   0.0   1   1   1.4e-27   3.9e-24   91.2   0.0    30   249     9   236     1   272 0.84 -
WP_017268105.1       -            305 Resfam_ClassB        -            264   5.2e-21   81.0   0.6   1   1   2.6e-24   7.1e-21   80.5   0.6    31   251    32   253     3   284 0.79 -
WP_088200126.1       -            305 Resfam_ClassB        -            264   5.4e-21   80.9   0.6   1   1   2.7e-24   7.5e-21   80.4   0.6    32   251    33   253     4   284 0.79 -
WP_011654891.1       -            321 Resfam_ClassB        -            264   7.6e-21   80.4   0.1   1   1   4.2e-24   1.1e-20   79.8   0.1    37   254    54   272     5   282 0.76 -
WP_041692960.1       -            305 Resfam_ClassB        -            264     2e-20   79.0   0.3   1   1   1.1e-23   2.9e-20   78.5   0.3    33   252    34   254     3   265 0.79 -
WP_017266317.1       -            305 Resfam_ClassB        -            264   2.2e-20   78.9   0.1   1   1   1.1e-23     3e-20   78.5   0.1    31   252    32   254     3   283 0.77 -
WP_037389129.1       -            321 Resfam_ClassB        -            264   2.3e-20   78.9   0.0   1   1   1.3e-23   3.5e-20   78.3   0.0    12   254    13   272     4   281 0.75 -
WP_088196186.1       -            321 Resfam_ClassB        -            264   2.3e-20   78.8   0.3   1   1   1.4e-23   3.9e-20   78.1   0.3    18   254    19   272     4   282 0.78 -
WP_020479730.1       -            305 Resfam_ClassB        -            264   3.1e-20   78.4   0.1   1   1   1.6e-23   4.3e-20   78.0   0.1    31   252    32   254     3   284 0.77 -
WP_088896320.1       -            305 Resfam_ClassB        -            264   3.4e-20   78.3   0.5   1   1   1.7e-23   4.6e-20   77.9   0.5    60   252    55   254    11   263 0.80 -
WP_041169822.1       -            305 Resfam_ClassB        -            264   4.1e-20   78.0   0.5   1   1     2e-23   5.6e-20   77.6   0.5    60   252    55   254    11   263 0.80 -
WP_079163955.1       -            294 Resfam_ClassB        -            264   5.6e-20   77.6   0.0   1   1     5e-23   1.4e-19   76.3   0.0    60   253    21   216     4   224 0.85 -
WP_087748611.1       -            319 Resfam_ClassB        -            264   9.2e-20   76.9   0.0   1   1   4.5e-23   1.2e-19   76.5   0.0    33   253    14   240     2   283 0.88 -
WP_052451925.1       -            340 Resfam_ClassB        -            264   2.4e-19   75.5   0.1   1   1   1.2e-22   3.3e-19   75.0   0.1    40   250    37   233    22   250 0.85 -
WP_014989593.1       -            359 Resfam_ClassB        -            264   2.4e-19   75.5   0.0   1   1   1.3e-22   3.4e-19   75.0   0.0    39   250    55   252    36   268 0.85 -
WP_088195361.1       -            359 Resfam_ClassB        -            264   2.4e-19   75.5   0.1   1   1   1.3e-22   3.5e-19   75.0   0.1    39   250    55   252    37   268 0.85 -
WP_042709403.1       -            340 Resfam_ClassB        -            264   3.3e-19   75.1   0.1   1   1   1.7e-22   4.6e-19   74.6   0.1    40   250    37   233    22   250 0.84 -
WP_017270009.1       -            359 Resfam_ClassB        -            264   3.5e-19   74.9   0.0   1   1   1.9e-22     5e-19   74.4   0.0    39   250    55   252    36   268 0.85 -
WP_082128375.1       -            310 Resfam_ClassB        -            264   7.9e-19   73.8   0.5   1   1   3.5e-22   9.7e-19   73.5   0.5     7   243     7   249     1   286 0.80 -
NP_396133.1          -            359 Resfam_ClassB        -            264     8e-19   73.8   0.0   1   1   4.2e-22   1.1e-18   73.3   0.0    41   250    57   252    45   272 0.81 -
WP_010974461.1       -            359 Resfam_ClassB        -            264     8e-19   73.8   0.0   1   1   4.2e-22   1.1e-18   73.3   0.0    41   250    57   252    45   272 0.81 -
WP_082566288.1       -            421 Resfam_ClassB        -            264   1.8e-18   72.6   0.1   1   1   1.8e-21   4.8e-18   71.2   0.1    28   259    18   271     5   278 0.73 -
WP_069694082.1       -            320 Resfam_ClassB        -            264   2.3e-18   72.3   0.0   1   1   1.1e-21   2.9e-18   71.9   0.0    29   247     7   230     1   243 0.86 -
WP_013836273.1       -            337 Resfam_ClassB        -            264   3.6e-18   71.7   0.0   1   1   1.9e-21   5.2e-18   71.1   0.0    36   196    81   236    63   323 0.76 -
WP_012760464.1       -            294 Resfam_ClassB        -            264   7.7e-18   70.6   0.0   1   1   3.9e-21   1.1e-17   70.1   0.0    68   257    48   268    46   274 0.90 -
WP_037381664.1       -            440 Resfam_ClassB        -            264   7.7e-18   70.6   0.0   1   1   8.8e-21   2.4e-17   68.9   0.0    34   254    27   277     1   281 0.83 -
WP_079432412.1       -            296 Resfam_ClassB        -            264   1.7e-17   69.5   0.0   1   1   1.6e-20   4.4e-17   68.1   0.0    59   252    21   217     2   226 0.82 -
WP_030558226.1       -            245 Resfam_ClassB        -            264   5.5e-17   67.8   0.2   1   1   6.7e-20   1.8e-16   66.0   0.2    59   244    11   232     1   243 0.83 -
WP_077591452.1       -            242 Resfam_ClassB        -            264   5.8e-17   67.7   0.0   1   1   2.6e-20     7e-17   67.4   0.0    41   255     2   236     1   240 0.81 -
WP_095437635.1       -            351 Resfam_ClassB        -            264     8e-17   67.2   0.0   1   1   4.6e-20   1.3e-16   66.6   0.0    30   190    67   214    10   290 0.78 -
NP_851488.1          -            319 Resfam_ClassB        -            264   8.3e-17   67.2   0.0   1   1   1.4e-19   3.8e-16   65.0   0.0    36   248    23   236     2   249 0.80 -
WP_011113147.1       -            319 Resfam_ClassB        -            264   8.3e-17   67.2   0.0   1   1   1.4e-19   3.8e-16   65.0   0.0    36   248    23   236     2   249 0.80 -
WP_013836293.1       -            327 Resfam_ClassB        -            264   3.1e-16   65.3   0.0   1   1   1.7e-19   4.8e-16   64.7   0.0    37   181    78   227     6   244 0.81 -
WP_102058290.1       -            386 Resfam_ClassB        -            264   4.7e-16   64.7   0.0   1   1   2.7e-19   7.3e-16   64.1   0.0    34   255    84   319    17   326 0.75 -
WP_041823683.1       -            237 Resfam_ClassB        -            264   7.4e-16   64.1   0.0   1   1     4e-19   1.1e-15   63.5   0.0    62   243    20   224    16   232 0.89 -
WP_103654418.1       -            267 Resfam_ClassB        -            264   1.5e-15   63.0   0.0   1   1   1.1e-18   2.9e-15   62.1   0.0    60   250    52   263     7   266 0.82 -
WP_104840129.1       -            316 Resfam_ClassB        -            264   1.7e-15   62.9   0.0   1   1     8e-19   2.2e-15   62.5   0.0    59   251    33   235     3   244 0.87 -
WP_025397185.1       -            293 Resfam_ClassB        -            264   1.9e-15   62.7   0.0   1   1   1.2e-18   3.2e-15   62.0   0.0    61   249    27   222    16   242 0.76 -
WP_060611021.1       -            263 Resfam_ClassB        -            264   2.4e-15   62.4   1.1   1   1   9.5e-18   2.6e-14   59.0   1.1    61   194    18   172    15   183 0.82 -
WP_104825534.1       -            435 Resfam_ClassB        -            264   3.9e-15   61.7   0.0   1   1   4.6e-18   1.3e-14   60.0   0.0    54   258    45   283    34   288 0.91 -
WP_102058491.1       -            291 Resfam_ClassB        -            264   4.6e-15   61.4   3.6   1   1   2.2e-18   5.9e-15   61.1   3.6    59   256    45   239     2   246 0.82 -
WP_025436456.1       -            212 Resfam_ClassB        -            264   7.2e-15   60.8   0.1   1   1   3.2e-18   8.7e-15   60.6   0.1    60   237    13   192     4   206 0.77 -
WP_016090640.1       -            306 Resfam_ClassB        -            264   7.6e-15   60.7   0.0   1   1   1.5e-17   4.1e-14   58.3   0.0    33   247     6   295     2   305 0.82 -
WP_001971685.1       -            211 Resfam_ClassB        -            264   7.8e-15   60.7   0.0   1   1   3.9e-18   1.1e-14   60.2   0.0    59   239    12   194     5   207 0.76 -
WP_011600070.1       -            249 Resfam_ClassB        -            264   1.1e-14   60.2   0.1   1   1   1.9e-17   5.1e-14   58.0   0.1    37   245     1   234     1   248 0.83 -
WP_012740759.1       -            207 Resfam_ClassB        -            264   1.4e-14   59.8   0.0   1   1   6.4e-18   1.7e-14   59.6   0.0    57   216    11   166     4   203 0.76 -
WP_064994881.1       -            289 Resfam_ClassB        -            264   1.8e-14   59.6   0.0   1   1     1e-17   2.9e-14   58.9   0.0    69   256    50   268    47   270 0.87 -
WP_027162022.1       -            289 Resfam_ClassB        -            264   1.8e-14   59.5   0.0   1   1     1e-17   2.9e-14   58.9   0.0    69   256    50   268    47   270 0.87 -
WP_003612364.1       -            488 Resfam_ClassB        -            264   1.8e-14   59.5   1.5   1   1   6.6e-18   1.8e-14   59.5   1.5    35   189   265   423   237   437 0.82 -
WP_020919391.1       -            435 Resfam_ClassB        -            264   1.8e-14   59.5   0.0   1   1   2.4e-17   6.4e-14   57.7   0.0    55   259    46   284    27   288 0.90 -
WP_064844679.1       -            435 Resfam_ClassB        -            264   1.9e-14   59.4   0.0   1   1   2.3e-17   6.2e-14   57.7   0.0    54   258    45   283    24   288 0.91 -
WP_077997699.1       -            286 Resfam_ClassB        -            264   2.1e-14   59.3   0.0   1   1   1.4e-17   3.7e-14   58.5   0.0    69   257    51   270    35   274 0.85 -
WP_002852433.1       -            198 Resfam_ClassB        -            264   2.8e-14   58.9   0.0   1   1   1.4e-17   3.8e-14   58.5   0.0    56   238     9   180     2   193 0.82 -
WP_096325281.1       -            283 Resfam_ClassB        -            264   2.9e-14   58.9   0.0   1   1   2.2e-17     6e-14   57.8   0.0    59   245     5   203     2   217 0.81 -
WP_085744538.1       -            435 Resfam_ClassB        -            264   2.9e-14   58.9   0.0   1   1   2.3e-17   6.2e-14   57.7   0.0    54   258    45   283    24   288 0.91 -
WP_030242185.1       -            305 Resfam_ClassB        -            264   3.1e-14   58.8   0.1   1   1   9.5e-17   2.6e-13   55.7   0.1    42   253    14   227     5   233 0.80 -
YP_009060633.1       -            305 Resfam_ClassB        -            264   3.1e-14   58.8   0.1   1   1   9.5e-17   2.6e-13   55.7   0.1    42   253    14   227     5   233 0.80 -
WP_077160829.1       -            311 Resfam_ClassB        -            264   3.8e-14   58.4   0.0   1   1   1.8e-17   4.9e-14   58.1   0.0    70   222    27   209    10   252 0.78 -
WP_014252266.1       -            311 Resfam_ClassB        -            264     4e-14   58.4   0.0   1   1   1.8e-17     5e-14   58.1   0.0    70   221    27   208    10   250 0.78 -
WP_078950791.1       -            295 Resfam_ClassB        -            264   4.8e-14   58.1   0.1   1   1   1.5e-16   4.1e-13   55.1   0.1    60   253    21   217     2   223 0.81 -
WP_017956708.1       -            301 Resfam_ClassB        -            264   4.9e-14   58.1   0.0   1   1     3e-17   8.2e-14   57.4   0.0    61   250    27   223    17   243 0.75 -
WP_086084248.1       -            293 Resfam_ClassB        -            264   5.5e-14   57.9   0.0   1   1     3e-17   8.3e-14   57.3   0.0    60   251    26   224    15   237 0.79 -
WP_013525257.1       -            289 Resfam_ClassB        -            264   5.7e-14   57.9   0.0   1   1   3.5e-17   9.7e-14   57.1   0.0    69   256    50   268    47   270 0.87 -
YP_004134485.1       -            289 Resfam_ClassB        -            264   5.7e-14   57.9   0.0   1   1   3.5e-17   9.7e-14   57.1   0.0    69   256    50   268    47   270 0.87 -
WP_033183305.1       -            293 Resfam_ClassB        -            264   5.8e-14   57.9   0.0   1   1   3.4e-17   9.2e-14   57.2   0.0    60   251    26   224    16   242 0.75 -
WP_025396975.1       -            293 Resfam_ClassB        -            264     6e-14   57.8   0.0   1   1   3.2e-17   8.8e-14   57.3   0.0    71   257    51   267    46   272 0.85 -
WP_012755454.1       -            293 Resfam_ClassB        -            264   7.6e-14   57.5   0.0   1   1   4.7e-17   1.3e-13   56.7   0.0    61   251    27   224    18   244 0.76 -
WP_016735822.1       -            293 Resfam_ClassB        -            264   8.1e-14   57.4   0.0   1   1   5.1e-17   1.4e-13   56.6   0.0    61   253    27   226    16   237 0.79 -
WP_108546743.1       -            316 Resfam_ClassB        -            264   9.1e-14   57.2   0.0   1   1   4.3e-17   1.2e-13   56.9   0.0     9   250     7   255     1   259 0.86 -
WP_045460501.1       -            311 Resfam_ClassB        -            264   9.4e-14   57.2   0.0   1   1   4.3e-17   1.2e-13   56.9   0.0    70   221    27   208    10   250 0.78 -
WP_040138229.1       -            303 Resfam_ClassB        -            264   9.6e-14   57.1   0.0   1   1   4.9e-17   1.3e-13   56.7   0.0    70   257    59   277    55   282 0.84 -
WP_011649459.1       -            293 Resfam_ClassB        -            264     1e-13   57.1   0.0   1   1   5.9e-17   1.6e-13   56.4   0.0    61   253    27   226    16   239 0.77 -
WP_063173938.1       -            289 Resfam_ClassB        -            264   1.1e-13   57.0   0.0   1   1   6.7e-17   1.8e-13   56.2   0.0    69   256    50   268    47   270 0.87 -
WP_105009043.1       -            293 Resfam_ClassB        -            264   1.1e-13   56.9   0.0   1   1   6.5e-17   1.8e-13   56.3   0.0    60   252    26   225    16   242 0.76 -
WP_015141800.1       -            249 Resfam_ClassB        -            264   1.4e-13   56.6   0.0   1   1   8.9e-17   2.4e-13   55.8   0.0    56   188    35   180    22   218 0.89 -
YP_007079049.1       -            249 Resfam_ClassB        -            264   1.4e-13   56.6   0.0   1   1   8.9e-17   2.4e-13   55.8   0.0    56   188    35   180    22   218 0.89 -
YP_009063402.1       -            249 Resfam_ClassB        -            264   1.4e-13   56.6   0.0   1   1   8.9e-17   2.4e-13   55.8   0.0    56   188    35   180    22   218 0.89 -
WP_012556192.1       -            293 Resfam_ClassB        -            264   1.4e-13   56.6   0.0   1   1   9.6e-17   2.6e-13   55.7   0.0    61   254    27   227    16   233 0.80 -
WP_078210016.1       -            249 Resfam_ClassB        -            264   1.5e-13   56.5   0.0   1   1   1.1e-16   3.1e-13   55.4   0.0    57   187    36   179    23   196 0.89 -
WP_064844333.1       -            293 Resfam_ClassB        -            264   1.8e-13   56.2   0.0   1   1   1.6e-16   4.4e-13   55.0   0.0    60   254    26   227    14   234 0.73 -
WP_103040830.1       -            303 Resfam_ClassB        -            264   1.9e-13   56.2   0.0   1   1   9.4e-17   2.6e-13   55.7   0.0    69   257    58   277    55   283 0.83 -
WP_104833419.1       -            214 Resfam_ClassB        -            264     2e-13   56.1   0.0   1   1   9.3e-17   2.5e-13   55.7   0.0    52   238    15   201     2   213 0.74 -
WP_100002512.1       -            299 Resfam_ClassB        -            264     2e-13   56.1   0.0   1   1   8.7e-17   2.4e-13   55.8   0.0    60   238    45   237     3   284 0.80 -
WP_095438885.1       -            293 Resfam_ClassB        -            264     2e-13   56.1   0.0   1   1   1.6e-16   4.3e-13   55.0   0.0    72   256    51   266    47   269 0.82 -
WP_014200035.1       -            309 Resfam_ClassB        -            264   2.1e-13   56.0   0.0   1   1   1.1e-16     3e-13   55.5   0.0    68   257    63   283    61   289 0.82 -
WP_011428586.1       -            293 Resfam_ClassB        -            264   2.2e-13   56.0   0.0   1   1   1.2e-16   3.2e-13   55.4   0.0    60   247    26   220    16   244 0.79 -
WP_018245898.1       -            292 Resfam_ClassB        -            264   2.2e-13   56.0   0.0   1   1   1.3e-16   3.5e-13   55.3   0.0    61   251    27   224    16   241 0.76 -
WP_044044099.1       -            311 Resfam_ClassB        -            264   2.4e-13   55.9   0.0   1   1   1.1e-16   2.9e-13   55.6   0.0    70   193    27   181    10   246 0.82 -
WP_004060537.1       -            420 Resfam_ClassB        -            264   2.4e-13   55.8   0.0   1   1     2e-16   5.5e-13   54.6   0.0    50   257    30   264    13   270 0.78 -
NP_396071.2          -            256 Resfam_ClassB        -            264   2.7e-13   55.6   0.1   1   1     3e-16   8.1e-13   54.1   0.1    53   237    19   241     6   253 0.84 -
WP_010974402.1       -            256 Resfam_ClassB        -            264   2.7e-13   55.6   0.1   1   1     3e-16   8.1e-13   54.1   0.1    53   237    19   241     6   253 0.84 -
WP_076846175.1       -            256 Resfam_ClassB        -            264   2.9e-13   55.6   0.0   1   1   3.2e-16   8.7e-13   54.0   0.0    53   237    19   241     6   253 0.84 -
WP_011599060.1       -            251 Resfam_ClassB        -            264   3.3e-13   55.4   0.9   1   1     2e-15   5.6e-12   51.4   0.9    40   244     6   235     2   250 0.79 -
WP_080863985.1       -            256 Resfam_ClassB        -            264   3.3e-13   55.4   0.1   1   1   3.7e-16     1e-12   53.8   0.1    53   237    19   241     6   253 0.82 -
WP_095448453.1       -            279 Resfam_ClassB        -            264   4.4e-13   55.0   0.0   1   1   3.8e-16     1e-12   53.7   0.0    58   188    42   208    36   222 0.88 -
WP_111069724.1       -            308 Resfam_ClassB        -            264   4.5e-13   54.9   0.0   1   1   2.1e-16   5.7e-13   54.6   0.0    16   250     4   247     1   251 0.87 -
WP_064807574.1       -            293 Resfam_ClassB        -            264   4.7e-13   54.9   0.0   1   1   2.5e-16   6.8e-13   54.3   0.0    61   251    27   224    15   237 0.77 -
WP_085861919.1       -            293 Resfam_ClassB        -            264   4.9e-13   54.8   0.0   1   1   2.5e-16   6.7e-13   54.4   0.0    61   251    27   224    15   245 0.79 -
WP_014188963.1       -            316 Resfam_ClassB        -            264     5e-13   54.8   0.0   1   1   2.3e-16   6.3e-13   54.4   0.0     6   250     7   255     1   259 0.86 -
WP_081710590.1       -            246 Resfam_ClassB        -            264   5.4e-13   54.7   0.0   1   1   2.3e-15   6.3e-12   51.2   0.0    53   244    31   199    10   218 0.80 -
WP_102115041.1       -            332 Resfam_ClassB        -            264   5.8e-13   54.6   0.0   1   1   3.1e-16   8.5e-13   54.0   0.0    16   258    25   288    14   292 0.80 -
WP_037145749.1       -            293 Resfam_ClassB        -            264     8e-13   54.1   0.0   1   1   5.1e-16   1.4e-12   53.3   0.0    61   252    27   225    16   237 0.79 -
WP_043753593.1       -            277 Resfam_ClassB        -            264   8.1e-13   54.1   0.0   1   1   3.5e-15   9.5e-12   50.6   0.0    53   244    36   204    16   223 0.80 -
WP_028093934.1       -            272 Resfam_ClassB        -            264   8.3e-13   54.1   0.0   1   1   3.3e-15   8.9e-12   50.7   0.0    53   243    31   198    10   219 0.76 -
WP_064830168.1       -            293 Resfam_ClassB        -            264   8.9e-13   54.0   0.0   1   1   5.5e-16   1.5e-12   53.2   0.0    61   252    27   225    18   238 0.79 -
WP_088198382.1       -            324 Resfam_ClassB        -            264   9.1e-13   53.9   0.1   1   1   5.4e-16   1.5e-12   53.3   0.1    55   176    86   234    11   244 0.77 -
WP_088201012.1       -            324 Resfam_ClassB        -            264   9.5e-13   53.9   0.1   1   1   5.5e-16   1.5e-12   53.2   0.1    55   176    86   234    11   244 0.77 -
WP_064844463.1       -            293 Resfam_ClassB        -            264   9.8e-13   53.8   0.0   1   1   6.2e-16   1.7e-12   53.0   0.0    61   252    27   225    18   238 0.78 -
WP_010009139.1       -            293 Resfam_ClassB        -            264   9.8e-13   53.8   0.0   1   1   6.2e-16   1.7e-12   53.0   0.0    61   252    27   225    18   238 0.78 -
WP_016204410.1       -            378 Resfam_ClassB        -            264   1.1e-12   53.7   0.0   1   1   5.5e-16   1.5e-12   53.2   0.0    28   238   106   303    73   338 0.75 -
WP_060499178.1       -            318 Resfam_ClassB        -            264   1.1e-12   53.7   0.0   1   1   5.2e-16   1.4e-12   53.3   0.0    29   246    15   242     1   255 0.84 -
WP_007635285.1       -            292 Resfam_ClassB        -            264   1.1e-12   53.7   0.0   1   1   6.4e-16   1.7e-12   53.0   0.0    60   246    26   219    16   244 0.76 -
WP_020919650.1       -            293 Resfam_ClassB        -            264   1.2e-12   53.6   0.0   1   1   7.2e-16     2e-12   52.8   0.0    61   251    27   224    15   237 0.77 -
WP_085781695.1       -            296 Resfam_ClassB        -            264   1.5e-12   53.2   0.0   1   1   8.4e-16   2.3e-12   52.6   0.0    61   251    27   224    17   232 0.76 -
WP_072641494.1       -            293 Resfam_ClassB        -            264   1.6e-12   53.1   0.0   1   1   9.2e-16   2.5e-12   52.5   0.0    61   250    27   223    16   239 0.74 -
WP_094306074.1       -            299 Resfam_ClassB        -            264   1.9e-12   52.9   0.0   1   1   9.6e-16   2.6e-12   52.4   0.0    68   257    53   273    50   279 0.84 -
WP_085740650.1       -            293 Resfam_ClassB        -            264     2e-12   52.8   0.0   1   1   1.2e-15   3.4e-12   52.1   0.0    61   247    27   220    17   243 0.76 -
WP_008550826.1       -            316 Resfam_ClassB        -            264   2.1e-12   52.7   0.1   1   1   2.7e-15   7.4e-12   51.0   0.1    34   254     8   238     2   246 0.87 -
WP_060577218.1       -            318 Resfam_ClassB        -            264   2.2e-12   52.7   0.1   1   1   6.8e-15   1.9e-11   49.6   0.1    60   257    28   252    24   256 0.80 -
WP_064812662.1       -            293 Resfam_ClassB        -            264   2.2e-12   52.7   0.0   1   1   1.2e-15   3.3e-12   52.1   0.0    61   251    27   224    15   234 0.80 -
WP_046601177.1       -            444 Resfam_ClassB        -            264   2.2e-12   52.6   0.0   1   1   1.6e-14   4.5e-11   48.4   0.0    51   258    49   290    18   295 0.84 -
WP_006054555.1       -            420 Resfam_ClassB        -            264   2.5e-12   52.5   0.7   1   1     5e-15   1.4e-11   50.1   0.7    39   256    23   263    13   270 0.81 -
WP_011295814.1       -            327 Resfam_ClassB        -            264   2.8e-12   52.3   0.1   1   1   3.3e-15     9e-12   50.7   0.1    58   183    91   238     2   246 0.85 -
WP_025415057.1       -            357 Resfam_ClassB        -            264   2.9e-12   52.3   0.0   1   1   5.1e-15   1.4e-11   50.1   0.0     8   252     4   292     1   304 0.86 -
WP_040112542.1       -            291 Resfam_ClassB        -            264     3e-12   52.3   0.0   1   1   1.9e-15   5.1e-12   51.5   0.0    61   250    27   223    16   237 0.76 -
WP_040142398.1       -            291 Resfam_ClassB        -            264     3e-12   52.3   0.0   1   1   1.9e-15   5.1e-12   51.5   0.0    61   250    27   223    16   237 0.76 -
WP_012975952.1       -            338 Resfam_ClassB        -            264     3e-12   52.2   0.1   1   1   1.5e-15   4.2e-12   51.8   0.1    26   250    27   277     3   281 0.85 -
WP_037390710.1       -            253 Resfam_ClassB        -            264   3.1e-12   52.2   0.0   1   1   2.2e-15   6.1e-12   51.2   0.0    56   201    28   194    18   241 0.80 -
WP_109332536.1       -            318 Resfam_ClassB        -            264   3.3e-12   52.1   0.1   1   1   2.4e-15   6.6e-12   51.1   0.1    32   238    32   251     7   278 0.74 -
WP_077989109.1       -            291 Resfam_ClassB        -            264   3.4e-12   52.1   0.0   1   1   2.2e-15   5.9e-12   51.3   0.0    61   250    27   223    16   237 0.77 -
WP_096541738.1       -            288 Resfam_ClassB        -            264   3.9e-12   51.8   0.0   1   1   2.3e-15   6.3e-12   51.2   0.0    57   178    29   188    18   198 0.89 -
WP_003572747.1       -            292 Resfam_ClassB        -            264   4.1e-12   51.8   0.0   1   1   2.5e-15   6.7e-12   51.1   0.0    60   251    26   223    16   233 0.78 -
WP_045462833.1       -            255 Resfam_ClassB        -            264   4.2e-12   51.8   0.6   1   2   2.6e-05     0.072   18.2   0.8    58   118    30    86     6    93 0.78 -
WP_045462833.1       -            255 Resfam_ClassB        -            264   4.2e-12   51.8   0.6   2   2   2.3e-09   6.1e-06   31.5   0.0   158   251   160   249   124   255 0.79 -
WP_104825403.1       -            297 Resfam_ClassB        -            264   4.2e-12   51.7   0.0   1   1   3.2e-15   8.8e-12   50.7   0.0    50   190    52   224    33   237 0.82 -
WP_065493928.1       -            226 Resfam_ClassB        -            264   4.5e-12   51.7   0.1   1   1     2e-15   5.6e-12   51.4   0.1    52   238    34   207    14   224 0.84 -
WP_033646596.1       -            215 Resfam_ClassB        -            264   4.5e-12   51.7   0.0   1   1     2e-15   5.4e-12   51.4   0.0    60   189    15   146     5   210 0.82 -
WP_069063061.1       -            243 Resfam_ClassB        -            264   4.6e-12   51.6   0.0   1   1   1.9e-15   5.2e-12   51.4   0.0    57   251    30   235     6   243 0.84 -
WP_015242069.1       -            324 Resfam_ClassB        -            264   5.2e-12   51.5   0.1   1   1   2.8e-15   7.8e-12   50.9   0.1    56   176    89   234     9   247 0.80 -
WP_109336436.1       -            226 Resfam_ClassB        -            264   5.5e-12   51.4   0.2   1   1   2.5e-15   6.9e-12   51.0   0.2    55   238    37   210    19   224 0.82 -
WP_034799830.1       -            324 Resfam_ClassB        -            264     6e-12   51.2   0.0   1   1   4.2e-15   1.1e-11   50.3   0.0    37   176    62   234    11   238 0.78 -
WP_108970557.1       -            316 Resfam_ClassB        -            264   7.3e-12   51.0   0.0   1   1   3.8e-15     1e-11   50.5   0.0    36   251    10   235     2   246 0.85 -
WP_052287700.1       -            309 Resfam_ClassB        -            264   7.4e-12   51.0   2.1   1   1   1.1e-14   3.1e-11   48.9   2.1    60   194    34   186    12   266 0.76 -
WP_040139938.1       -            253 Resfam_ClassB        -            264   7.5e-12   50.9   0.0   1   1   4.9e-15   1.3e-11   50.1   0.0    57   201    29   195    21   245 0.75 -
WP_012623352.1       -            258 Resfam_ClassB        -            264   7.6e-12   50.9   0.9   1   1   2.7e-14   7.2e-11   47.7   0.9    59   240    32   245    17   256 0.85 -
WP_104992572.1       -            221 Resfam_ClassB        -            264   7.6e-12   50.9   0.0   1   1   7.6e-15   2.1e-11   49.5   0.0    60   249    16   210    12   213 0.80 -
WP_033642573.1       -            215 Resfam_ClassB        -            264   8.7e-12   50.7   0.0   1   1   3.8e-15     1e-11   50.5   0.0    60   189    15   146     5   210 0.82 -
WP_085021819.1       -            261 Resfam_ClassB        -            264   9.1e-12   50.6   0.0   1   2   7.7e-11   2.1e-07   36.3   0.1    49   114    23   114     8   121 0.89 -
WP_085021819.1       -            261 Resfam_ClassB        -            264   9.1e-12   50.6   0.0   2   2    0.0031       8.3   11.4   0.0   163   235   167   245   134   255 0.85 -
WP_022557110.1       -            325 Resfam_ClassB        -            264   9.1e-12   50.6   0.5   1   1   1.9e-14   5.3e-11   48.2   0.5    54   190    88   242     1   267 0.69 -
WP_088196312.1       -            324 Resfam_ClassB        -            264   9.5e-12   50.6   0.1   1   1   5.3e-15   1.4e-11   50.0   0.1    56   176    89   234     9   246 0.80 -
WP_059058366.1       -            322 Resfam_ClassB        -            264   9.7e-12   50.6   0.4   1   1   5.1e-15   1.4e-11   50.1   0.4    36   252     3   248     1   256 0.85 -
WP_013881979.1       -            397 Resfam_ClassB        -            264   9.8e-12   50.6   0.0   1   1   6.5e-15   1.8e-11   49.7   0.0    33   252   118   330    87   339 0.78 -
WP_030003063.1       -            282 Resfam_ClassB        -            264     1e-11   50.5   0.4   1   1   4.8e-15   1.3e-11   50.1   0.4    57   253    26   230     2   250 0.80 -
WP_067435635.1       -            318 Resfam_ClassB        -            264     1e-11   50.5   0.1   1   1   4.9e-15   1.3e-11   50.1   0.1    26   188    26   234     1   257 0.76 -
WP_012740638.1       -            210 Resfam_ClassB        -            264   1.1e-11   50.4   0.0   1   1   4.8e-15   1.3e-11   50.1   0.0    58   187    11   143     2   168 0.83 -
WP_041036524.1       -            294 Resfam_ClassB        -            264   1.2e-11   50.3   0.5   1   1   5.6e-15   1.5e-11   49.9   0.5    47   246    29   237     4   266 0.82 -
NP_436244.1          -            324 Resfam_ClassB        -            264   1.2e-11   50.3   0.1   1   1   6.5e-15   1.8e-11   49.7   0.1    56   176    89   234     9   247 0.80 -
WP_010967956.1       -            324 Resfam_ClassB        -            264   1.2e-11   50.3   0.1   1   1   6.5e-15   1.8e-11   49.7   0.1    56   176    89   234     9   247 0.80 -
WP_014528884.1       -            324 Resfam_ClassB        -            264   1.2e-11   50.2   0.1   1   1   6.7e-15   1.8e-11   49.7   0.1    56   176    89   234     9   244 0.80 -
WP_088896111.1       -            324 Resfam_ClassB        -            264   1.2e-11   50.2   0.1   1   1   6.4e-15   1.7e-11   49.7   0.1    56   176    89   234     9   246 0.79 -
WP_095919112.1       -            324 Resfam_ClassB        -            264   1.4e-11   50.0   0.1   1   1   7.4e-15     2e-11   49.5   0.1    56   176    89   234     9   246 0.82 -
WP_104840266.1       -            299 Resfam_ClassB        -            264   1.8e-11   49.6   0.0   1   1   9.4e-15   2.6e-11   49.2   0.0    69   257    54   273    51   279 0.79 -
WP_017264865.1       -            324 Resfam_ClassB        -            264   2.2e-11   49.4   0.1   1   1   1.2e-14   3.3e-11   48.8   0.1    56   176    89   234     9   247 0.79 -
WP_097374483.1       -            243 Resfam_ClassB        -            264   2.2e-11   49.4   0.0   1   1   6.3e-14   1.7e-10   46.5   0.0    59   238     5   177     1   229 0.82 -
WP_080289005.1       -            298 Resfam_ClassB        -            264   2.2e-11   49.4   0.0   1   1     1e-14   2.8e-11   49.0   0.0    31   190    37   216    12   258 0.79 -
WP_014194360.1       -            339 Resfam_ClassB        -            264   2.3e-11   49.3   0.1   1   1   1.2e-14   3.3e-11   48.8   0.1    48   190    94   257    11   296 0.74 -
WP_082321354.1       -            366 Resfam_ClassB        -            264   2.8e-11   49.0   0.0   1   2       1.2   3.2e+03    3.0   0.0     8    61    36    89    27    99 0.63 -
WP_082321354.1       -            366 Resfam_ClassB        -            264   2.8e-11   49.0   0.0   2   2   5.6e-13   1.5e-09   43.4   0.0    53   186   127   278   118   283 0.84 -
WP_064254136.1       -            253 Resfam_ClassB        -            264   3.2e-11   48.9   0.0   1   1   2.4e-14   6.5e-11   47.9   0.0    56   204    28   197    19   245 0.77 -
WP_012489978.1       -            293 Resfam_ClassB        -            264   3.2e-11   48.9   0.0   1   1   2.1e-14   5.7e-11   48.0   0.0    63   252    29   225    21   237 0.77 -
WP_108437523.1       -            314 Resfam_ClassB        -            264   3.3e-11   48.8   0.0   1   1   2.1e-14   5.6e-11   48.1   0.0    68   247    69   280    66   309 0.80 -
WP_004674371.1       -            253 Resfam_ClassB        -            264   3.4e-11   48.8   0.0   1   1   1.7e-14   4.7e-11   48.3   0.0    57   198    29   192    16   240 0.80 -
WP_079239465.1       -            302 Resfam_ClassB        -            264   3.7e-11   48.6   0.1   1   1   2.2e-14     6e-11   48.0   0.1    61   240    85   295    51   300 0.82 -
WP_077988397.1       -            253 Resfam_ClassB        -            264   3.8e-11   48.6   0.0   1   1   2.8e-14   7.6e-11   47.6   0.0    56   207    28   201     9   247 0.75 -
WP_045063479.1       -            322 Resfam_ClassB        -            264   3.9e-11   48.6   0.0   1   1   2.1e-14   5.8e-11   48.0   0.0    53   250    26   248     6   260 0.79 -
WP_035201116.1       -            262 Resfam_ClassB        -            264     4e-11   48.6   0.0   1   1   2.9e-14     8e-11   47.6   0.0    62   237    36   247    20   260 0.84 -
WP_065092729.1       -            253 Resfam_ClassB        -            264   4.2e-11   48.5   0.0   1   1   2.1e-14   5.8e-11   48.0   0.0    57   196    29   190    16   239 0.81 -
WP_060577408.1       -            344 Resfam_ClassB        -            264   4.8e-11   48.3   0.1   1   1   4.7e-14   1.3e-10   46.9   0.1    59   256    38   276     2   281 0.80 -
WP_040136655.1       -            324 Resfam_ClassB        -            264     5e-11   48.2   0.0   1   1   2.6e-14   7.1e-11   47.7   0.0    26   259    25   281     4   286 0.76 -
WP_064842420.1       -            253 Resfam_ClassB        -            264     5e-11   48.2   0.0   1   1   2.5e-14   6.8e-11   47.8   0.0    57   196    29   190    16   239 0.81 -
WP_088202216.1       -            324 Resfam_ClassB        -            264   5.1e-11   48.2   0.1   1   1   2.8e-14   7.8e-11   47.6   0.1    56   176    89   234     9   247 0.79 -
WP_049955074.1       -            377 Resfam_ClassB        -            264   6.1e-11   47.9   0.0   1   1   3.2e-14   8.7e-11   47.4   0.0    30   237   103   297    69   350 0.75 -
WP_015451909.1       -            317 Resfam_ClassB        -            264   6.1e-11   47.9   0.0   1   1   3.7e-13     1e-09   44.0   0.0    64   260    57   264    50   268 0.86 -
WP_024315014.1       -            244 Resfam_ClassB        -            264   6.6e-11   47.8   0.0   1   1   2.8e-14   7.6e-11   47.6   0.0    57   257    30   241     5   244 0.80 -
WP_110411934.1       -            325 Resfam_ClassB        -            264   6.8e-11   47.8   0.2   1   1   3.2e-14   8.7e-11   47.4   0.2    26   188    25   233     1   299 0.78 -
WP_111068850.1       -            301 Resfam_ClassB        -            264   7.4e-11   47.7   0.0   1   1   5.4e-14   1.5e-10   46.7   0.0    69   257    54   273    51   277 0.78 -
WP_095436693.1       -            303 Resfam_ClassB        -            264   8.1e-11   47.5   0.3   1   1   1.8e-13   4.8e-10   45.0   0.2    59   189    71   226    60   247 0.76 -
WP_094231187.1       -            256 Resfam_ClassB        -            264   8.4e-11   47.5   0.0   1   1   8.2e-14   2.2e-10   46.1   0.0    53   237    19   241     6   251 0.78 -
WP_039857736.1       -            242 Resfam_ClassB        -            264   8.6e-11   47.5   0.0   1   1     4e-14   1.1e-10   47.1   0.0    38   250    11   234     3   240 0.77 -
WP_012706246.1       -            294 Resfam_ClassB        -            264   8.9e-11   47.4   0.0   1   1   4.3e-14   1.2e-10   47.0   0.0    56   238    43   226    24   255 0.75 -
YP_002822400.1       -            294 Resfam_ClassB        -            264   8.9e-11   47.4   0.0   1   1   4.3e-14   1.2e-10   47.0   0.0    56   238    43   226    24   255 0.75 -
WP_037395590.1       -            324 Resfam_ClassB        -            264   8.9e-11   47.4   0.0   1   1   5.1e-14   1.4e-10   46.8   0.0    55   184    87   238    10   265 0.74 -
WP_044460158.1       -            303 Resfam_ClassB        -            264     9e-11   47.4   0.1   1   1   8.1e-14   2.2e-10   46.1   0.1    59   188    71   225    49   244 0.80 -
WP_049155415.1       -            288 Resfam_ClassB        -            264   9.7e-11   47.3   0.0   1   1     1e-13   2.8e-10   45.8   0.0    52   188    39   200    13   218 0.76 -
WP_002902291.1       -            288 Resfam_ClassB        -            264   9.8e-11   47.3   0.0   1   1   8.4e-14   2.3e-10   46.1   0.0    52   187    39   199    13   217 0.76 -
#
# Program:         hmmsearch
# Version:         3.1b2 (February 2015)
# Pipeline mode:   SEARCH
# Query file:      /mnt/research/ShadeLab/Dunivin/gene_targeted_assembly/RDPTools/Xander_assembler/gene_resource/ClassB/originaldata/ClassB.hmm
# Target file:     /mnt/research/ShadeLab/Dunivin/hmmsearch/refseq/protein_files/plasmid.protein.fa
# Option settings: /opt/software/HMMER/3.1b2--GCC-4.8.3/bin/hmmsearch -o /mnt/research/ShadeLab/Dunivin/hmmsearch/refseq/hmm_outputs/ClassB.plasmid.protein.fa.stdout.txt -A /mnt/research/ShadeLab/Dunivin/hmmsearch/refseq/hmm_outputs/ClassB.plasmid.protein.fa.alignment.0.0000000001.txt --domtblout /mnt/research/ShadeLab/Dunivin/hmmsearch/refseq/hmm_outputs/ClassB.plasmid.protein.fa.0.0000000001.tbl.txt -E 0.0000000001 --cpu 8 /mnt/research/ShadeLab/Dunivin/gene_targeted_assembly/RDPTools/Xander_assembler/gene_resource/ClassB/originaldata/ClassB.hmm /mnt/research/ShadeLab/Dunivin/hmmsearch/refseq/protein_files/plasmid.protein.fa 
# Current dir:     /mnt/research/ShadeLab/Dunivin/hmmsearch/bin
# Date:            Wed Jul 25 14:06:42 2018
# [ok]
