#                                                                            --- full sequence --- -------------- this domain -------------   hmm coord   ali coord   env coord
# target name        accession   tlen query name           accession   qlen   E-value  score  bias   #  of  c-Evalue  i-Evalue  score  bias  from    to  from    to  from    to  acc description of target
#------------------- ---------- ----- -------------------- ---------- ----- --------- ------ ----- --- --- --------- --------- ------ ----- ----- ----- ----- ----- ----- ----- ---- ---------------------
WP_011448902.1       -            407 Resfam_ClassC-AmpC   -            385   4.9e-37  133.7   0.0   1   3   9.5e-21   7.2e-17   67.4   0.0    30   146    47   164    22   172 0.89 -
WP_011448902.1       -            407 Resfam_ClassC-AmpC   -            385   4.9e-37  133.7   0.0   2   3   2.9e-14   2.2e-10   46.0   0.0   154   298   195   346   189   353 0.86 -
WP_011448902.1       -            407 Resfam_ClassC-AmpC   -            385   4.9e-37  133.7   0.0   3   3     2e-05      0.15   16.9   0.0   337   378   355   396   346   401 0.90 -
WP_012945369.1       -            650 Resfam_ClassC-AmpC   -            385   7.9e-35  126.5   0.0   1   1   2.5e-38   1.9e-34  125.2   0.0    26   298    50   336    24   347 0.82 -
WP_076610409.1       -            645 Resfam_ClassC-AmpC   -            385   1.5e-33  122.2   0.0   1   2   8.5e-37   6.4e-33  120.2   0.0    28   299    47   332    25   342 0.83 -
WP_076610409.1       -            645 Resfam_ClassC-AmpC   -            385   1.5e-33  122.2   0.0   2   2       4.1   3.1e+04   -0.6   0.0   333   364   337   368   328   379 0.82 -
WP_011832712.1       -            533 Resfam_ClassC-AmpC   -            385   2.7e-33  121.4   0.0   1   2     4e-36     3e-32  118.0   0.0    27   302    54   345    44   358 0.82 -
WP_011832712.1       -            533 Resfam_ClassC-AmpC   -            385   2.7e-33  121.4   0.0   2   2      0.72   5.4e+03    1.9   0.0   335   362   349   376   340   386 0.84 -
WP_011021363.1       -            671 Resfam_ClassC-AmpC   -            385   6.5e-33  120.2   0.2   1   2   3.1e-36   2.3e-32  118.4   0.3    25   297    60   353    37   379 0.80 -
WP_011021363.1       -            671 Resfam_ClassC-AmpC   -            385   6.5e-33  120.2   0.2   2   2       3.3   2.5e+04   -0.3   0.0   334   366   361   393   350   407 0.79 -
WP_082089385.1       -            674 Resfam_ClassC-AmpC   -            385   2.4e-31  115.0   0.0   1   2   2.2e-34   1.6e-30  112.3   0.1    26   299    68   358    44   380 0.80 -
WP_082089385.1       -            674 Resfam_ClassC-AmpC   -            385   2.4e-31  115.0   0.0   2   2       1.5   1.1e+04    0.9   0.0   334   368   364   398   355   409 0.81 -
WP_058583652.1       -            655 Resfam_ClassC-AmpC   -            385   6.4e-31  113.6   0.0   1   2     2e-32   1.5e-28  105.8   0.0    13   267    25   292    14   323 0.82 -
WP_058583652.1       -            655 Resfam_ClassC-AmpC   -            385   6.4e-31  113.6   0.0   2   2     0.052   3.9e+02    5.7   0.0   334   366   332   364   325   380 0.81 -
WP_082089019.1       -            671 Resfam_ClassC-AmpC   -            385   9.9e-31  113.0   0.1   1   1   2.9e-34   2.2e-30  111.8   0.1    21   291    58   347    39   377 0.80 -
WP_082093070.1       -            671 Resfam_ClassC-AmpC   -            385     1e-30  112.9   0.1   1   1   3.1e-34   2.3e-30  111.8   0.1    21   291    58   347    39   377 0.80 -
WP_108381215.1       -            655 Resfam_ClassC-AmpC   -            385   1.3e-30  112.6   0.0   1   2     2e-32   1.5e-28  105.8   0.0    24   280    48   319    36   332 0.81 -
WP_108381215.1       -            655 Resfam_ClassC-AmpC   -            385   1.3e-30  112.6   0.0   2   2      0.12   8.7e+02    4.5   0.0   333   372   346   385   339   392 0.85 -
WP_052723173.1       -            652 Resfam_ClassC-AmpC   -            385   2.3e-30  111.8   0.1   1   1   5.4e-34     4e-30  111.0   0.1    23   313    41   348    17   362 0.81 -
WP_013881397.1       -            720 Resfam_ClassC-AmpC   -            385   3.6e-30  111.1   0.0   1   2     3e-33   2.3e-29  108.5   0.0    28   290    67   342    50   351 0.84 -
WP_013881397.1       -            720 Resfam_ClassC-AmpC   -            385   3.6e-30  111.1   0.0   2   2       2.9   2.2e+04   -0.1   0.0   346   365   370   389   349   396 0.77 -
WP_092935641.1       -            677 Resfam_ClassC-AmpC   -            385   3.8e-30  111.1   0.0   1   1   8.5e-34   6.4e-30  110.3   0.0    25   299    70   359    48   378 0.81 -
WP_089826835.1       -            662 Resfam_ClassC-AmpC   -            385   6.1e-30  110.4   0.0   1   1   1.2e-33     9e-30  109.8   0.0    28   308    65   359    50   376 0.83 -
WP_052722744.1       -            652 Resfam_ClassC-AmpC   -            385   7.2e-30  110.1   0.1   1   1   1.7e-33   1.3e-29  109.3   0.1    25   313    43   348    17   362 0.81 -
WP_010867262.1       -            447 Resfam_ClassC-AmpC   -            385   2.3e-29  108.5   0.1   1   2   7.5e-28   5.6e-24   90.7   0.0    37   277     9   266     4   279 0.79 -
WP_010867262.1       -            447 Resfam_ClassC-AmpC   -            385   2.3e-29  108.5   0.1   2   2   0.00014         1   14.2   0.1   333   366   297   330   292   345 0.86 -
WP_006054165.1       -            649 Resfam_ClassC-AmpC   -            385   5.6e-29  107.2   0.0   1   2     3e-31   2.3e-27  101.9   0.0    19   267    31   294    16   316 0.79 -
WP_006054165.1       -            649 Resfam_ClassC-AmpC   -            385   5.6e-29  107.2   0.0   2   2      0.38   2.8e+03    2.9   0.0   337   382   337   382   327   384 0.82 -
WP_013748139.1       -            447 Resfam_ClassC-AmpC   -            385   7.1e-29  106.9   0.0   1   2   1.5e-28   1.2e-24   93.0   0.0    37   264     9   255     4   275 0.80 -
WP_013748139.1       -            447 Resfam_ClassC-AmpC   -            385   7.1e-29  106.9   0.0   2   2    0.0021        16   10.3   0.1   333   368   297   333   292   346 0.84 -
WP_007997745.1       -            662 Resfam_ClassC-AmpC   -            385   7.7e-29  106.8   0.0   1   2   1.1e-31     8e-28  103.4   0.0    30   298    67   349    57   358 0.83 -
WP_007997745.1       -            662 Resfam_ClassC-AmpC   -            385   7.7e-29  106.8   0.0   2   2       1.2   9.2e+03    1.2   0.0   333   372   355   394   349   404 0.80 -
WP_090375769.1       -            696 Resfam_ClassC-AmpC   -            385   1.1e-28  106.3   0.0   1   1   2.1e-32   1.6e-28  105.7   0.0    26   314    73   375    49   388 0.85 -
WP_082122666.1       -            661 Resfam_ClassC-AmpC   -            385   1.6e-28  105.8   0.0   1   2   1.5e-31   1.1e-27  103.0   0.0    26   265    50   303    24   349 0.84 -
WP_082122666.1       -            661 Resfam_ClassC-AmpC   -            385   1.6e-28  105.8   0.0   2   2       1.8   1.3e+04    0.6   0.0   333   361   344   372   337   378 0.84 -
WP_012185189.1       -            453 Resfam_ClassC-AmpC   -            385   1.6e-28  105.7   0.0   1   2   2.6e-28   1.9e-24   92.3   0.0    34   270     7   263     4   283 0.80 -
WP_012185189.1       -            453 Resfam_ClassC-AmpC   -            385   1.6e-28  105.7   0.0   2   2    0.0037        28    9.4   0.1   334   365   304   335   296   351 0.87 -
WP_092904017.1       -            566 Resfam_ClassC-AmpC   -            385     2e-28  105.4   0.0   1   2   2.3e-29   1.7e-25   95.7   0.0    28   273    62   321    37   340 0.82 -
WP_092904017.1       -            566 Resfam_ClassC-AmpC   -            385     2e-28  105.4   0.0   2   2     0.014     1e+02    7.6   0.0   333   366   354   387   347   400 0.87 -
WP_049916764.1       -            651 Resfam_ClassC-AmpC   -            385   2.9e-28  104.8   0.0   1   2   1.1e-31   8.6e-28  103.3   0.0    21   286    39   323    20   338 0.80 -
WP_049916764.1       -            651 Resfam_ClassC-AmpC   -            385   2.9e-28  104.8   0.0   2   2       7.9     6e+04   -1.5   0.0   331   364   342   375   329   385 0.87 -
WP_089865251.1       -            648 Resfam_ClassC-AmpC   -            385   3.1e-28  104.8   0.0   1   2   1.8e-30   1.4e-26   99.3   0.0    16   265    34   298    16   321 0.78 -
WP_089865251.1       -            648 Resfam_ClassC-AmpC   -            385   3.1e-28  104.8   0.0   2   2      0.29   2.2e+03    3.2   0.0   331   372   340   381   334   387 0.81 -
WP_094526979.1       -            662 Resfam_ClassC-AmpC   -            385   3.4e-28  104.6   0.0   1   2   5.3e-30   3.9e-26   97.8   0.0    29   298    66   349    45   358 0.82 -
WP_094526979.1       -            662 Resfam_ClassC-AmpC   -            385   3.4e-28  104.6   0.0   2   2     0.066     5e+02    5.3   0.0   331   372   353   394   348   404 0.81 -
WP_089808319.1       -            651 Resfam_ClassC-AmpC   -            385   3.8e-28  104.5   0.0   1   2   4.1e-31   3.1e-27  101.5   0.0    26   285    45   322    25   337 0.83 -
WP_089808319.1       -            651 Resfam_ClassC-AmpC   -            385   3.8e-28  104.5   0.0   2   2       1.8   1.4e+04    0.6   0.0   332   373   343   384   336   391 0.82 -
WP_092700934.1       -            646 Resfam_ClassC-AmpC   -            385   5.1e-28  104.1   0.0   1   2   2.9e-29   2.2e-25   95.4   0.0    27   290    52   323    35   334 0.83 -
WP_092700934.1       -            646 Resfam_ClassC-AmpC   -            385   5.1e-28  104.1   0.0   2   2     0.028   2.1e+02    6.6   0.0   332   382   336   386   329   388 0.87 -
WP_007276493.1       -            651 Resfam_ClassC-AmpC   -            385   2.4e-27  101.9   0.0   1   2   1.4e-30   1.1e-26   99.7   0.0    24   289    43   326    23   342 0.82 -
WP_007276493.1       -            651 Resfam_ClassC-AmpC   -            385   2.4e-27  101.9   0.0   2   2       3.6   2.7e+04   -0.4   0.0   331   372   342   383   336   390 0.83 -
WP_109940281.1       -            406 Resfam_ClassC-AmpC   -            385   6.5e-27  100.4   0.0   1   3   2.3e-15   1.8e-11   49.6   0.0    26   159    37   171    13   198 0.85 -
WP_109940281.1       -            406 Resfam_ClassC-AmpC   -            385   6.5e-27  100.4   0.0   2   3   2.2e-11   1.7e-07   36.5   0.0   165   282   199   317   195   340 0.84 -
WP_109940281.1       -            406 Resfam_ClassC-AmpC   -            385   6.5e-27  100.4   0.0   3   3    0.0012       8.8   11.1   0.0   332   383   341   393   334   395 0.82 -
WP_008418905.1       -            635 Resfam_ClassC-AmpC   -            385   8.7e-27  100.0   0.0   1   1   1.6e-30   1.2e-26   99.5   0.0    28   299    41   326    20   359 0.83 -
WP_092894077.1       -            566 Resfam_ClassC-AmpC   -            385     1e-26   99.8   0.0   1   2     2e-28   1.5e-24   92.6   0.0    28   274    62   322    41   338 0.83 -
WP_092894077.1       -            566 Resfam_ClassC-AmpC   -            385     1e-26   99.8   0.0   2   2     0.082   6.1e+02    5.0   0.0   333   366   354   387   347   396 0.87 -
WP_052334927.1       -            600 Resfam_ClassC-AmpC   -            385     1e-26   99.7   0.0   1   2     8e-30     6e-26   97.2   0.0    30   282    10   269     3   280 0.82 -
WP_052334927.1       -            600 Resfam_ClassC-AmpC   -            385     1e-26   99.7   0.0   2   2         3   2.3e+04   -0.1   0.0   333   380   291   338   284   341 0.80 -
WP_097379170.1       -            564 Resfam_ClassC-AmpC   -            385   1.1e-26   99.7   0.0   1   2   2.9e-29   2.2e-25   95.4   0.0    29   274    63   322    53   336 0.83 -
WP_097379170.1       -            564 Resfam_ClassC-AmpC   -            385   1.1e-26   99.7   0.0   2   2      0.78   5.8e+03    1.8   0.0   335   368   356   389   348   398 0.86 -
WP_004215191.1       -            778 Resfam_ClassC-AmpC   -            385   1.1e-26   99.6   0.0   1   1   2.2e-30   1.7e-26   99.1   0.0    26   287    75   354    55   365 0.80 -
WP_109967645.1       -            400 Resfam_ClassC-AmpC   -            385   1.2e-26   99.5   0.0   1   2   1.5e-28   1.1e-24   93.1   0.0    27   280    37   314     5   319 0.79 -
WP_109967645.1       -            400 Resfam_ClassC-AmpC   -            385   1.2e-26   99.5   0.0   2   2       2.5   1.9e+04    0.2   0.0   333   368   341   376   334   393 0.78 -
WP_012619219.1       -            503 Resfam_ClassC-AmpC   -            385   1.4e-26   99.3   0.1   1   2     3e-26   2.3e-22   85.5   0.0    32   286    29   297     7   315 0.80 -
WP_012619219.1       -            503 Resfam_ClassC-AmpC   -            385   1.4e-26   99.3   0.1   2   2   0.00065       4.9   12.0   0.1   342   364   328   350   293   364 0.81 -
WP_058571783.1       -            659 Resfam_ClassC-AmpC   -            385   1.7e-26   99.1   0.0   1   2   1.9e-29   1.4e-25   96.0   0.0    26   272    53   315    35   330 0.82 -
WP_058571783.1       -            659 Resfam_ClassC-AmpC   -            385   1.7e-26   99.1   0.0   2   2       1.8   1.3e+04    0.6   0.0   331   372   350   391   345   399 0.82 -
WP_006654058.1       -            771 Resfam_ClassC-AmpC   -            385   3.4e-26   98.1   0.0   1   1   7.5e-30   5.6e-26   97.3   0.0    26   264    75   327    56   361 0.79 -
WP_092534790.1       -            634 Resfam_ClassC-AmpC   -            385   3.6e-26   98.0   0.0   1   2   2.4e-29   1.8e-25   95.7   0.0    21   295    31   311    14   325 0.84 -
WP_092534790.1       -            634 Resfam_ClassC-AmpC   -            385   3.6e-26   98.0   0.0   2   2       4.2   3.1e+04   -0.6   0.0   331   363   318   350   314   359 0.89 -
WP_058573572.1       -            445 Resfam_ClassC-AmpC   -            385     5e-26   97.5   0.0   1   2   2.1e-27   1.5e-23   89.3   0.0    27   273    61   321    37   338 0.81 -
WP_058573572.1       -            445 Resfam_ClassC-AmpC   -            385     5e-26   97.5   0.0   2   2     0.037   2.8e+02    6.2   0.0   332   366   353   387   347   399 0.87 -
WP_103992660.1       -            567 Resfam_ClassC-AmpC   -            385   5.6e-26   97.3   0.0   1   2   1.9e-28   1.5e-24   92.7   0.0    26   267    62   317    39   343 0.83 -
WP_103992660.1       -            567 Resfam_ClassC-AmpC   -            385   5.6e-26   97.3   0.0   2   2      0.46   3.5e+03    2.6   0.0   332   365   355   388   347   399 0.87 -
WP_089813308.1       -            671 Resfam_ClassC-AmpC   -            385   8.6e-26   96.7   0.0   1   2   4.6e-29   3.4e-25   94.7   0.0    29   300    73   358    62   374 0.82 -
WP_089813308.1       -            671 Resfam_ClassC-AmpC   -            385   8.6e-26   96.7   0.0   2   2       2.8   2.1e+04   -0.0   0.0   332   365   361   394   355   407 0.81 -
WP_006169256.1       -            780 Resfam_ClassC-AmpC   -            385   8.8e-26   96.7   0.0   1   1   2.4e-29   1.8e-25   95.7   0.0    26   265    75   330    56   362 0.80 -
WP_013603388.1       -            451 Resfam_ClassC-AmpC   -            385     9e-26   96.7   0.0   1   2   2.1e-25   1.5e-21   82.7   0.0    38   284    10   277     4   296 0.79 -
WP_013603388.1       -            451 Resfam_ClassC-AmpC   -            385     9e-26   96.7   0.0   2   2    0.0058        43    8.8   0.0   332   365   300   333   292   341 0.87 -
WP_103992976.1       -            658 Resfam_ClassC-AmpC   -            385   1.1e-25   96.4   0.0   1   2   7.1e-29   5.3e-25   94.1   0.0    25   289    51   333    33   354 0.80 -
WP_103992976.1       -            658 Resfam_ClassC-AmpC   -            385   1.1e-25   96.4   0.0   2   2         3   2.3e+04   -0.1   0.0   332   365   350   383   341   396 0.82 -
WP_071402672.1       -            782 Resfam_ClassC-AmpC   -            385   1.6e-25   95.8   0.0   1   2   6.8e-29   5.1e-25   94.2   0.0    26   285    75   352    54   365 0.78 -
WP_071402672.1       -            782 Resfam_ClassC-AmpC   -            385   1.6e-25   95.8   0.0   2   2       9.5   7.1e+04   -1.8   0.0   158   185   672   700   661   709 0.85 -
WP_094530046.1       -            566 Resfam_ClassC-AmpC   -            385   2.6e-25   95.2   0.0   1   2   1.3e-26   9.9e-23   86.6   0.0    26   282    60   332    40   342 0.83 -
WP_094530046.1       -            566 Resfam_ClassC-AmpC   -            385   2.6e-25   95.2   0.0   2   2      0.03   2.3e+02    6.5   0.0   334   366   355   387   347   396 0.87 -
WP_090378514.1       -            720 Resfam_ClassC-AmpC   -            385   2.7e-25   95.1   0.0   1   1   5.3e-29     4e-25   94.5   0.0    28   292    57   336    40   346 0.82 -
WP_092539019.1       -            650 Resfam_ClassC-AmpC   -            385   3.4e-25   94.8   0.0   1   2   2.2e-28   1.6e-24   92.5   0.0    20   274    36   302    18   326 0.80 -
WP_092539019.1       -            650 Resfam_ClassC-AmpC   -            385   3.4e-25   94.8   0.0   2   2         4     3e+04   -0.5   0.0   337   362   337   362   325   371 0.84 -
WP_089826318.1       -            648 Resfam_ClassC-AmpC   -            385   3.6e-25   94.7   0.0   1   2   7.9e-28   5.9e-24   90.7   0.0    25   284    38   318    14   331 0.81 -
WP_089826318.1       -            648 Resfam_ClassC-AmpC   -            385   3.6e-25   94.7   0.0   2   2       0.9   6.7e+03    1.6   0.0   333   372   341   380   327   387 0.83 -
WP_006672086.1       -            736 Resfam_ClassC-AmpC   -            385   5.1e-25   94.2   0.0   1   1   1.2e-28     9e-25   93.4   0.0    26   291    66   346    53   356 0.81 -
WP_092817170.1       -            594 Resfam_ClassC-AmpC   -            385   5.3e-25   94.1   0.0   1   2     2e-26   1.5e-22   86.0   0.0    32   293     3   270     1   277 0.81 -
WP_092817170.1       -            594 Resfam_ClassC-AmpC   -            385   5.3e-25   94.1   0.0   2   2     0.051   3.8e+02    5.7   0.0   331   381   279   329   273   332 0.82 -
WP_084600673.1       -            504 Resfam_ClassC-AmpC   -            385   6.6e-25   93.8   0.0   1   2   2.4e-27   1.8e-23   89.1   0.0    35   298    32   314     5   320 0.83 -
WP_084600673.1       -            504 Resfam_ClassC-AmpC   -            385   6.6e-25   93.8   0.0   2   2      0.46   3.4e+03    2.6   0.0   343   364   329   350   320   367 0.85 -
WP_015285543.1       -            521 Resfam_ClassC-AmpC   -            385   6.8e-25   93.8   0.0   1   2   6.8e-27   5.1e-23   87.6   0.0    22   297    43   336    22   338 0.79 -
WP_015285543.1       -            521 Resfam_ClassC-AmpC   -            385   6.8e-25   93.8   0.0   2   2      0.17   1.2e+03    4.0   0.0   342   365   351   374   338   384 0.81 -
WP_069806634.1       -            452 Resfam_ClassC-AmpC   -            385   6.9e-25   93.8   0.0   1   2   9.3e-23     7e-19   74.0   0.0    35   263     7   255     4   279 0.79 -
WP_069806634.1       -            452 Resfam_ClassC-AmpC   -            385   6.9e-25   93.8   0.0   2   2   0.00011      0.84   14.5   0.1   334   369   303   339   296   350 0.85 -
WP_015761763.1       -            638 Resfam_ClassC-AmpC   -            385   7.5e-25   93.6   0.0   1   2   4.2e-26   3.2e-22   85.0   0.0    20   287    37   308    20   317 0.80 -
WP_015761763.1       -            638 Resfam_ClassC-AmpC   -            385   7.5e-25   93.6   0.0   2   2      0.07   5.2e+02    5.3   0.0   331   363   323   355   316   370 0.85 -
WP_008847705.1       -            594 Resfam_ClassC-AmpC   -            385   7.7e-25   93.6   0.0   1   2   4.7e-28   3.6e-24   91.4   0.0    32   294     3   271     1   287 0.83 -
WP_008847705.1       -            594 Resfam_ClassC-AmpC   -            385   7.7e-25   93.6   0.0   2   2       3.3   2.5e+04   -0.3   0.0   333   377   281   325   275   331 0.77 -
WP_083475458.1       -            357 Resfam_ClassC-AmpC   -            385   8.7e-25   93.4   0.0   1   1   1.5e-28   1.2e-24   93.0   0.0    42   258    81   315    72   329 0.84 -
WP_013875978.1       -            558 Resfam_ClassC-AmpC   -            385   1.1e-24   93.1   0.0   1   2   4.1e-27   3.1e-23   88.3   0.0    26   271    52   311    26   334 0.78 -
WP_013875978.1       -            558 Resfam_ClassC-AmpC   -            385   1.1e-24   93.1   0.0   2   2      0.41   3.1e+03    2.7   0.0   332   366   345   379   337   393 0.86 -
WP_089698657.1       -            630 Resfam_ClassC-AmpC   -            385   1.2e-24   93.0   0.0   1   2   1.1e-27   8.1e-24   90.2   0.0    11   308    22   325    13   330 0.82 -
WP_089698657.1       -            630 Resfam_ClassC-AmpC   -            385   1.2e-24   93.0   0.0   2   2       1.8   1.4e+04    0.6   0.0   332   360   320   348   315   352 0.88 -
WP_090308683.1       -            726 Resfam_ClassC-AmpC   -            385   1.3e-24   92.9   0.0   1   1   2.7e-28     2e-24   92.2   0.0    26   314    94   396    75   409 0.80 -
WP_049911303.1       -            594 Resfam_ClassC-AmpC   -            385   1.3e-24   92.9   0.0   1   2   7.4e-28   5.6e-24   90.8   0.0    32   294     3   271     1   288 0.82 -
WP_049911303.1       -            594 Resfam_ClassC-AmpC   -            385   1.3e-24   92.9   0.0   2   2       3.9   2.9e+04   -0.5   0.0   332   375   280   323   274   330 0.76 -
WP_013336716.1       -            451 Resfam_ClassC-AmpC   -            385   1.4e-24   92.8   0.0   1   2   1.7e-23   1.3e-19   76.4   0.0    34   264     6   255     3   278 0.79 -
WP_013336716.1       -            451 Resfam_ClassC-AmpC   -            385   1.4e-24   92.8   0.0   2   2    0.0014        11   10.8   0.0   333   368   301   337   293   348 0.87 -
WP_075936184.1       -            645 Resfam_ClassC-AmpC   -            385   1.7e-24   92.4   0.0   1   2   1.3e-27     1e-23   89.9   0.0    21   286    34   310    15   320 0.84 -
WP_075936184.1       -            645 Resfam_ClassC-AmpC   -            385   1.7e-24   92.4   0.0   2   2       2.8   2.1e+04   -0.0   0.0   336   366   332   362   322   376 0.79 -
WP_092904686.1       -            765 Resfam_ClassC-AmpC   -            385   1.8e-24   92.4   0.0   1   1   3.4e-28   2.6e-24   91.9   0.0    27   293    63   343    51   349 0.83 -
WP_049922832.1       -            696 Resfam_ClassC-AmpC   -            385   2.7e-24   91.8   0.0   1   2   1.4e-27     1e-23   89.9   0.0    26   287    59   332    39   352 0.81 -
WP_049922832.1       -            696 Resfam_ClassC-AmpC   -            385   2.7e-24   91.8   0.0   2   2       5.2   3.9e+04   -0.9   0.0   342   364   359   381   343   385 0.76 -
WP_005581560.1       -            732 Resfam_ClassC-AmpC   -            385   3.3e-24   91.5   0.0   1   2   1.7e-27   1.2e-23   89.6   0.0    26   293    67   349    56   367 0.83 -
WP_005581560.1       -            732 Resfam_ClassC-AmpC   -            385   3.3e-24   91.5   0.0   2   2         5   3.8e+04   -0.9   0.0   343   365   371   393   356   400 0.80 -
WP_049951993.1       -            752 Resfam_ClassC-AmpC   -            385   3.6e-24   91.4   0.0   1   1     7e-28   5.2e-24   90.9   0.0    26   294    62   344    50   366 0.84 -
WP_092893588.1       -            651 Resfam_ClassC-AmpC   -            385     5e-24   90.9   0.0   1   2   2.7e-27   2.1e-23   88.9   0.0    21   274    36   302    18   324 0.81 -
WP_092893588.1       -            651 Resfam_ClassC-AmpC   -            385     5e-24   90.9   0.0   2   2       4.7   3.6e+04   -0.8   0.0   337   364   337   364   325   383 0.79 -
WP_008440070.1       -            515 Resfam_ClassC-AmpC   -            385   1.2e-23   89.7   0.0   1   1   2.2e-27   1.6e-23   89.2   0.0    30   306     4   293     1   318 0.83 -
WP_066418724.1       -            555 Resfam_ClassC-AmpC   -            385   1.5e-23   89.4   0.0   1   2   1.2e-23     9e-20   76.9   0.0    28   281    51   320    31   338 0.79 -
WP_066418724.1       -            555 Resfam_ClassC-AmpC   -            385   1.5e-23   89.4   0.0   2   2    0.0019        14   10.4   0.0   332   366   342   376   335   392 0.87 -
WP_023394814.1       -            457 Resfam_ClassC-AmpC   -            385   1.6e-23   89.3   0.0   1   3   5.5e-18   4.1e-14   58.3   0.0    31   140     6   116     2   126 0.92 -
WP_023394814.1       -            457 Resfam_ClassC-AmpC   -            385   1.6e-23   89.3   0.0   2   3   2.3e-06     0.017   20.0   0.0   164   294   157   293   153   298 0.77 -
WP_023394814.1       -            457 Resfam_ClassC-AmpC   -            385   1.6e-23   89.3   0.0   3   3     0.016   1.2e+02    7.4   0.0   334   366   302   334   294   341 0.84 -
WP_004047000.1       -            594 Resfam_ClassC-AmpC   -            385   1.8e-23   89.1   0.0   1   2   2.7e-26   2.1e-22   85.6   0.0    32   294     3   271     1   286 0.83 -
WP_004047000.1       -            594 Resfam_ClassC-AmpC   -            385   1.8e-23   89.1   0.0   2   2       1.1   8.5e+03    1.3   0.0   334   381   282   329   275   332 0.85 -
WP_083883374.1       -            638 Resfam_ClassC-AmpC   -            385   1.9e-23   89.0   0.3   1   2   6.3e-23   4.7e-19   74.5   0.2    43   267   167   412   148   430 0.82 -
WP_083883374.1       -            638 Resfam_ClassC-AmpC   -            385   1.9e-23   89.0   0.3   2   2    0.0006       4.5   12.1   0.0   335   365   458   488   432   492 0.84 -
WP_099254663.1       -            594 Resfam_ClassC-AmpC   -            385   3.4e-23   88.2   0.0   1   2   1.9e-24   1.4e-20   79.6   0.0    32   293     3   270     1   277 0.81 -
WP_099254663.1       -            594 Resfam_ClassC-AmpC   -            385   3.4e-23   88.2   0.0   2   2     0.032   2.4e+02    6.4   0.0   331   382   279   330   273   333 0.85 -
WP_109159155.1       -            477 Resfam_ClassC-AmpC   -            385   3.9e-23   88.0   0.0   1   2     1e-23   7.5e-20   77.2   0.0    39   264    29   275    12   291 0.82 -
WP_109159155.1       -            477 Resfam_ClassC-AmpC   -            385   3.9e-23   88.0   0.0   2   2     0.033   2.5e+02    6.3   0.0   334   366   322   354   317   366 0.85 -
WP_006053346.1       -            463 Resfam_ClassC-AmpC   -            385   4.1e-23   87.9   0.0   1   3   1.9e-18   1.4e-14   59.8   0.0    26   139     5   118     1   125 0.93 -
WP_006053346.1       -            463 Resfam_ClassC-AmpC   -            385   4.1e-23   87.9   0.0   2   3   1.5e-06     0.011   20.6   0.0   168   296   164   304   145   309 0.72 -
WP_006053346.1       -            463 Resfam_ClassC-AmpC   -            385   4.1e-23   87.9   0.0   3   3      0.15   1.1e+03    4.2   0.0   334   381   311   357   304   361 0.81 -
WP_109968170.1       -            524 Resfam_ClassC-AmpC   -            385   4.5e-23   87.8   0.0   1   2   9.9e-21   7.4e-17   67.3   0.0    18   265    27   296     9   310 0.78 -
WP_109968170.1       -            524 Resfam_ClassC-AmpC   -            385   4.5e-23   87.8   0.0   2   2   8.6e-06     0.065   18.1   0.1   337   364   346   373   315   377 0.84 -
WP_006088053.1       -            608 Resfam_ClassC-AmpC   -            385   4.7e-23   87.7   0.0   1   2     9e-25   6.8e-21   80.6   0.0    32   216    10   201     4   256 0.85 -
WP_006088053.1       -            608 Resfam_ClassC-AmpC   -            385   4.7e-23   87.7   0.0   2   2     0.089   6.7e+02    4.9   0.0   332   370   296   334   290   338 0.88 -
WP_048178883.1       -            517 Resfam_ClassC-AmpC   -            385   5.9e-23   87.4   0.0   1   2   1.5e-24   1.1e-20   79.9   0.0    36   224    56   247    40   299 0.85 -
WP_048178883.1       -            517 Resfam_ClassC-AmpC   -            385   5.9e-23   87.4   0.0   2   2     0.065   4.9e+02    5.4   0.0   332   365   335   368   330   383 0.87 -
WP_076432444.1       -            458 Resfam_ClassC-AmpC   -            385   6.2e-23   87.3   0.0   1   3   3.8e-17   2.8e-13   55.5   0.0    30   137     5   113     1   122 0.92 -
WP_076432444.1       -            458 Resfam_ClassC-AmpC   -            385   6.2e-23   87.3   0.0   2   3   1.8e-07    0.0014   23.6   0.0   166   271   158   267   141   296 0.79 -
WP_076432444.1       -            458 Resfam_ClassC-AmpC   -            385   6.2e-23   87.3   0.0   3   3       0.1   7.8e+02    4.7   0.0   334   376   307   348   300   356 0.77 -
WP_074880833.1       -            460 Resfam_ClassC-AmpC   -            385   7.4e-23   87.1   0.0   1   2   5.4e-22   4.1e-18   71.5   0.0    29   137     7   116     1   124 0.92 -
WP_074880833.1       -            460 Resfam_ClassC-AmpC   -            385   7.4e-23   87.1   0.0   2   2   0.00018       1.4   13.8   0.0   169   261   163   259   136   279 0.74 -
WP_094587929.1       -            515 Resfam_ClassC-AmpC   -            385   9.3e-23   86.7   0.0   1   1   1.7e-26   1.3e-22   86.3   0.0    30   299     4   286     1   319 0.83 -
WP_090377114.1       -            460 Resfam_ClassC-AmpC   -            385   9.5e-23   86.7   0.0   1   3   1.1e-16   8.5e-13   53.9   0.0    30   146     9   123     2   129 0.89 -
WP_090377114.1       -            460 Resfam_ClassC-AmpC   -            385   9.5e-23   86.7   0.0   2   3   1.8e-07    0.0014   23.7   0.0   166   268   159   271   154   281 0.85 -
WP_090377114.1       -            460 Resfam_ClassC-AmpC   -            385   9.5e-23   86.7   0.0   3   3     0.066     5e+02    5.3   0.0   335   364   312   341   303   346 0.84 -
WP_086889487.1       -            667 Resfam_ClassC-AmpC   -            385   9.9e-23   86.7   0.0   1   1   4.2e-26   3.1e-22   85.0   0.0    25   263    57   304    46   316 0.80 -
WP_049890710.1       -            580 Resfam_ClassC-AmpC   -            385   1.1e-22   86.4   0.0   1   1   2.2e-26   1.7e-22   85.9   0.0    42   300     1   266     1   300 0.81 -
WP_008425055.1       -            663 Resfam_ClassC-AmpC   -            385   1.6e-22   85.9   0.0   1   2   1.4e-25   1.1e-21   83.2   0.0    32   261    64   303    47   316 0.81 -
WP_008425055.1       -            663 Resfam_ClassC-AmpC   -            385   1.6e-22   85.9   0.0   2   2       2.6   1.9e+04    0.1   0.0   334   363   349   378   343   386 0.84 -
WP_089811373.1       -            583 Resfam_ClassC-AmpC   -            385   2.5e-22   85.3   0.0   1   1     5e-26   3.8e-22   84.7   0.0    26   265    48   301    28   325 0.82 -
WP_100909528.1       -            520 Resfam_ClassC-AmpC   -            385   2.7e-22   85.2   0.8   1   2   1.4e-21     1e-17   70.1   1.0    33   299   117   400   107   406 0.80 -
WP_100909528.1       -            520 Resfam_ClassC-AmpC   -            385   2.7e-22   85.2   0.8   2   2   0.00023       1.7   13.5   0.0   331   379   406   455   371   460 0.78 -
WP_100907250.1       -            581 Resfam_ClassC-AmpC   -            385   4.8e-22   84.4   0.8   1   2   2.1e-21   1.6e-17   69.5   0.9    33   290   117   391   104   406 0.80 -
WP_100907250.1       -            581 Resfam_ClassC-AmpC   -            385   4.8e-22   84.4   0.8   2   2   0.00019       1.4   13.7   0.0   330   379   405   455   371   460 0.71 -
WP_083902504.1       -            654 Resfam_ClassC-AmpC   -            385   6.6e-22   83.9   0.0   1   1   1.6e-25   1.2e-21   83.1   0.0    25   293    55   331    42   375 0.83 -
WP_094524526.1       -            515 Resfam_ClassC-AmpC   -            385   9.3e-22   83.5   0.0   1   1   1.7e-25   1.3e-21   83.0   0.0    30   299     4   286     1   319 0.83 -
WP_094557156.1       -            515 Resfam_ClassC-AmpC   -            385   9.3e-22   83.5   0.0   1   1   1.7e-25   1.3e-21   83.0   0.0    30   299     4   286     1   319 0.83 -
WP_100905146.1       -            581 Resfam_ClassC-AmpC   -            385   1.3e-21   83.0   1.1   1   2   2.2e-21   1.6e-17   69.5   1.0    33   290   117   391   106   406 0.80 -
WP_100905146.1       -            581 Resfam_ClassC-AmpC   -            385   1.3e-21   83.0   1.1   2   2   0.00042       3.2   12.6   0.0   330   366   405   441   371   458 0.73 -
WP_048084698.1       -            559 Resfam_ClassC-AmpC   -            385   1.3e-21   83.0   0.0   1   1   4.5e-25   3.4e-21   81.6   0.0    29   294    94   379    76   406 0.80 -
WP_083909387.1       -            663 Resfam_ClassC-AmpC   -            385   1.4e-21   82.9   0.0   1   1   3.8e-25   2.9e-21   81.8   0.0    26   214    56   251    42   308 0.88 -
WP_068577470.1       -            432 Resfam_ClassC-AmpC   -            385   1.7e-21   82.6   0.0   1   2   3.6e-22   2.7e-18   72.0   0.0    37   263     4   244     1   263 0.79 -
WP_068577470.1       -            432 Resfam_ClassC-AmpC   -            385   1.7e-21   82.6   0.0   2   2     0.037   2.8e+02    6.2   0.0   333   366   286   319   281   327 0.89 -
WP_053948066.1       -            640 Resfam_ClassC-AmpC   -            385   1.9e-21   82.4   0.0   1   2   9.7e-25   7.3e-21   80.5   0.0    21   272    31   290    12   317 0.77 -
WP_053948066.1       -            640 Resfam_ClassC-AmpC   -            385   1.9e-21   82.4   0.0   2   2       7.1   5.3e+04   -1.3   0.0   337   362   327   352   316   361 0.83 -
WP_004215389.1       -            466 Resfam_ClassC-AmpC   -            385   1.9e-21   82.4   0.0   1   2   2.6e-22     2e-18   72.5   0.0    28   264     9   269     1   289 0.81 -
WP_004215389.1       -            466 Resfam_ClassC-AmpC   -            385   1.9e-21   82.4   0.0   2   2     0.086   6.5e+02    5.0   0.0   336   365   313   342   303   358 0.85 -
WP_005581319.1       -            460 Resfam_ClassC-AmpC   -            385   2.3e-21   82.1   0.0   1   2   3.2e-22   2.4e-18   72.2   0.0    29   264     8   267     1   285 0.76 -
WP_005581319.1       -            460 Resfam_ClassC-AmpC   -            385   2.3e-21   82.1   0.0   2   2     0.083   6.2e+02    5.0   0.0   334   365   311   342   302   346 0.84 -
WP_092893585.1       -            631 Resfam_ClassC-AmpC   -            385   2.3e-21   82.1   0.0   1   2   1.5e-23   1.1e-19   76.6   0.0    22   293    33   310    14   318 0.80 -
WP_092893585.1       -            631 Resfam_ClassC-AmpC   -            385   2.3e-21   82.1   0.0   2   2      0.44   3.3e+03    2.6   0.0   334   381   322   369   316   372 0.84 -
WP_094581499.1       -            506 Resfam_ClassC-AmpC   -            385   2.9e-21   81.8   0.0   1   1   5.6e-25   4.2e-21   81.3   0.0    46   299    19   286     2   319 0.83 -
WP_068321322.1       -            432 Resfam_ClassC-AmpC   -            385   3.9e-21   81.4   0.0   1   2   5.9e-22   4.4e-18   71.3   0.0    37   264     4   245     1   275 0.82 -
WP_068321322.1       -            432 Resfam_ClassC-AmpC   -            385   3.9e-21   81.4   0.0   2   2     0.036   2.7e+02    6.2   0.0   333   366   286   319   280   327 0.89 -
WP_082230865.1       -            491 Resfam_ClassC-AmpC   -            385     4e-21   81.3   0.0   1   3   3.9e-17   2.9e-13   55.5   0.0    27   140    35   148    22   155 0.91 -
WP_082230865.1       -            491 Resfam_ClassC-AmpC   -            385     4e-21   81.3   0.0   2   3   4.3e-06     0.032   19.1   0.0   169   265   194   294   188   309 0.87 -
WP_082230865.1       -            491 Resfam_ClassC-AmpC   -            385     4e-21   81.3   0.0   3   3      0.36   2.7e+03    2.9   0.0   333   364   339   370   333   385 0.86 -
WP_089810446.1       -            592 Resfam_ClassC-AmpC   -            385   5.4e-21   80.9   0.0   1   2   2.5e-24   1.8e-20   79.2   0.0    31   297     2   275     1   295 0.83 -
WP_089810446.1       -            592 Resfam_ClassC-AmpC   -            385   5.4e-21   80.9   0.0   2   2       9.4   7.1e+04   -1.7   0.0   330   383   279   332   275   333 0.87 -
WP_071400488.1       -            465 Resfam_ClassC-AmpC   -            385     8e-21   80.4   0.0   1   2   5.3e-22     4e-18   71.5   0.0    28   264     9   267     1   276 0.78 -
WP_071400488.1       -            465 Resfam_ClassC-AmpC   -            385     8e-21   80.4   0.0   2   2       0.2   1.5e+03    3.8   0.0   336   365   311   340   301   356 0.85 -
WP_006654234.1       -            464 Resfam_ClassC-AmpC   -            385   1.1e-20   80.0   0.0   1   2     7e-22   5.3e-18   71.1   0.0    28   264     9   267     1   275 0.78 -
WP_006654234.1       -            464 Resfam_ClassC-AmpC   -            385   1.1e-20   80.0   0.0   2   2      0.19   1.5e+03    3.8   0.0   336   365   311   340   301   356 0.85 -
WP_087715099.1       -            469 Resfam_ClassC-AmpC   -            385   1.7e-20   79.3   0.0   1   1   7.2e-24   5.4e-20   77.6   0.0    27   262    13   269     3   283 0.85 -
WP_007140784.1       -            492 Resfam_ClassC-AmpC   -            385   2.1e-20   79.0   0.0   1   1   2.3e-23   1.7e-19   76.0   0.0    27   260    33   276    11   286 0.83 -
WP_006881815.1       -            674 Resfam_ClassC-AmpC   -            385   2.2e-20   78.9   0.0   1   1   7.9e-24   5.9e-20   77.5   0.0    27   272    55   310    47   327 0.81 -
WP_049972567.1       -            465 Resfam_ClassC-AmpC   -            385   4.2e-20   78.0   0.0   1   2   4.4e-18   3.3e-14   58.6   0.0    30   137    11   119     1   124 0.90 -
WP_049972567.1       -            465 Resfam_ClassC-AmpC   -            385   4.2e-20   78.0   0.0   2   2   1.4e-05      0.11   17.4   0.0   171   271   170   274   151   313 0.81 -
WP_081228346.1       -            455 Resfam_ClassC-AmpC   -            385   4.6e-20   77.9   0.0   1   2   5.8e-22   4.4e-18   71.4   0.0    35   268     7   260     2   279 0.78 -
WP_081228346.1       -            455 Resfam_ClassC-AmpC   -            385   4.6e-20   77.9   0.0   2   2      0.89   6.7e+03    1.6   0.0   345   369   314   339   299   351 0.77 -
WP_054584821.1       -            468 Resfam_ClassC-AmpC   -            385   5.9e-20   77.5   0.0   1   1   3.3e-23   2.5e-19   75.5   0.0    26   212     7   209     1   280 0.77 -
WP_087714170.1       -            638 Resfam_ClassC-AmpC   -            385   6.4e-20   77.4   0.0   1   1   1.3e-23   9.6e-20   76.8   0.0    26   268    41   287    15   315 0.82 -
WP_015322494.1       -            649 Resfam_ClassC-AmpC   -            385   6.5e-20   77.4   0.0   1   1   1.9e-23   1.5e-19   76.2   0.0    31   224    50   251    35   306 0.78 -
WP_089787607.1       -            492 Resfam_ClassC-AmpC   -            385   1.3e-19   76.4   0.0   1   1   8.1e-23   6.1e-19   74.2   0.0    28   260    34   276    12   285 0.84 -
WP_080509287.1       -            501 Resfam_ClassC-AmpC   -            385   1.4e-19   76.3   0.0   1   1   1.9e-22   1.4e-18   73.0   0.0    27   209    38   236    16   253 0.82 -
WP_079233787.1       -            471 Resfam_ClassC-AmpC   -            385   1.9e-19   75.8   0.0   1   2   1.2e-20   8.9e-17   67.1   0.0    29   283     6   281     2   288 0.78 -
WP_079233787.1       -            471 Resfam_ClassC-AmpC   -            385   1.9e-19   75.8   0.0   2   2      0.23   1.7e+03    3.5   0.0   335   366   313   344   305   351 0.86 -
WP_011449762.1       -            499 Resfam_ClassC-AmpC   -            385   2.4e-19   75.5   0.0   1   2   2.4e-17   1.8e-13   56.2   0.0     7   209    11   219     5   287 0.82 -
WP_011449762.1       -            499 Resfam_ClassC-AmpC   -            385   2.4e-19   75.5   0.0   2   2   2.6e-05      0.19   16.6   0.0   333   367   326   360   321   369 0.89 -
WP_053949114.1       -            470 Resfam_ClassC-AmpC   -            385   2.8e-19   75.3   0.0   1   2   2.5e-21   1.9e-17   69.3   0.0    29   280     6   278     2   286 0.79 -
WP_053949114.1       -            470 Resfam_ClassC-AmpC   -            385   2.8e-19   75.3   0.0   2   2      0.32   2.4e+03    3.1   0.0   335   366   313   344   308   352 0.85 -
WP_006672593.1       -            471 Resfam_ClassC-AmpC   -            385   5.2e-19   74.4   0.0   1   3   1.5e-15   1.1e-11   50.3   0.0    28   146     7   123     1   129 0.88 -
WP_006672593.1       -            471 Resfam_ClassC-AmpC   -            385   5.2e-19   74.4   0.0   2   3    0.0009       6.8   11.5   0.0   165   209   158   202   154   211 0.92 -
WP_006672593.1       -            471 Resfam_ClassC-AmpC   -            385   5.2e-19   74.4   0.0   3   3    0.0098        74    8.1   0.0   334   365   321   352   313   358 0.88 -
WP_109970170.1       -            498 Resfam_ClassC-AmpC   -            385     6e-19   74.2   0.0   1   2   3.8e-17   2.8e-13   55.5   0.0    14   264    19   277     5   293 0.74 -
WP_109970170.1       -            498 Resfam_ClassC-AmpC   -            385     6e-19   74.2   0.0   2   2     3e-05      0.23   16.3   0.0   333   367   325   359   320   368 0.90 -
WP_090309715.1       -            499 Resfam_ClassC-AmpC   -            385   6.9e-19   74.0   0.0   1   2   1.2e-21   8.9e-18   70.4   0.0    30   262    45   288    31   298 0.86 -
WP_090309715.1       -            499 Resfam_ClassC-AmpC   -            385   6.9e-19   74.0   0.0   2   2       3.8   2.9e+04   -0.5   0.0   343   366   348   371   333   383 0.76 -
WP_074878543.1       -            467 Resfam_ClassC-AmpC   -            385   8.3e-19   73.7   0.0   1   2   1.1e-20     8e-17   67.2   0.0    33   283     9   280     3   285 0.80 -
WP_074878543.1       -            467 Resfam_ClassC-AmpC   -            385   8.3e-19   73.7   0.0   2   2      0.25   1.9e+03    3.5   0.0   335   365   312   342   307   349 0.84 -
WP_006067102.1       -            501 Resfam_ClassC-AmpC   -            385     1e-18   73.5   0.0   1   1   3.8e-22   2.9e-18   72.0   0.0    26   262    41   288    28   296 0.87 -
WP_011833194.1       -            455 Resfam_ClassC-AmpC   -            385   1.4e-18   73.0   0.2   1   2     3e-20   2.3e-16   65.7   0.0    50   281     1   246     1   270 0.77 -
WP_011833194.1       -            455 Resfam_ClassC-AmpC   -            385   1.4e-18   73.0   0.2   2   2     0.059   4.4e+02    5.5   0.1   341   364   281   304   266   315 0.87 -
WP_014050766.1       -            470 Resfam_ClassC-AmpC   -            385   1.9e-18   72.6   0.0   1   2   6.9e-21   5.2e-17   67.8   0.0    29   210    11   208     4   226 0.81 -
WP_014050766.1       -            470 Resfam_ClassC-AmpC   -            385   1.9e-18   72.6   0.0   2   2       2.7     2e+04    0.0   0.0   334   383   318   366   310   368 0.75 -
WP_089785345.1       -            473 Resfam_ClassC-AmpC   -            385   2.6e-18   72.1   0.0   1   3   1.1e-14     8e-11   47.5   0.0    27   146     8   125     1   133 0.88 -
WP_089785345.1       -            473 Resfam_ClassC-AmpC   -            385   2.6e-18   72.1   0.0   2   3    0.0012       9.3   11.0   0.0   165   209   160   204   154   213 0.92 -
WP_089785345.1       -            473 Resfam_ClassC-AmpC   -            385   2.6e-18   72.1   0.0   3   3    0.0032        24    9.6   0.0   333   365   322   354   315   358 0.86 -
WP_006671809.1       -            466 Resfam_ClassC-AmpC   -            385   3.6e-18   71.6   0.0   1   2   6.1e-21   4.6e-17   68.0   0.0    28   262     8   253     2   262 0.84 -
WP_006671809.1       -            466 Resfam_ClassC-AmpC   -            385   3.6e-18   71.6   0.0   2   2       3.7   2.8e+04   -0.4   0.0   348   366   318   336   304   349 0.75 -
WP_062661571.1       -            374 Resfam_ClassC-AmpC   -            385   3.7e-18   71.6   0.0   1   2   2.6e-15   1.9e-11   49.5   0.0    42   137    16   111     4   149 0.90 -
WP_062661571.1       -            374 Resfam_ClassC-AmpC   -            385   3.7e-18   71.6   0.0   2   2   2.3e-06     0.017   20.0   0.0   165   259   157   249   151   281 0.83 -
WP_079232727.1       -            644 Resfam_ClassC-AmpC   -            385   4.6e-18   71.3   0.0   1   2   4.8e-21   3.6e-17   68.3   0.0    24   283    38   305    17   319 0.79 -
WP_079232727.1       -            644 Resfam_ClassC-AmpC   -            385   4.6e-18   71.3   0.0   2   2       2.1   1.6e+04    0.4   0.0   336   365   330   359   318   377 0.79 -
WP_006169070.1       -            468 Resfam_ClassC-AmpC   -            385     5e-18   71.2   0.0   1   2     3e-19   2.3e-15   62.4   0.0    29   229    10   229     1   279 0.73 -
WP_006169070.1       -            468 Resfam_ClassC-AmpC   -            385     5e-18   71.2   0.0   2   2       0.2   1.5e+03    3.8   0.0   336   365   315   344   305   360 0.85 -
WP_066411264.1       -            462 Resfam_ClassC-AmpC   -            385   7.8e-18   70.5   0.0   1   2   1.1e-16   8.6e-13   53.9   0.0    26   143     7   120     1   157 0.87 -
WP_066411264.1       -            462 Resfam_ClassC-AmpC   -            385   7.8e-18   70.5   0.0   2   2   0.00016       1.2   13.9   0.0   172   282   170   286   164   310 0.77 -
WP_048072152.1       -            555 Resfam_ClassC-AmpC   -            385   9.3e-18   70.3   0.2   1   2   3.7e-20   2.8e-16   65.4   0.0    29   208    94   284    83   346 0.87 -
WP_048072152.1       -            555 Resfam_ClassC-AmpC   -            385   9.3e-18   70.3   0.2   2   2      0.43   3.3e+03    2.7   0.0   339   365   390   416   352   432 0.81 -
WP_079255035.1       -            455 Resfam_ClassC-AmpC   -            385   1.2e-17   69.9   0.0   1   1     2e-21   1.5e-17   69.6   0.0    27   211     9   199     1   252 0.86 -
WP_081944541.1       -            559 Resfam_ClassC-AmpC   -            385   1.4e-17   69.7   0.2   1   2   3.1e-20   2.4e-16   65.7   0.1    29   209    98   289    89   384 0.85 -
WP_081944541.1       -            559 Resfam_ClassC-AmpC   -            385   1.4e-17   69.7   0.2   2   2       0.7   5.3e+03    2.0   0.0   339   365   394   420   358   435 0.81 -
WP_011822197.1       -            434 Resfam_ClassC-AmpC   -            385   2.3e-17   69.0   0.0   1   2   7.7e-14   5.8e-10   44.6   0.0    42   138    17   113     6   126 0.92 -
WP_011822197.1       -            434 Resfam_ClassC-AmpC   -            385   2.3e-17   69.0   0.0   2   2   4.8e-07    0.0036   22.3   0.0   164   260   156   254   136   269 0.81 -
WP_049980708.1       -            469 Resfam_ClassC-AmpC   -            385   3.8e-17   68.3   0.0   1   2   2.4e-19   1.8e-15   62.8   0.0    28   281     5   279     1   285 0.79 -
WP_049980708.1       -            469 Resfam_ClassC-AmpC   -            385   3.8e-17   68.3   0.0   2   2      0.75   5.6e+03    1.9   0.0   335   365   313   343   308   349 0.84 -
WP_013881188.1       -            454 Resfam_ClassC-AmpC   -            385   5.7e-17   67.7   0.0   1   1   1.1e-20   7.9e-17   67.2   0.0    26   229     8   218     1   260 0.80 -
WP_100907341.1       -            570 Resfam_ClassC-AmpC   -            385   1.2e-16   66.6   0.3   1   2   1.7e-19   1.3e-15   63.2   0.0    43   287   115   382    93   401 0.75 -
WP_100907341.1       -            570 Resfam_ClassC-AmpC   -            385   1.2e-16   66.6   0.3   2   2       1.1     8e+03    1.4   0.0   345   365   408   428   394   447 0.80 -
WP_100909585.1       -            570 Resfam_ClassC-AmpC   -            385   1.2e-16   66.6   0.3   1   2   1.7e-19   1.3e-15   63.2   0.0    43   287   115   382    93   401 0.75 -
WP_100909585.1       -            570 Resfam_ClassC-AmpC   -            385   1.2e-16   66.6   0.3   2   2       1.1     8e+03    1.4   0.0   345   365   408   428   394   447 0.80 -
WP_020449024.1       -            505 Resfam_ClassC-AmpC   -            385   2.3e-16   65.7   0.0   1   1   6.8e-20   5.1e-16   64.6   0.0    26   209    14   202     2   214 0.84 -
WP_084177384.1       -            650 Resfam_ClassC-AmpC   -            385   2.6e-16   65.5   0.0   1   1   8.7e-20   6.5e-16   64.2   0.0    27   294    42   314    29   333 0.79 -
WP_006089673.1       -            499 Resfam_ClassC-AmpC   -            385   2.7e-16   65.5   0.0   1   2   2.9e-19   2.2e-15   62.5   0.0    22   262    35   286    16   294 0.84 -
WP_006089673.1       -            499 Resfam_ClassC-AmpC   -            385   2.7e-16   65.5   0.0   2   2       9.2   6.9e+04   -1.7   0.0   344   366   347   369   333   380 0.76 -
WP_083823751.1       -            488 Resfam_ClassC-AmpC   -            385   3.5e-16   65.1   0.0   1   2     2e-14   1.5e-10   46.5   0.0    29   139    33   142    20   148 0.94 -
WP_083823751.1       -            488 Resfam_ClassC-AmpC   -            385   3.5e-16   65.1   0.0   2   2   3.1e-05      0.23   16.3   0.0   171   264   191   288   182   329 0.75 -
WP_008415422.1       -            638 Resfam_ClassC-AmpC   -            385   6.6e-16   64.2   0.0   1   1   1.6e-19   1.2e-15   63.4   0.0    43   285     6   255     1   282 0.83 -
WP_074880836.1       -            466 Resfam_ClassC-AmpC   -            385   1.1e-14   60.1   0.0   1   2   1.6e-13   1.2e-09   43.6   0.0    36   139    18   120     6   125 0.93 -
WP_074880836.1       -            466 Resfam_ClassC-AmpC   -            385   1.1e-14   60.1   0.0   2   2   0.00012      0.88   14.4   0.0   172   264   170   266   162   308 0.74 -
WP_055410036.1       -            443 Resfam_ClassC-AmpC   -            385   2.4e-14   59.1   0.0   1   2   1.3e-12     1e-08   40.5   0.0    44   137     3    97     1   111 0.90 -
WP_055410036.1       -            443 Resfam_ClassC-AmpC   -            385   2.4e-14   59.1   0.0   2   2   3.2e-05      0.24   16.2   0.0   164   259   141   238   117   256 0.81 -
WP_049972681.1       -            349 Resfam_ClassC-AmpC   -            385   3.8e-14   58.4   0.0   1   1     6e-18   4.5e-14   58.2   0.0    26   227     4   208     1   258 0.86 -
WP_100909216.1       -            558 Resfam_ClassC-AmpC   -            385   1.1e-13   56.9   0.3   1   1   3.9e-17   2.9e-13   55.5   0.3    32   281    98   363    87   401 0.70 -
WP_066794449.1       -            396 Resfam_ClassC-AmpC   -            385   1.5e-13   56.5   0.1   1   2   1.3e-12   9.5e-09   40.6   0.0    86   264     2   199     1   222 0.76 -
WP_066794449.1       -            396 Resfam_ClassC-AmpC   -            385   1.5e-13   56.5   0.1   2   2    0.0026        20    9.9   0.2   334   369   246   282   238   293 0.81 -
WP_089806335.1       -            346 Resfam_ClassC-AmpC   -            385   1.8e-13   56.1   0.0   1   1   8.3e-17   6.2e-13   54.4   0.0    49   264    17   248     2   260 0.78 -
WP_076431126.1       -            349 Resfam_ClassC-AmpC   -            385   1.9e-13   56.1   0.0   1   1   2.9e-17   2.2e-13   55.9   0.0    27   230     5   211     1   262 0.85 -
WP_081446736.1       -            431 Resfam_ClassC-AmpC   -            385   3.6e-13   55.2   0.0   1   2   1.1e-15   8.5e-12   50.7   0.0    63   260    10   216     4   223 0.83 -
WP_081446736.1       -            431 Resfam_ClassC-AmpC   -            385   3.6e-13   55.2   0.0   2   2       1.1   8.3e+03    1.3   0.0   338   367   273   302   260   315 0.76 -
WP_015285930.1       -            386 Resfam_ClassC-AmpC   -            385   7.3e-13   54.2   0.0   1   1   2.8e-16   2.1e-12   52.7   0.0    31   213    47   242    15   247 0.82 -
WP_012617546.1       -            407 Resfam_ClassC-AmpC   -            385   9.6e-13   53.8   0.0   1   1   1.8e-16   1.4e-12   53.3   0.0    49   222    36   213    29   230 0.89 -
WP_004078826.1       -            391 Resfam_ClassC-AmpC   -            385   1.8e-12   52.9   0.0   1   1   3.8e-16   2.8e-12   52.2   0.0    26   214    48   249    23   257 0.85 -
WP_058371489.1       -            457 Resfam_ClassC-AmpC   -            385   2.5e-12   52.4   0.0   1   1   1.1e-14     8e-11   47.4   0.0    38   212    12   204     3   251 0.78 -
WP_004040755.1       -            369 Resfam_ClassC-AmpC   -            385   4.1e-12   51.7   0.0   1   1   7.5e-16   5.6e-12   51.2   0.0    32   222     6   201     2   210 0.93 -
WP_083524726.1       -            414 Resfam_ClassC-AmpC   -            385   4.5e-12   51.6   0.0   1   1   2.2e-15   1.7e-11   49.7   0.0    30   213    34   230    20   236 0.84 -
WP_100906890.1       -            569 Resfam_ClassC-AmpC   -            385   1.3e-11   50.1   0.1   1   1   3.1e-15   2.3e-11   49.2   0.1    28   300    92   382    63   395 0.71 -
WP_100905919.1       -            572 Resfam_ClassC-AmpC   -            385   1.3e-11   50.0   0.1   1   1   3.1e-15   2.4e-11   49.2   0.1    28   300    95   385    66   398 0.71 -
WP_014866762.1       -            432 Resfam_ClassC-AmpC   -            385   5.1e-11   48.1   0.0   1   1   1.9e-14   1.5e-10   46.6   0.0    34   213    79   271    53   322 0.81 -
WP_062396402.1       -            205 Resfam_ClassC-AmpC   -            385   6.1e-11   47.8   0.0   1   1     1e-14   7.7e-11   47.5   0.0    18   137    37   157    30   173 0.89 -
WP_011223958.1       -            376 Resfam_ClassC-AmpC   -            385   7.1e-11   47.6   0.0   1   1   1.3e-14     1e-10   47.1   0.0    51   244    29   230     6   235 0.86 -
WP_048185728.1       -            407 Resfam_ClassC-AmpC   -            385   8.5e-11   47.4   0.0   1   1   4.3e-14   3.2e-10   45.5   0.0    34   215    54   248    40   301 0.80 -
WP_004591147.1       -            377 Resfam_ClassC-AmpC   -            385   8.7e-11   47.3   0.0   1   1   1.6e-14   1.2e-10   46.9   0.0    49   237    27   223    10   242 0.87 -
#
# Program:         hmmsearch
# Version:         3.1b2 (February 2015)
# Pipeline mode:   SEARCH
# Query file:      /mnt/research/ShadeLab/Dunivin/gene_targeted_assembly/RDPTools/Xander_assembler/gene_resource/ClassC/originaldata/ClassC.hmm
# Target file:     /mnt/research/ShadeLab/Dunivin/hmmsearch/refseq/protein_files/archaea.protein.fa
# Option settings: /opt/software/HMMER/3.1b2--GCC-4.8.3/bin/hmmsearch -o /mnt/research/ShadeLab/Dunivin/hmmsearch/refseq/hmm_outputs/ClassC.archaea.protein.fa.stdout.txt -A /mnt/research/ShadeLab/Dunivin/hmmsearch/refseq/hmm_outputs/ClassC.archaea.protein.fa.alignment.0.0000000001.txt --domtblout /mnt/research/ShadeLab/Dunivin/hmmsearch/refseq/hmm_outputs/ClassC.archaea.protein.fa.0.0000000001.tbl.txt -E 0.0000000001 --cpu 8 /mnt/research/ShadeLab/Dunivin/gene_targeted_assembly/RDPTools/Xander_assembler/gene_resource/ClassC/originaldata/ClassC.hmm /mnt/research/ShadeLab/Dunivin/hmmsearch/refseq/protein_files/archaea.protein.fa 
# Current dir:     /mnt/research/ShadeLab/Dunivin/hmmsearch/bin
# Date:            Wed Jul 25 14:04:29 2018
# [ok]
