#                                                                            --- full sequence --- -------------- this domain -------------   hmm coord   ali coord   env coord
# target name        accession   tlen query name           accession   qlen   E-value  score  bias   #  of  c-Evalue  i-Evalue  score  bias  from    to  from    to  from    to  acc description of target
#------------------- ---------- ----- -------------------- ---------- ----- --------- ------ ----- --- --- --------- --------- ------ ----- ----- ----- ----- ----- ----- ----- ---- ---------------------
WP_000976514.1       -            381 Resfam_ClassC-AmpC   -            385  2.4e-194  651.1   0.3   1   1  1.2e-197  2.7e-194  650.9   0.3     1   384     1   381     1   381 0.99 -
YP_002302245.1       -            381 Resfam_ClassC-AmpC   -            385  2.4e-194  651.1   0.3   1   1  1.2e-197  2.7e-194  650.9   0.3     1   384     1   381     1   381 0.99 -
YP_002302252.1       -            381 Resfam_ClassC-AmpC   -            385  2.4e-194  651.1   0.3   1   1  1.2e-197  2.7e-194  650.9   0.3     1   384     1   381     1   381 0.99 -
YP_002891116.1       -            381 Resfam_ClassC-AmpC   -            385  2.4e-194  651.1   0.3   1   1  1.2e-197  2.7e-194  650.9   0.3     1   384     1   381     1   381 0.99 -
YP_002894430.1       -            381 Resfam_ClassC-AmpC   -            385  2.4e-194  651.1   0.3   1   1  1.2e-197  2.7e-194  650.9   0.3     1   384     1   381     1   381 0.99 -
YP_006952920.1       -            381 Resfam_ClassC-AmpC   -            385  2.4e-194  651.1   0.3   1   1  1.2e-197  2.7e-194  650.9   0.3     1   384     1   381     1   381 0.99 -
YP_006956224.1       -            381 Resfam_ClassC-AmpC   -            385  2.4e-194  651.1   0.3   1   1  1.2e-197  2.7e-194  650.9   0.3     1   384     1   381     1   381 0.99 -
YP_006956956.1       -            381 Resfam_ClassC-AmpC   -            385  2.4e-194  651.1   0.3   1   1  1.2e-197  2.7e-194  650.9   0.3     1   384     1   381     1   381 0.99 -
YP_008574733.1       -            381 Resfam_ClassC-AmpC   -            385  2.4e-194  651.1   0.3   1   1  1.2e-197  2.7e-194  650.9   0.3     1   384     1   381     1   381 0.99 -
YP_008826415.1       -            381 Resfam_ClassC-AmpC   -            385  2.4e-194  651.1   0.3   1   1  1.2e-197  2.7e-194  650.9   0.3     1   384     1   381     1   381 0.99 -
YP_008998030.1       -            381 Resfam_ClassC-AmpC   -            385  2.4e-194  651.1   0.3   1   1  1.2e-197  2.7e-194  650.9   0.3     1   384     1   381     1   381 0.99 -
YP_009023706.1       -            381 Resfam_ClassC-AmpC   -            385  2.4e-194  651.1   0.3   1   1  1.2e-197  2.7e-194  650.9   0.3     1   384     1   381     1   381 0.99 -
YP_009072099.1       -            381 Resfam_ClassC-AmpC   -            385  2.4e-194  651.1   0.3   1   1  1.2e-197  2.7e-194  650.9   0.3     1   384     1   381     1   381 0.99 -
WP_011872902.1       -            409 Resfam_ClassC-AmpC   -            385  3.1e-194  650.7   0.3   1   1  1.5e-197  3.5e-194  650.5   0.3     1   384    29   409    29   409 0.99 -
YP_002891124.1       -            409 Resfam_ClassC-AmpC   -            385  3.1e-194  650.7   0.3   1   1  1.5e-197  3.5e-194  650.5   0.3     1   384    29   409    29   409 0.99 -
YP_002894624.1       -            409 Resfam_ClassC-AmpC   -            385  3.1e-194  650.7   0.3   1   1  1.5e-197  3.5e-194  650.5   0.3     1   384    29   409    29   409 0.99 -
YP_002894626.1       -            409 Resfam_ClassC-AmpC   -            385  3.1e-194  650.7   0.3   1   1  1.5e-197  3.5e-194  650.5   0.3     1   384    29   409    29   409 0.99 -
YP_006955085.1       -            409 Resfam_ClassC-AmpC   -            385  3.1e-194  650.7   0.3   1   1  1.5e-197  3.5e-194  650.5   0.3     1   384    29   409    29   409 0.99 -
YP_006955087.1       -            409 Resfam_ClassC-AmpC   -            385  3.1e-194  650.7   0.3   1   1  1.5e-197  3.5e-194  650.5   0.3     1   384    29   409    29   409 0.99 -
YP_006956357.1       -            409 Resfam_ClassC-AmpC   -            385  3.1e-194  650.7   0.3   1   1  1.5e-197  3.5e-194  650.5   0.3     1   384    29   409    29   409 0.99 -
YP_006956359.1       -            409 Resfam_ClassC-AmpC   -            385  3.1e-194  650.7   0.3   1   1  1.5e-197  3.5e-194  650.5   0.3     1   384    29   409    29   409 0.99 -
YP_006956671.1       -            409 Resfam_ClassC-AmpC   -            385  3.1e-194  650.7   0.3   1   1  1.5e-197  3.5e-194  650.5   0.3     1   384    29   409    29   409 0.99 -
YP_006956673.1       -            409 Resfam_ClassC-AmpC   -            385  3.1e-194  650.7   0.3   1   1  1.5e-197  3.5e-194  650.5   0.3     1   384    29   409    29   409 0.99 -
WP_063859850.1       -            381 Resfam_ClassC-AmpC   -            385  3.2e-194  650.7   0.3   1   1  1.5e-197  3.5e-194  650.5   0.3     1   384     1   381     1   381 0.99 -
WP_032495047.1       -            381 Resfam_ClassC-AmpC   -            385  3.3e-194  650.6   0.2   1   1  1.6e-197  3.7e-194  650.4   0.2     1   384     1   381     1   381 0.99 -
WP_063859849.1       -            381 Resfam_ClassC-AmpC   -            385  3.9e-194  650.4   0.4   1   1  1.9e-197  4.3e-194  650.2   0.4     1   384     1   381     1   381 0.99 -
WP_015059331.1       -            381 Resfam_ClassC-AmpC   -            385  4.6e-194  650.1   0.3   1   1  2.2e-197  5.1e-194  650.0   0.3     1   384     1   381     1   381 0.99 -
YP_006954594.1       -            381 Resfam_ClassC-AmpC   -            385  4.6e-194  650.1   0.3   1   1  2.2e-197  5.1e-194  650.0   0.3     1   384     1   381     1   381 0.99 -
WP_063859818.1       -            381 Resfam_ClassC-AmpC   -            385  4.7e-194  650.1   0.3   1   1  2.3e-197  5.3e-194  649.9   0.3     1   384     1   381     1   381 0.99 -
WP_012262157.1       -            381 Resfam_ClassC-AmpC   -            385    5e-194  650.0   0.2   1   1  2.5e-197  5.6e-194  649.8   0.2     1   384     1   381     1   381 0.99 -
YP_001649321.1       -            381 Resfam_ClassC-AmpC   -            385    5e-194  650.0   0.2   1   1  2.5e-197  5.6e-194  649.8   0.2     1   384     1   381     1   381 0.99 -
WP_063859861.1       -            381 Resfam_ClassC-AmpC   -            385    7e-194  649.5   0.2   1   1  3.4e-197  7.9e-194  649.4   0.2     1   384     1   381     1   381 0.99 -
WP_020996270.1       -            381 Resfam_ClassC-AmpC   -            385    1e-193  649.0   0.4   1   1    5e-197  1.2e-193  648.8   0.4     1   384     1   381     1   381 0.99 -
WP_063859853.1       -            381 Resfam_ClassC-AmpC   -            385  1.1e-193  648.9   0.3   1   1  5.2e-197  1.2e-193  648.8   0.3     1   384     1   381     1   381 0.99 -
WP_012262164.1       -            381 Resfam_ClassC-AmpC   -            385  1.1e-193  648.9   0.1   1   1  5.4e-197  1.2e-193  648.7   0.1     1   384     1   381     1   381 0.99 -
YP_001649331.1       -            381 Resfam_ClassC-AmpC   -            385  1.1e-193  648.9   0.1   1   1  5.4e-197  1.2e-193  648.7   0.1     1   384     1   381     1   381 0.99 -
WP_032489027.1       -            381 Resfam_ClassC-AmpC   -            385  1.2e-193  648.7   0.5   1   1  5.9e-197  1.4e-193  648.6   0.5     1   384     1   381     1   381 0.99 -
WP_063859698.1       -            381 Resfam_ClassC-AmpC   -            385  1.3e-193  648.7   0.3   1   1  6.3e-197  1.4e-193  648.5   0.3     1   384     1   381     1   381 0.99 -
WP_008321445.1       -            381 Resfam_ClassC-AmpC   -            385  1.5e-193  648.4   0.2   1   1  7.4e-197  1.7e-193  648.3   0.2     1   384     1   381     1   381 0.99 -
WP_063859855.1       -            381 Resfam_ClassC-AmpC   -            385  1.9e-193  648.1   0.4   1   1  9.4e-197  2.2e-193  647.9   0.4     1   384     1   381     1   381 0.99 -
WP_063859841.1       -            381 Resfam_ClassC-AmpC   -            385  1.9e-193  648.1   0.4   1   1  9.5e-197  2.2e-193  647.9   0.4     1   384     1   381     1   381 0.99 -
WP_014386387.1       -            381 Resfam_ClassC-AmpC   -            385  2.2e-193  647.9   0.2   1   1  1.1e-196  2.5e-193  647.7   0.2     1   384     1   381     1   381 0.99 -
YP_005351770.1       -            381 Resfam_ClassC-AmpC   -            385  2.2e-193  647.9   0.2   1   1  1.1e-196  2.5e-193  647.7   0.2     1   384     1   381     1   381 0.99 -
YP_008167064.1       -            381 Resfam_ClassC-AmpC   -            385  2.2e-193  647.9   0.2   1   1  1.1e-196  2.5e-193  647.7   0.2     1   384     1   381     1   381 0.99 -
WP_032491928.1       -            381 Resfam_ClassC-AmpC   -            385  2.2e-193  647.9   0.4   1   1  1.1e-196  2.5e-193  647.7   0.4     1   384     1   381     1   381 0.99 -
WP_015058212.1       -            381 Resfam_ClassC-AmpC   -            385  2.2e-193  647.9   0.3   1   1  1.1e-196  2.5e-193  647.7   0.3     1   384     1   381     1   381 0.99 -
YP_006903297.1       -            381 Resfam_ClassC-AmpC   -            385  2.2e-193  647.9   0.3   1   1  1.1e-196  2.5e-193  647.7   0.3     1   384     1   381     1   381 0.99 -
YP_006953154.1       -            381 Resfam_ClassC-AmpC   -            385  2.2e-193  647.9   0.3   1   1  1.1e-196  2.5e-193  647.7   0.3     1   384     1   381     1   381 0.99 -
YP_006958642.1       -            381 Resfam_ClassC-AmpC   -            385  2.2e-193  647.9   0.3   1   1  1.1e-196  2.5e-193  647.7   0.3     1   384     1   381     1   381 0.99 -
YP_009023020.1       -            381 Resfam_ClassC-AmpC   -            385  2.2e-193  647.9   0.3   1   1  1.1e-196  2.5e-193  647.7   0.3     1   384     1   381     1   381 0.99 -
WP_063859852.1       -            381 Resfam_ClassC-AmpC   -            385  2.8e-193  647.6   0.3   1   1  1.3e-196  3.1e-193  647.4   0.3     1   384     1   381     1   381 0.99 -
WP_099004447.1       -            381 Resfam_ClassC-AmpC   -            385  2.8e-193  647.6   0.3   1   1  1.4e-196  3.1e-193  647.4   0.3     1   384     1   381     1   381 0.99 -
WP_015060042.1       -            409 Resfam_ClassC-AmpC   -            385  2.9e-193  647.5   0.3   1   1  1.4e-196  3.3e-193  647.3   0.3     1   384    29   409    29   409 0.99 -
YP_006959098.1       -            409 Resfam_ClassC-AmpC   -            385  2.9e-193  647.5   0.3   1   1  1.4e-196  3.3e-193  647.3   0.3     1   384    29   409    29   409 0.99 -
WP_075985683.1       -            381 Resfam_ClassC-AmpC   -            385  3.2e-193  647.3   0.3   1   1  1.6e-196  3.6e-193  647.2   0.3     1   384     1   381     1   381 0.99 -
WP_032490699.1       -            381 Resfam_ClassC-AmpC   -            385  3.4e-193  647.3   0.7   1   1  1.6e-196  3.8e-193  647.1   0.7     1   384     1   381     1   381 0.99 -
WP_015056382.1       -            381 Resfam_ClassC-AmpC   -            385  3.7e-193  647.1   0.3   1   1  1.8e-196  4.1e-193  647.0   0.3     1   384     1   381     1   381 0.99 -
YP_006939897.1       -            381 Resfam_ClassC-AmpC   -            385  3.7e-193  647.1   0.3   1   1  1.8e-196  4.1e-193  647.0   0.3     1   384     1   381     1   381 0.99 -
WP_039023136.1       -            381 Resfam_ClassC-AmpC   -            385  4.7e-193  646.8   0.3   1   1  2.3e-196  5.3e-193  646.6   0.3     1   384     1   381     1   381 0.99 -
WP_032495027.1       -            381 Resfam_ClassC-AmpC   -            385  4.7e-193  646.8   0.2   1   1  2.3e-196  5.3e-193  646.6   0.2     1   384     1   381     1   381 0.99 -
WP_063859815.1       -            381 Resfam_ClassC-AmpC   -            385  8.8e-193  645.9   0.3   1   1  4.3e-196  9.8e-193  645.8   0.3     1   384     1   381     1   381 0.99 -
WP_032494240.1       -            381 Resfam_ClassC-AmpC   -            385  9.9e-193  645.7   0.2   1   1  4.8e-196  1.1e-192  645.6   0.2     1   384     1   381     1   381 0.99 -
WP_063859848.1       -            383 Resfam_ClassC-AmpC   -            385  2.2e-192  644.6   0.3   1   1  1.1e-195  2.4e-192  644.5   0.3     1   384     1   383     1   383 0.99 -
WP_063859854.1       -            380 Resfam_ClassC-AmpC   -            385  6.8e-192  643.0   0.8   1   1  3.3e-195  7.5e-192  642.8   0.8     4   384     3   380     1   380 0.99 -
WP_064757259.1       -            372 Resfam_ClassC-AmpC   -            385  9.1e-191  639.3   0.6   1   1  4.4e-194    1e-190  639.1   0.6    11   384     2   372     1   372 0.99 -
WP_063859842.1       -            377 Resfam_ClassC-AmpC   -            385  4.4e-190  637.0   0.3   1   1  2.1e-193  4.9e-190  636.9   0.3     1   384     1   377     1   377 0.99 -
WP_032492324.1       -            381 Resfam_ClassC-AmpC   -            385  1.2e-188  632.3   0.0   1   1    6e-192  1.4e-188  632.1   0.0     1   384     1   381     1   381 0.99 -
WP_063857783.1       -            381 Resfam_ClassC-AmpC   -            385  1.3e-188  632.1   0.1   1   1  6.5e-192  1.5e-188  632.0   0.1     1   384     1   381     1   381 0.99 -
WP_063857784.1       -            381 Resfam_ClassC-AmpC   -            385  1.9e-188  631.7   0.1   1   1    9e-192  2.1e-188  631.5   0.1     1   384     1   381     1   381 0.99 -
WP_013981172.1       -            380 Resfam_ClassC-AmpC   -            385  6.8e-188  629.8   0.0   1   1  3.3e-191  7.6e-188  629.7   0.0     2   383     2   380     1   380 0.99 -
WP_055321263.1       -            381 Resfam_ClassC-AmpC   -            385  5.9e-187  626.7   0.2   1   1  2.9e-190  6.6e-187  626.6   0.2     1   384     1   381     1   381 0.99 -
WP_063859580.1       -            381 Resfam_ClassC-AmpC   -            385    2e-186  625.0   0.0   1   1  9.9e-190  2.3e-186  624.8   0.0     1   384     1   381     1   381 0.99 -
WP_032492100.1       -            381 Resfam_ClassC-AmpC   -            385  3.2e-186  624.3   0.1   1   1  1.6e-189  3.6e-186  624.1   0.1     1   384     1   381     1   381 0.99 -
WP_032489464.1       -            381 Resfam_ClassC-AmpC   -            385  3.8e-186  624.1   0.1   1   1  1.9e-189  4.3e-186  623.9   0.1     1   384     1   381     1   381 0.99 -
WP_011666807.1       -            380 Resfam_ClassC-AmpC   -            385  3.3e-185  621.0   0.1   1   1  1.6e-188  3.7e-185  620.8   0.1     3   384     2   380     1   380 0.99 -
YP_006953600.1       -            380 Resfam_ClassC-AmpC   -            385  3.3e-185  621.0   0.1   1   1  1.6e-188  3.7e-185  620.8   0.1     3   384     2   380     1   380 0.99 -
YP_794147.1          -            380 Resfam_ClassC-AmpC   -            385  3.3e-185  621.0   0.1   1   1  1.6e-188  3.7e-185  620.8   0.1     3   384     2   380     1   380 0.99 -
WP_032489067.1       -            382 Resfam_ClassC-AmpC   -            385  6.7e-178  596.9   0.2   1   1  3.2e-181  7.4e-178  596.8   0.2     5   384     4   381     1   382 0.96 -
WP_063859897.1       -            382 Resfam_ClassC-AmpC   -            385    1e-176  593.0   0.3   1   1    5e-180  1.1e-176  592.9   0.3    10   384     7   381     1   382 0.95 -
WP_063860496.1       -            382 Resfam_ClassC-AmpC   -            385  1.7e-176  592.3   0.3   1   1  8.3e-180  1.9e-176  592.1   0.3     8   384     5   381     1   382 0.96 -
WP_059202188.1       -            385 Resfam_ClassC-AmpC   -            385    2e-176  592.1   2.7   1   1  9.5e-180  2.2e-176  591.9   2.7     6   384     8   385     1   385 0.96 -
WP_032488864.1       -            382 Resfam_ClassC-AmpC   -            385  2.2e-176  592.0   0.2   1   1    1e-179  2.4e-176  591.8   0.2    10   384     7   381     1   382 0.95 -
WP_012477380.1       -            382 Resfam_ClassC-AmpC   -            385  2.4e-176  591.8   0.3   1   1  1.1e-179  2.6e-176  591.7   0.3    10   384     7   381     1   382 0.95 -
YP_001965780.1       -            382 Resfam_ClassC-AmpC   -            385  2.4e-176  591.8   0.3   1   1  1.1e-179  2.6e-176  591.7   0.3    10   384     7   381     1   382 0.95 -
WP_032489727.1       -            382 Resfam_ClassC-AmpC   -            385  4.4e-176  590.9   0.2   1   1  2.1e-179  4.8e-176  590.8   0.2     3   384     2   381     1   382 0.96 -
WP_063860845.1       -            382 Resfam_ClassC-AmpC   -            385  5.4e-176  590.7   0.1   1   1  2.6e-179  5.9e-176  590.5   0.1    11   384     8   381     1   382 0.95 -
WP_032490177.1       -            382 Resfam_ClassC-AmpC   -            385  9.9e-176  589.8   0.2   1   1  4.7e-179  1.1e-175  589.6   0.2    10   384     7   381     1   382 0.95 -
WP_016809943.1       -            382 Resfam_ClassC-AmpC   -            385  1.4e-175  589.2   0.3   1   1    7e-179  1.6e-175  589.1   0.3     9   384     6   381     1   382 0.95 -
WP_032489888.1       -            382 Resfam_ClassC-AmpC   -            385  1.5e-175  589.2   0.3   1   1  7.1e-179  1.6e-175  589.1   0.3    10   384     7   381     1   382 0.95 -
WP_101618176.1       -            381 Resfam_ClassC-AmpC   -            385  2.7e-175  588.3   0.1   1   1  1.3e-178    3e-175  588.2   0.1     4   384     4   381     1   381 0.98 -
WP_032072107.1       -            382 Resfam_ClassC-AmpC   -            385  2.8e-175  588.3   0.1   1   1  1.3e-178  3.1e-175  588.2   0.1     9   384     6   381     1   382 0.96 -
YP_009067906.1       -            382 Resfam_ClassC-AmpC   -            385  2.8e-175  588.3   0.1   1   1  1.3e-178  3.1e-175  588.2   0.1     9   384     6   381     1   382 0.96 -
WP_032495011.1       -            382 Resfam_ClassC-AmpC   -            385  1.3e-174  586.1   0.3   1   1  6.2e-178  1.4e-174  586.0   0.3     9   384     6   381     1   382 0.95 -
WP_025714684.1       -            382 Resfam_ClassC-AmpC   -            385  1.3e-174  586.1   0.4   1   1  6.3e-178  1.4e-174  586.0   0.4     9   384     6   381     1   382 0.95 -
WP_063860497.1       -            382 Resfam_ClassC-AmpC   -            385    2e-174  585.5   0.7   1   1  9.8e-178  2.2e-174  585.3   0.7     9   384     6   381     1   382 0.95 -
WP_104925120.1       -            379 Resfam_ClassC-AmpC   -            385  3.5e-173  581.4   3.4   1   1  1.7e-176  3.9e-173  581.2   3.4     7   384     5   379     1   379 0.96 -
NP_437580.1          -            396 Resfam_ClassC-AmpC   -            385  3.4e-169  568.3   0.0   1   1  1.8e-172  4.1e-169  568.0   0.0     7   384    11   387     3   388 0.96 -
WP_010975881.1       -            396 Resfam_ClassC-AmpC   -            385  3.4e-169  568.3   0.0   1   1  1.8e-172  4.1e-169  568.0   0.0     7   384    11   387     3   388 0.96 -
WP_014527113.1       -            396 Resfam_ClassC-AmpC   -            385  3.5e-169  568.2   0.0   1   1  1.8e-172  4.2e-169  568.0   0.0     7   384    11   387     3   388 0.96 -
WP_029727779.1       -            396 Resfam_ClassC-AmpC   -            385  3.5e-169  568.2   0.0   1   1  1.8e-172  4.2e-169  568.0   0.0     7   384    11   387     3   388 0.96 -
WP_028005592.1       -            396 Resfam_ClassC-AmpC   -            385    4e-169  568.0   0.0   1   1  2.1e-172  4.8e-169  567.8   0.0     7   384    11   387     3   388 0.96 -
WP_025151790.1       -            379 Resfam_ClassC-AmpC   -            385  4.9e-169  567.7   3.6   1   1  2.4e-172  5.4e-169  567.6   3.6     2   384     1   379     1   379 0.96 -
WP_015243000.1       -            396 Resfam_ClassC-AmpC   -            385  5.3e-169  567.6   0.0   1   1  2.6e-172  5.9e-169  567.5   0.0     9   384    13   387     1   388 0.95 -
WP_088201366.1       -            396 Resfam_ClassC-AmpC   -            385  7.1e-169  567.2   0.0   1   1  3.8e-172  8.7e-169  566.9   0.0     9   384    13   387     4   388 0.96 -
WP_015008235.1       -            396 Resfam_ClassC-AmpC   -            385  1.4e-168  566.3   0.0   1   1  7.2e-172  1.7e-168  566.0   0.0     9   384    13   387     4   388 0.96 -
WP_088203844.1       -            396 Resfam_ClassC-AmpC   -            385  1.4e-168  566.3   0.0   1   1  7.4e-172  1.7e-168  566.0   0.0     9   384    13   387     4   388 0.96 -
WP_095919526.1       -            396 Resfam_ClassC-AmpC   -            385    3e-168  565.2   0.0   1   1  1.6e-171  3.6e-168  564.9   0.0     9   384    13   387     4   388 0.96 -
WP_063860162.1       -            379 Resfam_ClassC-AmpC   -            385  5.6e-168  564.3   4.0   1   1  2.7e-171  6.2e-168  564.1   4.0     2   384     1   379     1   379 0.96 -
WP_004236386.1       -            379 Resfam_ClassC-AmpC   -            385  1.4e-167  563.0   4.0   1   1  6.6e-171  1.5e-167  562.8   4.0     2   384     1   379     1   379 0.96 -
YP_003754038.1       -            379 Resfam_ClassC-AmpC   -            385  1.4e-167  563.0   4.0   1   1  6.6e-171  1.5e-167  562.8   4.0     2   384     1   379     1   379 0.96 -
YP_007316639.1       -            379 Resfam_ClassC-AmpC   -            385  1.4e-167  563.0   4.0   1   1  6.6e-171  1.5e-167  562.8   4.0     2   384     1   379     1   379 0.96 -
YP_007316661.1       -            379 Resfam_ClassC-AmpC   -            385  1.4e-167  563.0   4.0   1   1  6.6e-171  1.5e-167  562.8   4.0     2   384     1   379     1   379 0.96 -
YP_007316710.1       -            379 Resfam_ClassC-AmpC   -            385  1.4e-167  563.0   4.0   1   1  6.6e-171  1.5e-167  562.8   4.0     2   384     1   379     1   379 0.96 -
YP_008725253.1       -            379 Resfam_ClassC-AmpC   -            385  1.4e-167  563.0   4.0   1   1  6.6e-171  1.5e-167  562.8   4.0     2   384     1   379     1   379 0.96 -
YP_008997894.1       -            379 Resfam_ClassC-AmpC   -            385  1.4e-167  563.0   4.0   1   1  6.6e-171  1.5e-167  562.8   4.0     2   384     1   379     1   379 0.96 -
WP_067436871.1       -            379 Resfam_ClassC-AmpC   -            385  1.9e-167  562.6   6.2   1   1  8.9e-171  2.1e-167  562.4   6.2     9   384     7   379     1   379 0.95 -
WP_015342890.1       -            397 Resfam_ClassC-AmpC   -            385    3e-167  561.9   0.1   1   1  1.6e-170  3.6e-167  561.6   0.1    23   384    28   388     6   389 0.96 -
WP_032490957.1       -            379 Resfam_ClassC-AmpC   -            385  5.2e-167  561.1   3.5   1   1  2.5e-170  5.8e-167  560.9   3.5     2   384     1   379     1   379 0.96 -
WP_063860114.1       -            379 Resfam_ClassC-AmpC   -            385  9.3e-167  560.2   3.9   1   1  4.5e-170    1e-166  560.1   3.9     2   384     1   379     1   379 0.96 -
WP_058648119.1       -            379 Resfam_ClassC-AmpC   -            385  4.9e-166  557.9   4.1   1   1  2.4e-169  5.4e-166  557.7   4.1     2   384     1   379     1   379 0.96 -
WP_016557629.1       -            394 Resfam_ClassC-AmpC   -            385  2.2e-165  555.7   0.9   1   1    1e-168  2.4e-165  555.6   0.9    13   384    14   385     1   386 0.95 -
WP_095436767.1       -            411 Resfam_ClassC-AmpC   -            385  1.4e-163  549.8   0.1   1   1    7e-167  1.6e-163  549.6   0.1    20   384    40   402    21   403 0.97 -
WP_048321520.1       -            378 Resfam_ClassC-AmpC   -            385  2.1e-162  545.9   2.2   1   1    1e-165  2.4e-162  545.8   2.2    10   384     7   376     1   377 0.95 -
WP_012061832.1       -            386 Resfam_ClassC-AmpC   -            385  5.7e-162  544.5   0.0   1   1  2.8e-165  6.4e-162  544.3   0.0    21   384    15   377     1   378 0.96 -
YP_001313637.1       -            386 Resfam_ClassC-AmpC   -            385  5.7e-162  544.5   0.0   1   1  2.8e-165  6.4e-162  544.3   0.0    21   384    15   377     1   378 0.96 -
WP_016348467.1       -            389 Resfam_ClassC-AmpC   -            385    2e-160  539.4   0.1   1   1  9.8e-164  2.2e-160  539.2   0.1    13   384    15   386     1   387 0.95 -
WP_040115853.1       -            399 Resfam_ClassC-AmpC   -            385  1.6e-159  536.4   0.0   1   1  8.7e-163    2e-159  536.1   0.0    17   384    24   390     6   391 0.96 -
WP_024315280.1       -            394 Resfam_ClassC-AmpC   -            385  2.1e-159  536.0   0.1   1   1  1.1e-162  2.5e-159  535.8   0.1    20   384    22   385     2   386 0.95 -
WP_074072297.1       -            399 Resfam_ClassC-AmpC   -            385  5.6e-158  531.3   0.0   1   1  2.9e-161  6.7e-158  531.1   0.0    16   384    21   390     6   391 0.95 -
WP_045460298.1       -            387 Resfam_ClassC-AmpC   -            385    1e-157  530.5   0.0   1   1  4.9e-161  1.1e-157  530.4   0.0    14   384    15   384     1   385 0.95 -
WP_032491956.1       -            390 Resfam_ClassC-AmpC   -            385  1.2e-157  530.3   5.9   1   1  5.9e-161  1.3e-157  530.1   5.9     4   384     7   387     1   388 0.95 -
WP_041733328.1       -            387 Resfam_ClassC-AmpC   -            385  1.6e-157  529.8   0.0   1   1  7.7e-161  1.8e-157  529.7   0.0    15   384    16   384     1   385 0.95 -
WP_077160761.1       -            387 Resfam_ClassC-AmpC   -            385  4.9e-157  528.2   0.0   1   1  2.4e-160  5.4e-157  528.1   0.0    15   384    16   384     1   385 0.95 -
WP_050996766.1       -            390 Resfam_ClassC-AmpC   -            385    7e-157  527.7   0.0   1   1  3.7e-160  8.5e-157  527.5   0.0     8   384    13   385     2   386 0.95 -
WP_050595109.1       -            395 Resfam_ClassC-AmpC   -            385  3.8e-156  525.3   9.2   1   1  2.1e-159  4.8e-156  525.0   9.2     7   383    16   388     8   390 0.96 -
WP_013512950.1       -            386 Resfam_ClassC-AmpC   -            385  4.3e-156  525.1   5.2   1   1  2.1e-159  4.9e-156  525.0   5.2     9   384     8   383     1   384 0.95 -
YP_004119738.1       -            386 Resfam_ClassC-AmpC   -            385  4.3e-156  525.1   5.2   1   1  2.1e-159  4.9e-156  525.0   5.2     9   384     8   383     1   384 0.95 -
WP_074064204.1       -            398 Resfam_ClassC-AmpC   -            385  1.1e-155  523.8   0.0   1   1    6e-159  1.4e-155  523.5   0.0    15   384    22   389     7   390 0.95 -
WP_071924692.1       -            390 Resfam_ClassC-AmpC   -            385  4.4e-149  502.1   0.0   1   1  2.1e-152  4.8e-149  501.9   0.0     8   384    13   385     1   386 0.95 -
WP_079863305.1       -            390 Resfam_ClassC-AmpC   -            385  4.9e-147  495.3   1.5   1   1  2.6e-150  5.9e-147  495.1   1.5    10   384    16   388     5   389 0.95 -
WP_045592749.1       -            389 Resfam_ClassC-AmpC   -            385  3.6e-146  492.5   0.0   1   1  1.9e-149  4.3e-146  492.2   0.0     6   383     9   385     3   387 0.97 -
WP_104834822.1       -            380 Resfam_ClassC-AmpC   -            385  3.9e-146  492.4   0.0   1   1  1.9e-149  4.3e-146  492.2   0.0    10   383     9   380     1   380 0.96 -
WP_024092339.1       -            384 Resfam_ClassC-AmpC   -            385  1.5e-128  434.5   0.0   1   1  7.4e-132  1.7e-128  434.3   0.0    11   383    11   379     1   381 0.94 -
WP_015613267.1       -            338 Resfam_ClassC-AmpC   -            385  5.1e-115  389.9   0.2   1   1  2.6e-118    6e-115  389.7   0.2     2   268     1   264     1   279 0.93 -
YP_007936902.1       -            338 Resfam_ClassC-AmpC   -            385  5.1e-115  389.9   0.2   1   1  2.6e-118    6e-115  389.7   0.2     2   268     1   264     1   279 0.93 -
WP_012569496.1       -            116 Resfam_ClassC-AmpC   -            385   3.2e-48  170.0   0.0   1   1   1.5e-51   3.5e-48  169.9   0.0     1   118     1   116     1   116 0.99 -
YP_002302235.1       -            116 Resfam_ClassC-AmpC   -            385   3.2e-48  170.0   0.0   1   1   1.5e-51   3.5e-48  169.9   0.0     1   118     1   116     1   116 0.99 -
YP_002302241.1       -            116 Resfam_ClassC-AmpC   -            385   3.2e-48  170.0   0.0   1   1   1.5e-51   3.5e-48  169.9   0.0     1   118     1   116     1   116 0.99 -
WP_085313041.1       -            675 Resfam_ClassC-AmpC   -            385   4.4e-40  143.2   2.5   1   2     7e-42   1.6e-38  138.1   0.7    25   272    47   308    25   326 0.87 -
WP_085313041.1       -            675 Resfam_ClassC-AmpC   -            385   4.4e-40  143.2   2.5   2   2      0.27   6.3e+02    4.5   0.0   330   366   342   378   323   389 0.84 -
WP_000806257.1       -            676 Resfam_ClassC-AmpC   -            385   7.5e-40  142.5   2.2   1   2   3.7e-42   8.5e-39  139.0   1.0    11   273    38   309    26   326 0.87 -
WP_000806257.1       -            676 Resfam_ClassC-AmpC   -            385   7.5e-40  142.5   2.2   2   2       1.1   2.6e+03    2.4   0.0   331   365   343   377   328   389 0.85 -
WP_071680158.1       -            673 Resfam_ClassC-AmpC   -            385   8.2e-40  142.4   2.2   1   2   2.6e-41   5.9e-38  136.2   0.7    24   273    49   308    24   325 0.87 -
WP_071680158.1       -            673 Resfam_ClassC-AmpC   -            385   8.2e-40  142.4   2.2   2   2      0.15   3.3e+02    5.4   0.0   330   367   341   378   324   389 0.84 -
WP_063538676.1       -            675 Resfam_ClassC-AmpC   -            385   9.3e-40  142.2   1.6   1   2   2.4e-41   5.6e-38  136.3   0.5    14   279    41   317    28   327 0.87 -
WP_063538676.1       -            675 Resfam_ClassC-AmpC   -            385   9.3e-40  142.2   1.6   2   2      0.26     6e+02    4.6   0.0   330   365   342   377   327   388 0.86 -
WP_000709299.1       -            668 Resfam_ClassC-AmpC   -            385   8.9e-39  138.9   3.5   1   2   8.4e-41   1.9e-37  134.6   1.6     9   271    36   307    25   326 0.87 -
WP_000709299.1       -            668 Resfam_ClassC-AmpC   -            385   8.9e-39  138.9   3.5   2   2      0.37   8.5e+02    4.1   0.0   331   365   343   377   328   386 0.86 -
WP_000806258.1       -            678 Resfam_ClassC-AmpC   -            385   3.4e-37  133.8   2.7   1   2   7.6e-39   1.7e-35  128.1   0.7    15   272    42   310    28   327 0.85 -
WP_000806258.1       -            678 Resfam_ClassC-AmpC   -            385   3.4e-37  133.8   2.7   2   2      0.17   3.8e+02    5.2   0.0   330   365   344   379   327   391 0.82 -
WP_096613740.1       -            497 Resfam_ClassC-AmpC   -            385     5e-35  126.6   0.2   1   2   1.8e-32   4.2e-29  107.1   0.0    12   271    46   308    37   334 0.83 -
WP_096613740.1       -            497 Resfam_ClassC-AmpC   -            385     5e-35  126.6   0.2   2   2   2.8e-05     0.063   17.6   0.1   336   378   347   390   335   397 0.75 -
WP_012945369.1       -            650 Resfam_ClassC-AmpC   -            385   5.5e-35  126.5   0.0   1   1   5.7e-38   1.3e-34  125.2   0.0    26   298    50   336    24   347 0.82 -
WP_000773395.1       -           1027 Resfam_ClassC-AmpC   -            385   1.8e-33  121.5   1.3   1   2   1.1e-33   2.5e-30  111.1   0.4    12   280    12   293     1   317 0.74 -
WP_000773395.1       -           1027 Resfam_ClassC-AmpC   -            385   1.8e-33  121.5   1.3   2   2     0.011        25    9.1   0.0   339   366   324   351   315   359 0.88 -
WP_065229814.1       -           1027 Resfam_ClassC-AmpC   -            385   2.3e-33  121.1   1.4   1   2   1.3e-33   3.1e-30  110.8   0.4    12   265    12   279     1   318 0.74 -
WP_065229814.1       -           1027 Resfam_ClassC-AmpC   -            385   2.3e-33  121.1   1.4   2   2     0.011        26    9.0   0.0   339   366   324   351   316   359 0.88 -
WP_071981808.1       -            658 Resfam_ClassC-AmpC   -            385     3e-33  120.8   1.3   1   2   4.9e-36   1.1e-32  118.9   0.3    25   306    49   345    26   350 0.79 -
WP_071981808.1       -            658 Resfam_ClassC-AmpC   -            385     3e-33  120.8   1.3   2   2       2.8   6.5e+03    1.1   0.0   332   364   343   375   335   381 0.84 -
WP_000773400.1       -           1027 Resfam_ClassC-AmpC   -            385   3.3e-33  120.6   1.7   1   2   1.7e-33     4e-30  110.5   0.5    12   280    12   293     1   317 0.74 -
WP_000773400.1       -           1027 Resfam_ClassC-AmpC   -            385   3.3e-33  120.6   1.7   2   2     0.011        25    9.1   0.0   339   366   324   351   315   359 0.88 -
WP_040007267.1       -            515 Resfam_ClassC-AmpC   -            385   4.3e-33  120.2   0.0   1   2   4.5e-31     1e-27  102.5   0.0    24   271    20   282     1   299 0.85 -
WP_040007267.1       -            515 Resfam_ClassC-AmpC   -            385   4.3e-33  120.2   0.0   2   2   0.00011      0.25   15.7   0.0   334   366   326   358   320   392 0.91 -
WP_089607886.1       -           1027 Resfam_ClassC-AmpC   -            385   4.4e-33  120.2   2.2   1   2   1.9e-33   4.4e-30  110.3   0.7    12   297    12   314     1   317 0.74 -
WP_089607886.1       -           1027 Resfam_ClassC-AmpC   -            385   4.4e-33  120.2   2.2   2   2     0.011        25    9.1   0.0   339   367   324   352   315   360 0.88 -
WP_017446785.1       -            381 Resfam_ClassC-AmpC   -            385   4.6e-33  120.1   0.1   1   1   2.6e-36   6.1e-33  119.7   0.1     9   299     9   326     1   362 0.80 -
WP_052294123.1       -            453 Resfam_ClassC-AmpC   -            385   5.7e-33  119.8   0.0   1   2     1e-31   2.4e-28  104.6   0.0    36   264     9   248     2   285 0.85 -
WP_052294123.1       -            453 Resfam_ClassC-AmpC   -            385   5.7e-33  119.8   0.0   2   2   0.00058       1.3   13.3   0.0   334   372   290   328   284   338 0.83 -
WP_000773405.1       -           1027 Resfam_ClassC-AmpC   -            385   6.4e-33  119.7   1.8   1   2   3.3e-33   7.5e-30  109.6   0.5    10   266    10   279     1   316 0.74 -
WP_000773405.1       -           1027 Resfam_ClassC-AmpC   -            385   6.4e-33  119.7   1.8   2   2     0.012        26    9.0   0.0   339   367   324   352   319   360 0.88 -
WP_063549858.1       -           1027 Resfam_ClassC-AmpC   -            385   6.7e-33  119.6   1.9   1   2   3.2e-33   7.4e-30  109.6   0.6    10   266    10   279     1   316 0.74 -
WP_063549858.1       -           1027 Resfam_ClassC-AmpC   -            385   6.7e-33  119.6   1.9   2   2     0.012        26    9.0   0.0   339   367   324   352   319   360 0.88 -
WP_044585336.1       -           1027 Resfam_ClassC-AmpC   -            385   8.1e-33  119.3   1.6   1   2   4.2e-33   9.7e-30  109.2   0.5    12   297    12   314     1   317 0.74 -
WP_044585336.1       -           1027 Resfam_ClassC-AmpC   -            385   8.1e-33  119.3   1.6   2   2     0.011        26    9.0   0.0   339   366   324   351   315   358 0.88 -
WP_050822550.1       -           1027 Resfam_ClassC-AmpC   -            385   8.8e-33  119.2   1.7   1   2   4.6e-33   1.1e-29  109.1   0.5    12   280    12   293     1   317 0.74 -
WP_050822550.1       -           1027 Resfam_ClassC-AmpC   -            385   8.8e-33  119.2   1.7   2   2     0.011        26    9.0   0.0   339   366   324   351   315   358 0.88 -
WP_061884886.1       -           1027 Resfam_ClassC-AmpC   -            385   9.9e-33  119.0   1.5   1   2   5.5e-33   1.3e-29  108.8   0.4    12   280    12   293     1   317 0.73 -
WP_061884886.1       -           1027 Resfam_ClassC-AmpC   -            385   9.9e-33  119.0   1.5   2   2     0.011        25    9.1   0.0   339   367   324   352   315   360 0.88 -
WP_025967135.1       -           1027 Resfam_ClassC-AmpC   -            385   1.3e-32  118.7   1.8   1   2   6.3e-33   1.5e-29  108.6   0.6    12   297    12   314     1   317 0.74 -
WP_025967135.1       -           1027 Resfam_ClassC-AmpC   -            385   1.3e-32  118.7   1.8   2   2     0.011        26    9.0   0.0   339   366   324   351   315   358 0.88 -
WP_015163216.1       -            698 Resfam_ClassC-AmpC   -            385     3e-32  117.5   0.0   1   2   2.1e-34   4.8e-31  113.5   0.0    26   276    53   316    30   336 0.80 -
WP_015163216.1       -            698 Resfam_ClassC-AmpC   -            385     3e-32  117.5   0.0   2   2       1.9   4.2e+03    1.8   0.0   333   365   346   378   338   384 0.83 -
WP_021728622.1       -           1027 Resfam_ClassC-AmpC   -            385     4e-32  117.1   1.6   1   2   2.1e-32   4.7e-29  106.9   0.5    13   297    13   314     1   319 0.74 -
WP_021728622.1       -           1027 Resfam_ClassC-AmpC   -            385     4e-32  117.1   1.6   2   2     0.011        26    9.0   0.0   339   367   324   352   319   360 0.88 -
WP_060852606.1       -           1027 Resfam_ClassC-AmpC   -            385   1.1e-31  115.7   1.8   1   2   2.6e-33   5.9e-30  109.9   0.6    12   281    12   294     1   318 0.74 -
WP_060852606.1       -           1027 Resfam_ClassC-AmpC   -            385   1.1e-31  115.7   1.8   2   2      0.24   5.4e+02    4.7   0.0   339   367   324   352   319   360 0.87 -
WP_013931326.1       -            506 Resfam_ClassC-AmpC   -            385   1.4e-31  115.3   2.2   1   2   4.5e-31     1e-27  102.5   0.3     3   300     2   320     1   323 0.77 -
WP_013931326.1       -            506 Resfam_ClassC-AmpC   -            385   1.4e-31  115.3   2.2   2   2   0.00055       1.3   13.4   0.1   332   365   321   354   315   368 0.90 -
WP_088911252.1       -           1027 Resfam_ClassC-AmpC   -            385   2.9e-31  114.2   1.9   1   2   1.4e-31   3.2e-28  104.2   0.6    12   280    12   293     1   317 0.74 -
WP_088911252.1       -           1027 Resfam_ClassC-AmpC   -            385   2.9e-31  114.2   1.9   2   2     0.011        26    9.0   0.0   339   366   324   351   315   358 0.88 -
WP_034655880.1       -            488 Resfam_ClassC-AmpC   -            385   5.2e-31  113.4   0.8   1   2   1.2e-27   2.7e-24   91.3   0.1    31   271     9   259     1   270 0.86 -
WP_034655880.1       -            488 Resfam_ClassC-AmpC   -            385   5.2e-31  113.4   0.8   2   2   3.6e-06    0.0082   20.6   0.0   333   365   303   335   297   340 0.90 -
WP_000401408.1       -            501 Resfam_ClassC-AmpC   -            385   1.2e-30  112.2   0.0   1   2   1.5e-30   3.5e-27  100.8   0.0     7   278    13   291     6   300 0.84 -
WP_000401408.1       -            501 Resfam_ClassC-AmpC   -            385   1.2e-30  112.2   0.0   2   2    0.0094        22    9.3   0.0   337   366   323   352   313   359 0.85 -
WP_015231278.1       -            463 Resfam_ClassC-AmpC   -            385   1.9e-30  111.6   0.0   1   2   5.6e-32   1.3e-28  105.5   0.0    32   263    18   259     5   268 0.86 -
WP_015231278.1       -            463 Resfam_ClassC-AmpC   -            385   1.9e-30  111.6   0.0   2   2       0.4   9.2e+02    3.9   0.0   331   364   300   333   268   346 0.82 -
WP_003192945.1       -            475 Resfam_ClassC-AmpC   -            385   9.7e-30  109.2   1.4   1   2   1.2e-32   2.7e-29  107.7   0.4     3   294     2   312     1   317 0.80 -
WP_003192945.1       -            475 Resfam_ClassC-AmpC   -            385   9.7e-30  109.2   1.4   2   2       5.4   1.2e+04    0.2   0.0   331   380   316   365   309   368 0.84 -
WP_042514497.1       -            660 Resfam_ClassC-AmpC   -            385   9.9e-30  109.2   4.6   1   2   4.2e-29   9.5e-26   96.1   2.6    17   284    27   308     9   320 0.82 -
WP_042514497.1       -            660 Resfam_ClassC-AmpC   -            385   9.9e-30  109.2   4.6   2   2    0.0005       1.1   13.5   0.1   324   366   322   364   294   372 0.83 -
WP_013483517.1       -            493 Resfam_ClassC-AmpC   -            385   5.7e-29  106.7   0.0   1   2   1.2e-31   2.7e-28  104.4   0.0    31   298    35   311     3   317 0.83 -
WP_013483517.1       -            493 Resfam_ClassC-AmpC   -            385   5.7e-29  106.7   0.0   2   2       6.7   1.5e+04   -0.1   0.0   336   364   314   342   308   349 0.87 -
WP_063538993.1       -            660 Resfam_ClassC-AmpC   -            385     7e-29  106.4   4.3   1   2   3.1e-28     7e-25   93.2   2.6    19   284    29   308     9   320 0.81 -
WP_063538993.1       -            660 Resfam_ClassC-AmpC   -            385     7e-29  106.4   4.3   2   2   0.00089         2   12.7   0.0   326   366   324   364   319   372 0.90 -
WP_085313184.1       -            475 Resfam_ClassC-AmpC   -            385   7.2e-29  106.3   0.7   1   2   1.1e-31   2.6e-28  104.5   0.3     3   295     2   313     1   322 0.80 -
WP_085313184.1       -            475 Resfam_ClassC-AmpC   -            385   7.2e-29  106.3   0.7   2   2       5.7   1.3e+04    0.1   0.0   332   379   317   364   313   367 0.82 -
WP_032635084.1       -            386 Resfam_ClassC-AmpC   -            385   3.2e-28  104.2   1.1   1   2     5e-26   1.2e-22   85.9   0.0    11   278     7   284     1   306 0.79 -
WP_032635084.1       -            386 Resfam_ClassC-AmpC   -            385   3.2e-28  104.2   1.1   2   2     4e-05     0.092   17.1   0.2   332   361   320   349   312   354 0.87 -
WP_022650050.1       -            386 Resfam_ClassC-AmpC   -            385   4.2e-28  103.8   0.9   1   2   7.9e-26   1.8e-22   85.3   0.0    11   278     7   284     1   307 0.80 -
WP_022650050.1       -            386 Resfam_ClassC-AmpC   -            385   4.2e-28  103.8   0.9   2   2     4e-05     0.092   17.1   0.2   332   361   320   349   312   354 0.87 -
WP_083988138.1       -            666 Resfam_ClassC-AmpC   -            385   6.7e-28  103.2   0.0   1   1   4.1e-31   9.4e-28  102.7   0.0    27   265    55   303    41   322 0.84 -
WP_104023529.1       -            672 Resfam_ClassC-AmpC   -            385   9.3e-28  102.7   0.0   1   1   1.7e-30   3.8e-27  100.7   0.0    28   264    75   324    64   354 0.85 -
WP_071680277.1       -            660 Resfam_ClassC-AmpC   -            385   1.1e-27  102.4   3.6   1   2   5.1e-27   1.2e-23   89.2   2.0    21   284    31   308     9   321 0.81 -
WP_071680277.1       -            660 Resfam_ClassC-AmpC   -            385   1.1e-27  102.4   3.6   2   2   0.00071       1.6   13.0   0.0   326   366   324   364   297   371 0.88 -
WP_025414089.1       -            667 Resfam_ClassC-AmpC   -            385   4.8e-27  100.3   0.0   1   2   1.3e-25     3e-22   84.6   0.0    34   258   128   366   106   385 0.82 -
WP_025414089.1       -            667 Resfam_ClassC-AmpC   -            385   4.8e-27  100.3   0.0   2   2   0.00049       1.1   13.5   0.0   333   364   408   439   400   453 0.87 -
WP_104023530.1       -            871 Resfam_ClassC-AmpC   -            385   5.8e-27  100.1   0.0   1   2   1.3e-25     3e-22   84.6   0.0    14   264    60   321    47   339 0.82 -
WP_104023530.1       -            871 Resfam_ClassC-AmpC   -            385   5.8e-27  100.1   0.0   2   2   0.00058       1.3   13.3   0.0   331   366   372   407   333   410 0.84 -
WP_025414554.1       -            491 Resfam_ClassC-AmpC   -            385   7.3e-26   96.4   0.0   1   2   1.5e-28   3.4e-25   94.2   0.0    25   264    43   294    17   315 0.83 -
WP_025414554.1       -            491 Resfam_ClassC-AmpC   -            385   7.3e-26   96.4   0.0   2   2         9   2.1e+04   -0.5   0.0   334   362   337   365   332   377 0.86 -
WP_013921637.1       -            504 Resfam_ClassC-AmpC   -            385   8.4e-26   96.2   0.3   1   2   5.9e-27   1.3e-23   89.0   0.0     3   278     2   287     1   322 0.76 -
WP_013921637.1       -            504 Resfam_ClassC-AmpC   -            385   8.4e-26   96.2   0.3   2   2     0.085     2e+02    6.2   0.1   330   365   318   353   314   361 0.91 -
WP_013875978.1       -            558 Resfam_ClassC-AmpC   -            385   7.6e-25   93.1   0.0   1   2   9.4e-27   2.2e-23   88.3   0.0    26   271    52   311    26   334 0.78 -
WP_013875978.1       -            558 Resfam_ClassC-AmpC   -            385   7.6e-25   93.1   0.0   2   2      0.94   2.2e+03    2.7   0.0   332   366   345   379   337   393 0.86 -
WP_104023450.1       -            541 Resfam_ClassC-AmpC   -            385   1.5e-24   92.1   0.0   1   2   1.9e-22   4.3e-19   74.1   0.0    31   264    40   284    10   300 0.81 -
WP_104023450.1       -            541 Resfam_ClassC-AmpC   -            385   1.5e-24   92.1   0.0   2   2   9.4e-05      0.22   15.9   0.0   335   366   341   372   334   387 0.86 -
WP_047569437.1       -            380 Resfam_ClassC-AmpC   -            385   3.9e-24   90.7   0.4   1   2   5.5e-21   1.3e-17   69.3   0.0     2   284     1   290     1   298 0.82 -
WP_047569437.1       -            380 Resfam_ClassC-AmpC   -            385   3.9e-24   90.7   0.4   2   2   7.3e-06     0.017   19.5   0.2   335   365   325   355   314   360 0.88 -
WP_050845130.1       -            376 Resfam_ClassC-AmpC   -            385   3.9e-24   90.7   0.0   1   1   2.3e-27   5.2e-24   90.3   0.0    13   281    20   305     8   316 0.81 -
WP_041185000.1       -            389 Resfam_ClassC-AmpC   -            385   7.7e-24   89.8   0.1   1   1   4.7e-27   1.1e-23   89.3   0.1    15   278    34   314    21   325 0.83 -
WP_062174927.1       -            444 Resfam_ClassC-AmpC   -            385   7.8e-24   89.8   0.0   1   2   4.4e-25     1e-21   82.8   0.0    46   294    34   292     6   296 0.86 -
WP_062174927.1       -            444 Resfam_ClassC-AmpC   -            385   7.8e-24   89.8   0.0   2   2      0.15   3.5e+02    5.3   0.0   329   365   296   332   286   345 0.87 -
WP_025413643.1       -            355 Resfam_ClassC-AmpC   -            385   8.8e-24   89.6   0.0   1   2   6.1e-25   1.4e-21   82.3   0.0    27   258    18   258     2   274 0.78 -
WP_025413643.1       -            355 Resfam_ClassC-AmpC   -            385   8.8e-24   89.6   0.0   2   2      0.17     4e+02    5.1   0.0   336   366   309   339   301   352 0.87 -
WP_063538664.1       -            345 Resfam_ClassC-AmpC   -            385   1.1e-23   89.2   0.1   1   2   2.1e-25   4.8e-22   83.9   0.1    31   263     6   250     1   265 0.82 -
WP_063538664.1       -            345 Resfam_ClassC-AmpC   -            385   1.1e-23   89.2   0.1   2   2      0.56   1.3e+03    3.5   0.0   331   366   292   327   275   344 0.85 -
WP_006053346.1       -            463 Resfam_ClassC-AmpC   -            385   2.9e-23   87.9   0.0   1   3   4.2e-18   9.7e-15   59.8   0.0    26   139     5   118     1   125 0.93 -
WP_006053346.1       -            463 Resfam_ClassC-AmpC   -            385   2.9e-23   87.9   0.0   2   3   3.5e-06    0.0079   20.6   0.0   168   296   164   304   145   309 0.72 -
WP_006053346.1       -            463 Resfam_ClassC-AmpC   -            385   2.9e-23   87.9   0.0   3   3      0.34   7.8e+02    4.2   0.0   334   381   311   357   304   361 0.81 -
WP_060577365.1       -            376 Resfam_ClassC-AmpC   -            385   2.9e-23   87.9   0.0   1   1   3.3e-26   7.7e-23   86.5   0.0    50   283    30   280     5   287 0.85 -
WP_003193822.1       -            396 Resfam_ClassC-AmpC   -            385   4.5e-23   87.3   0.1   1   1   3.2e-26   7.4e-23   86.5   0.1    17   271    38   310    22   325 0.79 -
WP_000830780.1       -            385 Resfam_ClassC-AmpC   -            385   4.8e-23   87.2   0.1   1   2   4.1e-21   9.5e-18   69.7   0.0     5   265     4   274     1   298 0.81 -
WP_000830780.1       -            385 Resfam_ClassC-AmpC   -            385   4.8e-23   87.2   0.1   2   2   0.00013      0.29   15.4   0.1   332   364   321   353   310   359 0.84 -
WP_064369801.1       -            401 Resfam_ClassC-AmpC   -            385   6.7e-23   86.7   0.0   1   2     1e-17   2.4e-14   58.5   0.0    10   137    35   167    24   174 0.82 -
WP_064369801.1       -            401 Resfam_ClassC-AmpC   -            385   6.7e-23   86.7   0.0   2   2   7.7e-08   0.00018   26.0   0.0   164   288   217   343   204   350 0.84 -
WP_025414924.1       -            522 Resfam_ClassC-AmpC   -            385   7.5e-23   86.5   0.0   1   2     3e-22     7e-19   73.5   0.0    27   271    46   300    22   309 0.83 -
WP_025414924.1       -            522 Resfam_ClassC-AmpC   -            385   7.5e-23   86.5   0.0   2   2     0.003         7   10.9   0.0   334   366   346   378   340   431 0.89 -
WP_049890710.1       -            580 Resfam_ClassC-AmpC   -            385   7.9e-23   86.4   0.0   1   1   5.1e-26   1.2e-22   85.9   0.0    42   300     1   266     1   300 0.81 -
WP_013525222.1       -            382 Resfam_ClassC-AmpC   -            385   1.4e-22   85.6   0.0   1   2   3.8e-22   8.7e-19   73.1   0.0    10   273    11   284     1   292 0.84 -
WP_013525222.1       -            382 Resfam_ClassC-AmpC   -            385   1.4e-22   85.6   0.0   2   2    0.0063        14    9.9   0.0   331   365   325   359   309   380 0.77 -
YP_004134450.1       -            382 Resfam_ClassC-AmpC   -            385   1.4e-22   85.6   0.0   1   2   3.8e-22   8.7e-19   73.1   0.0    10   273    11   284     1   292 0.84 -
YP_004134450.1       -            382 Resfam_ClassC-AmpC   -            385   1.4e-22   85.6   0.0   2   2    0.0063        14    9.9   0.0   331   365   325   359   309   380 0.77 -
WP_063538725.1       -            388 Resfam_ClassC-AmpC   -            385   1.4e-22   85.6   0.1   1   1   8.8e-26     2e-22   85.1   0.1    15   280    34   316    21   328 0.81 -
WP_064994128.1       -            382 Resfam_ClassC-AmpC   -            385   1.5e-22   85.6   0.0   1   2   3.8e-22   8.7e-19   73.1   0.0    10   273    11   284     1   292 0.84 -
WP_064994128.1       -            382 Resfam_ClassC-AmpC   -            385   1.5e-22   85.6   0.0   2   2    0.0064        15    9.9   0.0   331   365   325   359   309   380 0.78 -
WP_000708698.1       -            389 Resfam_ClassC-AmpC   -            385   1.7e-22   85.4   0.1   1   1     1e-25   2.3e-22   84.9   0.1    15   277    34   313    20   325 0.82 -
WP_063170875.1       -            382 Resfam_ClassC-AmpC   -            385   1.9e-22   85.2   0.0   1   2   4.8e-22   1.1e-18   72.8   0.0    10   273    11   284     1   292 0.84 -
WP_063170875.1       -            382 Resfam_ClassC-AmpC   -            385   1.9e-22   85.2   0.0   2   2    0.0064        15    9.9   0.0   331   365   325   359   309   380 0.78 -
WP_082399680.1       -            432 Resfam_ClassC-AmpC   -            385   2.5e-22   84.8   0.0   1   2   6.3e-25   1.5e-21   82.3   0.0    34   235     6   214     2   265 0.81 -
WP_082399680.1       -            432 Resfam_ClassC-AmpC   -            385   2.5e-22   84.8   0.0   2   2       5.9   1.4e+04    0.1   0.0   339   364   298   323   290   330 0.87 -
WP_070404185.1       -            535 Resfam_ClassC-AmpC   -            385   2.8e-22   84.6   0.0   1   2   4.5e-20     1e-16   66.3   0.0    28   264    33   281     9   294 0.82 -
WP_070404185.1       -            535 Resfam_ClassC-AmpC   -            385   2.8e-22   84.6   0.0   2   2   7.9e-05      0.18   16.1   0.0   336   367   336   367   331   380 0.85 -
WP_004178722.1       -            386 Resfam_ClassC-AmpC   -            385   4.7e-22   83.9   0.1   1   2   4.1e-21   9.4e-18   69.7   0.0     9   287     9   292     1   301 0.78 -
WP_004178722.1       -            386 Resfam_ClassC-AmpC   -            385   4.7e-22   83.9   0.1   2   2    0.0014       3.1   12.1   0.2   332   364   321   353   312   358 0.84 -
WP_085313284.1       -            388 Resfam_ClassC-AmpC   -            385   6.4e-22   83.5   0.0   1   1   4.1e-25   9.5e-22   82.9   0.0    18   280    37   316    20   331 0.79 -
WP_080609232.1       -            345 Resfam_ClassC-AmpC   -            385   6.7e-22   83.4   0.4   1   2   7.4e-24   1.7e-20   78.8   0.2    30   267     5   254     1   265 0.82 -
WP_080609232.1       -            345 Resfam_ClassC-AmpC   -            385   6.7e-22   83.4   0.4   2   2      0.95   2.2e+03    2.7   0.0   334   364   295   325   288   341 0.87 -
WP_000716625.1       -            388 Resfam_ClassC-AmpC   -            385   7.3e-22   83.3   0.0   1   1   4.3e-25   9.9e-22   82.8   0.0    24   282    43   318    21   329 0.80 -
WP_000428420.1       -            691 Resfam_ClassC-AmpC   -            385   7.4e-22   83.3   0.9   1   1   4.8e-25   1.1e-21   82.7   0.9    17   307    31   338    13   374 0.76 -
WP_096613127.1       -            391 Resfam_ClassC-AmpC   -            385     8e-22   83.1   0.2   1   3     6e-19   1.4e-15   62.6   0.1    25   123    57   155    31   169 0.81 -
WP_096613127.1       -            391 Resfam_ClassC-AmpC   -            385     8e-22   83.1   0.2   2   3   6.8e-05      0.15   16.4   0.0   164   257   212   311   202   329 0.82 -
WP_096613127.1       -            391 Resfam_ClassC-AmpC   -            385     8e-22   83.1   0.2   3   3       4.8   1.1e+04    0.4   0.0   337   370   335   368   319   370 0.81 -
WP_000428156.1       -            691 Resfam_ClassC-AmpC   -            385   9.3e-22   82.9   1.2   1   1   6.4e-25   1.5e-21   82.3   1.2    19   310    33   341    14   379 0.74 -
WP_043095647.1       -            537 Resfam_ClassC-AmpC   -            385     1e-21   82.8   0.0   1   2   2.3e-21   5.3e-18   70.6   0.0    32   271    41   296     6   315 0.81 -
WP_043095647.1       -            537 Resfam_ClassC-AmpC   -            385     1e-21   82.8   0.0   2   2    0.0053        12   10.1   0.0   332   367   346   381   339   396 0.87 -
WP_001066670.1       -            345 Resfam_ClassC-AmpC   -            385   1.2e-21   82.6   0.0   1   2   1.6e-23   3.6e-20   77.7   0.0    31   263     6   250     1   265 0.83 -
WP_001066670.1       -            345 Resfam_ClassC-AmpC   -            385   1.2e-21   82.6   0.0   2   2      0.82   1.9e+03    2.9   0.0   333   364   294   325   287   340 0.88 -
WP_000702209.1       -            389 Resfam_ClassC-AmpC   -            385   1.2e-21   82.5   0.0   1   1   7.9e-25   1.8e-21   82.0   0.0    20   277    39   313    20   330 0.82 -
WP_018783404.1       -            389 Resfam_ClassC-AmpC   -            385   1.2e-21   82.5   0.0   1   1   7.9e-25   1.8e-21   82.0   0.0    20   277    39   313    20   330 0.82 -
WP_104023464.1       -            421 Resfam_ClassC-AmpC   -            385   1.3e-21   82.4   0.0   1   2     2e-22   4.6e-19   74.1   0.0    31   210    67   253    34   322 0.81 -
WP_104023464.1       -            421 Resfam_ClassC-AmpC   -            385   1.3e-21   82.4   0.0   2   2     0.074   1.7e+02    6.4   0.0   150   179   385   414   368   416 0.89 -
WP_065705634.1       -            388 Resfam_ClassC-AmpC   -            385   1.7e-21   82.1   0.0   1   1   1.1e-24   2.6e-21   81.5   0.0    16   279    35   315    21   327 0.80 -
WP_003291652.1       -            389 Resfam_ClassC-AmpC   -            385   1.7e-21   82.0   0.0   1   1   1.1e-24   2.5e-21   81.5   0.0    20   277    39   313    19   329 0.81 -
WP_079246631.1       -            345 Resfam_ClassC-AmpC   -            385     2e-21   81.9   0.1   1   2   3.4e-22   7.8e-19   73.3   0.1    32   263     7   250     1   265 0.85 -
WP_079246631.1       -            345 Resfam_ClassC-AmpC   -            385     2e-21   81.9   0.1   2   2     0.062   1.4e+02    6.6   0.0   335   365   296   326   286   339 0.87 -
WP_063550031.1       -            345 Resfam_ClassC-AmpC   -            385   2.2e-21   81.7   0.0   1   2   2.4e-23   5.4e-20   77.1   0.1    30   263     5   250     1   273 0.86 -
WP_063550031.1       -            345 Resfam_ClassC-AmpC   -            385   2.2e-21   81.7   0.0   2   2       1.1   2.4e+03    2.5   0.0   334   364   295   325   289   338 0.88 -
WP_065230021.1       -            345 Resfam_ClassC-AmpC   -            385   2.3e-21   81.6   0.0   1   2   1.3e-22   3.1e-19   74.6   0.0    34   263     9   250     2   265 0.84 -
WP_065230021.1       -            345 Resfam_ClassC-AmpC   -            385   2.3e-21   81.6   0.0   2   2       0.2   4.6e+02    4.9   0.0   334   365   295   326   287   339 0.88 -
WP_077591383.1       -            334 Resfam_ClassC-AmpC   -            385   2.3e-21   81.6   0.1   1   2   3.1e-21   7.1e-18   70.1   0.0    63   270    37   252    12   264 0.85 -
WP_077591383.1       -            334 Resfam_ClassC-AmpC   -            385   2.3e-21   81.6   0.1   2   2    0.0047        11   10.3   0.0   327   370   270   313   245   325 0.80 -
WP_000857813.1       -            386 Resfam_ClassC-AmpC   -            385   2.5e-21   81.5   0.0   1   1   1.7e-24   3.9e-21   80.9   0.0    21   277    40   311    20   325 0.78 -
WP_063549505.1       -            389 Resfam_ClassC-AmpC   -            385   2.7e-21   81.4   0.0   1   1   1.7e-24     4e-21   80.9   0.0    20   277    39   313    19   329 0.81 -
WP_089607833.1       -            345 Resfam_ClassC-AmpC   -            385   3.1e-21   81.2   0.1   1   2   8.3e-22   1.9e-18   72.0   0.1    34   263     9   250     2   265 0.84 -
WP_089607833.1       -            345 Resfam_ClassC-AmpC   -            385   3.1e-21   81.2   0.1   2   2     0.045     1e+02    7.1   0.0   334   365   295   326   287   339 0.88 -
WP_096612111.1       -            365 Resfam_ClassC-AmpC   -            385   3.3e-21   81.1   0.1   1   1   2.4e-23   5.4e-20   77.1   0.1    24   294    34   296    13   304 0.84 -
WP_025413795.1       -            529 Resfam_ClassC-AmpC   -            385   4.1e-21   80.8   0.0   1   2   7.9e-21   1.8e-17   68.8   0.0    44   257    34   260     5   268 0.75 -
WP_025413795.1       -            529 Resfam_ClassC-AmpC   -            385   4.1e-21   80.8   0.0   2   2      0.04        91    7.2   0.0   336   376   306   346   299   352 0.88 -
WP_100002660.1       -            529 Resfam_ClassC-AmpC   -            385     6e-21   80.2   0.0   1   2     8e-23   1.8e-19   75.4   0.0    25   279    45   312    17   334 0.79 -
WP_100002660.1       -            529 Resfam_ClassC-AmpC   -            385     6e-21   80.2   0.0   2   2       1.3   3.1e+03    2.2   0.0   342   364   352   374   340   380 0.80 -
WP_024707516.1       -            524 Resfam_ClassC-AmpC   -            385   7.1e-21   80.0   0.0   1   2   3.2e-21   7.3e-18   70.1   0.0    31   275    53   309    29   314 0.84 -
WP_024707516.1       -            524 Resfam_ClassC-AmpC   -            385   7.1e-21   80.0   0.0   2   2     0.032        73    7.6   0.0   342   365   351   374   335   383 0.81 -
WP_071680154.1       -            345 Resfam_ClassC-AmpC   -            385   7.7e-21   79.9   0.2   1   1   4.4e-24     1e-20   79.5   0.2    30   263     5   250     1   265 0.82 -
WP_042514315.1       -            389 Resfam_ClassC-AmpC   -            385     8e-21   79.8   0.0   1   1   5.5e-24   1.3e-20   79.2   0.0    21   287    40   324    20   336 0.82 -
WP_040118711.1       -            390 Resfam_ClassC-AmpC   -            385   8.3e-21   79.8   0.0   1   1   5.7e-24   1.3e-20   79.1   0.0    22   280    41   317    20   330 0.82 -
WP_065230116.1       -            389 Resfam_ClassC-AmpC   -            385   1.2e-20   79.3   0.0   1   1   7.8e-24   1.8e-20   78.7   0.0    20   277    39   313    19   330 0.80 -
WP_013836399.1       -            438 Resfam_ClassC-AmpC   -            385   1.4e-20   79.1   0.0   1   1   2.1e-23   4.9e-20   77.3   0.0    47   231    23   217     4   258 0.85 -
WP_061884964.1       -            386 Resfam_ClassC-AmpC   -            385   1.4e-20   79.0   0.1   1   1   8.6e-24     2e-20   78.6   0.1    17   278    36   312    20   322 0.81 -
WP_064994122.1       -            385 Resfam_ClassC-AmpC   -            385   1.7e-20   78.8   0.0   1   2     8e-19   1.8e-15   62.2   0.0    46   268    49   285     6   294 0.80 -
WP_064994122.1       -            385 Resfam_ClassC-AmpC   -            385   1.7e-20   78.8   0.0   2   2   0.00088         2   12.7   0.0   330   365   327   362   318   383 0.80 -
WP_104023297.1       -            584 Resfam_ClassC-AmpC   -            385   2.6e-20   78.2   0.0   1   2   4.8e-22   1.1e-18   72.8   0.0     6   286    77   368    71   381 0.78 -
WP_104023297.1       -            584 Resfam_ClassC-AmpC   -            385   2.6e-20   78.2   0.0   2   2       6.9   1.6e+04   -0.1   0.0   340   376   394   430   380   433 0.82 -
WP_001214684.1       -            398 Resfam_ClassC-AmpC   -            385   2.6e-20   78.1   3.3   1   1   1.5e-23   3.5e-20   77.7   3.3    52   279    14   244     2   291 0.83 -
WP_013525223.1       -            385 Resfam_ClassC-AmpC   -            385   2.7e-20   78.1   0.0   1   2   1.3e-18     3e-15   61.5   0.0    46   268    49   285     6   294 0.80 -
WP_013525223.1       -            385 Resfam_ClassC-AmpC   -            385   2.7e-20   78.1   0.0   2   2   0.00088         2   12.7   0.0   330   365   327   362   318   383 0.80 -
YP_004134451.1       -            385 Resfam_ClassC-AmpC   -            385   2.7e-20   78.1   0.0   1   2   1.3e-18     3e-15   61.5   0.0    46   268    49   285     6   294 0.80 -
YP_004134451.1       -            385 Resfam_ClassC-AmpC   -            385   2.7e-20   78.1   0.0   2   2   0.00088         2   12.7   0.0   330   365   327   362   318   383 0.80 -
WP_063170636.1       -            385 Resfam_ClassC-AmpC   -            385   3.1e-20   77.9   0.0   1   2   1.6e-18   3.6e-15   61.2   0.0    46   268    49   285     6   294 0.80 -
WP_063170636.1       -            385 Resfam_ClassC-AmpC   -            385   3.1e-20   77.9   0.0   2   2   0.00083       1.9   12.8   0.1   329   365   326   362   313   383 0.81 -
WP_096680433.1       -            537 Resfam_ClassC-AmpC   -            385   3.2e-20   77.9   0.0   1   1   2.6e-23   5.9e-20   77.0   0.0    48   256    22   242     7   253 0.89 -
WP_003963342.1       -            544 Resfam_ClassC-AmpC   -            385   3.2e-20   77.9   0.0   1   2   9.9e-23   2.3e-19   75.1   0.0    38   299    89   372    83   375 0.78 -
WP_003963342.1       -            544 Resfam_ClassC-AmpC   -            385   3.2e-20   77.9   0.0   2   2       5.2   1.2e+04    0.3   0.0   340   365   382   407   378   425 0.85 -
WP_063538674.1       -            386 Resfam_ClassC-AmpC   -            385   4.4e-20   77.4   0.0   1   1   2.9e-23   6.7e-20   76.8   0.0    19   287    38   321    20   333 0.80 -
WP_104023463.1       -            432 Resfam_ClassC-AmpC   -            385   4.6e-20   77.3   0.0   1   1   2.2e-22   5.1e-19   73.9   0.0    33   210    49   252    34   262 0.85 -
WP_063173955.1       -            385 Resfam_ClassC-AmpC   -            385     5e-20   77.2   0.0   1   2   2.4e-18   5.5e-15   60.6   0.0    46   265    49   282     6   293 0.80 -
WP_063173955.1       -            385 Resfam_ClassC-AmpC   -            385     5e-20   77.2   0.0   2   2   0.00088         2   12.7   0.0   330   365   327   362   318   383 0.80 -
WP_001066668.1       -            345 Resfam_ClassC-AmpC   -            385   5.2e-20   77.2   0.1   1   2   2.9e-21   6.7e-18   70.2   0.1    34   263     9   250     2   265 0.84 -
WP_001066668.1       -            345 Resfam_ClassC-AmpC   -            385   5.2e-20   77.2   0.1   2   2      0.21   4.8e+02    4.9   0.0   334   364   295   325   287   340 0.88 -
WP_085313282.1       -            373 Resfam_ClassC-AmpC   -            385   5.5e-20   77.1   0.1   1   1     5e-23   1.1e-19   76.0   0.1    22   277    25   297    12   305 0.78 -
WP_015231441.1       -            461 Resfam_ClassC-AmpC   -            385   5.8e-20   77.0   0.0   1   1   4.4e-23     1e-19   76.2   0.0    43   260    23   253     5   278 0.87 -
WP_000702496.1       -            389 Resfam_ClassC-AmpC   -            385     6e-20   77.0   0.0   1   1   3.7e-23   8.5e-20   76.5   0.0    20   277    39   313    19   327 0.80 -
WP_001066661.1       -            345 Resfam_ClassC-AmpC   -            385   7.9e-20   76.6   0.1   1   2   9.7e-22   2.2e-18   71.8   0.1    30   262     5   249     1   265 0.85 -
WP_001066661.1       -            345 Resfam_ClassC-AmpC   -            385   7.9e-20   76.6   0.1   2   2      0.91   2.1e+03    2.8   0.0   334   364   295   325   287   340 0.88 -
WP_085313042.1       -            386 Resfam_ClassC-AmpC   -            385   8.4e-20   76.5   0.0   1   1   5.3e-23   1.2e-19   75.9   0.0    20   278    39   312    19   324 0.79 -
WP_065705632.1       -            694 Resfam_ClassC-AmpC   -            385   8.8e-20   76.4   0.2   1   1   6.5e-23   1.5e-19   75.7   0.2    14   304    28   335    12   388 0.80 -
WP_089608051.1       -            389 Resfam_ClassC-AmpC   -            385     9e-20   76.4   0.0   1   1   5.6e-23   1.3e-19   75.9   0.0    20   277    39   313    19   331 0.80 -
WP_071680157.1       -            386 Resfam_ClassC-AmpC   -            385   1.2e-19   75.9   0.0   1   1   8.3e-23   1.9e-19   75.3   0.0    19   287    38   321    19   333 0.79 -
WP_054009180.1       -            464 Resfam_ClassC-AmpC   -            385   1.3e-19   75.9   0.0   1   1     1e-22   2.3e-19   75.0   0.0    32   215    13   207     4   230 0.86 -
WP_063538672.1       -            385 Resfam_ClassC-AmpC   -            385     2e-19   75.3   0.0   1   1   1.2e-22   2.9e-19   74.7   0.0    20   277    39   311    20   324 0.79 -
WP_001995769.1       -            389 Resfam_ClassC-AmpC   -            385   2.3e-19   75.1   0.0   1   1   1.5e-22   3.5e-19   74.5   0.0    20   286    39   323    19   336 0.82 -
WP_085313285.1       -            694 Resfam_ClassC-AmpC   -            385   2.3e-19   75.0   1.5   1   1   1.1e-22   2.5e-19   74.9   0.2    15   305    29   336    14   417 0.76 -
WP_059304487.1       -            389 Resfam_ClassC-AmpC   -            385   2.5e-19   74.9   0.0   1   1   1.6e-22   3.8e-19   74.3   0.0    24   277    43   313    19   329 0.79 -
WP_006206147.1       -            390 Resfam_ClassC-AmpC   -            385   2.7e-19   74.8   0.0   1   2   4.9e-17   1.1e-13   56.3   0.0    31   117     2    89     1   101 0.94 -
WP_006206147.1       -            390 Resfam_ClassC-AmpC   -            385   2.7e-19   74.8   0.0   2   2     6e-05      0.14   16.5   0.0   172   227   182   237   169   245 0.88 -
WP_001057951.1       -            345 Resfam_ClassC-AmpC   -            385   2.9e-19   74.7   0.1   1   2   3.2e-21   7.3e-18   70.1   0.2    31   262     6   249     1   265 0.85 -
WP_001057951.1       -            345 Resfam_ClassC-AmpC   -            385   2.9e-19   74.7   0.1   2   2       1.1   2.5e+03    2.5   0.0   334   364   295   325   287   338 0.88 -
WP_060852566.1       -            386 Resfam_ClassC-AmpC   -            385   3.8e-19   74.3   0.0   1   1   2.5e-22   5.8e-19   73.7   0.0    18   277    37   311    19   328 0.77 -
WP_025413995.1       -            567 Resfam_ClassC-AmpC   -            385   3.8e-19   74.3   0.0   1   1   2.3e-22   5.3e-19   73.8   0.0    25   258    24   271     1   288 0.82 -
WP_104023349.1       -            461 Resfam_ClassC-AmpC   -            385   4.3e-19   74.1   0.0   1   2   3.7e-21   8.5e-18   69.9   0.0    23   207    19   209     1   215 0.84 -
WP_104023349.1       -            461 Resfam_ClassC-AmpC   -            385   4.3e-19   74.1   0.0   2   2       1.5   3.4e+03    2.1   0.0   335   367   307   339   298   349 0.85 -
WP_017762615.1       -            369 Resfam_ClassC-AmpC   -            385   4.3e-19   74.1   2.5   1   2   1.2e-21   2.8e-18   71.5   1.3    23   280    48   307    30   313 0.86 -
WP_017762615.1       -            369 Resfam_ClassC-AmpC   -            385   4.3e-19   74.1   2.5   2   2      0.24   5.6e+02    4.6   0.1   296   370   282   355   260   364 0.82 -
WP_043324862.1       -            345 Resfam_ClassC-AmpC   -            385   5.1e-19   73.9   0.0   1   2   1.1e-20   2.6e-17   68.3   0.1    35   262    10   249     2   264 0.83 -
WP_043324862.1       -            345 Resfam_ClassC-AmpC   -            385   5.1e-19   73.9   0.0   2   2      0.61   1.4e+03    3.3   0.0   334   364   295   325   288   338 0.87 -
WP_016127774.1       -            389 Resfam_ClassC-AmpC   -            385     1e-18   72.9   0.2   1   2   1.4e-21   3.2e-18   71.3   0.2    20   273    39   309    19   318 0.74 -
WP_016127774.1       -            389 Resfam_ClassC-AmpC   -            385     1e-18   72.9   0.2   2   2         4   9.2e+03    0.6   0.0   183   219   284   320   258   338 0.71 -
WP_085313324.1       -            345 Resfam_ClassC-AmpC   -            385   1.1e-18   72.8   0.1   1   2   3.8e-21   8.7e-18   69.9   0.2    30   257     5   245     1   264 0.83 -
WP_085313324.1       -            345 Resfam_ClassC-AmpC   -            385   1.1e-18   72.8   0.1   2   2         4   9.3e+03    0.6   0.0   334   365   295   326   287   342 0.85 -
WP_000857830.1       -            389 Resfam_ClassC-AmpC   -            385   1.3e-18   72.6   0.0   1   1   9.2e-22   2.1e-18   71.9   0.0    19   282    38   318    20   333 0.79 -
WP_053446076.1       -            694 Resfam_ClassC-AmpC   -            385   1.6e-18   72.3   0.2   1   1   1.1e-21   2.4e-18   71.7   0.2    18   303    32   334     1   385 0.78 -
WP_015191271.1       -            450 Resfam_ClassC-AmpC   -            385   1.7e-18   72.2   0.0   1   1   1.7e-21   3.8e-18   71.0   0.0    48   262    54   284    21   308 0.78 -
WP_096732706.1       -            178 Resfam_ClassC-AmpC   -            385   2.1e-18   71.9   0.0   1   1   1.3e-21     3e-18   71.4   0.0    34   197     2   172     1   175 0.88 -
WP_041227991.1       -            465 Resfam_ClassC-AmpC   -            385   2.6e-18   71.6   0.0   1   1   3.1e-21   7.1e-18   70.1   0.0    45   260    25   253     6   274 0.84 -
WP_059304478.1       -            694 Resfam_ClassC-AmpC   -            385   2.7e-18   71.5   0.4   1   1   3.3e-21   7.7e-18   70.0   0.3    16   301    30   332    14   351 0.75 -
WP_080609226.1       -            694 Resfam_ClassC-AmpC   -            385   4.3e-18   70.9   0.3   1   1   4.7e-21   1.1e-17   69.6   0.3    16   302    30   333    14   375 0.74 -
WP_014249584.1       -            350 Resfam_ClassC-AmpC   -            385   6.4e-18   70.3   0.0   1   2   3.9e-19     9e-16   63.2   0.0    16   238     8   241     1   278 0.79 -
WP_014249584.1       -            350 Resfam_ClassC-AmpC   -            385   6.4e-18   70.3   0.0   2   2      0.25   5.8e+02    4.6   0.0   340   372   306   338   296   346 0.88 -
WP_111068869.1       -            350 Resfam_ClassC-AmpC   -            385   1.3e-17   69.3   0.0   1   2   2.7e-19   6.3e-16   63.7   0.0    26   257    17   259     2   284 0.80 -
WP_111068869.1       -            350 Resfam_ClassC-AmpC   -            385   1.3e-17   69.3   0.0   2   2      0.72   1.6e+03    3.1   0.0   339   371   305   337   291   345 0.84 -
WP_050499130.1       -            331 Resfam_ClassC-AmpC   -            385   1.4e-17   69.2   0.0   1   1   1.6e-20   3.6e-17   67.8   0.0    53   256    15   228     7   243 0.79 -
WP_003962898.1       -            380 Resfam_ClassC-AmpC   -            385   1.8e-17   68.8   0.0   1   1   1.3e-20     3e-17   68.1   0.0     8   225    16   246     8   261 0.81 -
WP_061139981.1       -            373 Resfam_ClassC-AmpC   -            385   2.1e-17   68.6   1.4   1   1   1.1e-20   2.5e-17   68.4   0.7    23   276    48   303    31   315 0.86 -
WP_062173793.1       -            403 Resfam_ClassC-AmpC   -            385   2.8e-17   68.2   0.4   1   1   3.4e-20   7.8e-17   66.7   0.0    33   225    45   252    15   264 0.80 -
WP_025414634.1       -            340 Resfam_ClassC-AmpC   -            385   5.9e-17   67.1   0.0   1   1   3.5e-20     8e-17   66.7   0.0    26   228    26   236     1   281 0.76 -
WP_025414087.1       -            503 Resfam_ClassC-AmpC   -            385   6.3e-17   67.0   0.0   1   2     1e-17   2.3e-14   58.6   0.0    37   218    30   217     4   286 0.75 -
WP_025414087.1       -            503 Resfam_ClassC-AmpC   -            385   6.3e-17   67.0   0.0   2   2     0.087     2e+02    6.1   0.0   338   366   330   358   321   373 0.85 -
WP_083747040.1       -            644 Resfam_ClassC-AmpC   -            385   6.4e-17   67.0   0.7   1   1   7.9e-20   1.8e-16   65.5   0.3    35   259    74   306    58   368 0.73 -
WP_102058364.1       -            497 Resfam_ClassC-AmpC   -            385   8.9e-17   66.5   0.6   1   1   6.5e-20   1.5e-16   65.8   0.6    26   281    24   294     1   316 0.73 -
WP_014252260.1       -            644 Resfam_ClassC-AmpC   -            385   9.3e-17   66.5   0.6   1   1   1.3e-19     3e-16   64.8   0.3    44   225    85   277    62   359 0.75 -
WP_108549015.1       -            350 Resfam_ClassC-AmpC   -            385   9.9e-17   66.4   0.0   1   2   1.6e-18   3.7e-15   61.2   0.0    17   257     9   259     1   282 0.79 -
WP_108549015.1       -            350 Resfam_ClassC-AmpC   -            385   9.9e-17   66.4   0.0   2   2      0.92   2.1e+03    2.8   0.0   340   371   306   337   296   345 0.86 -
WP_083973375.1       -            644 Resfam_ClassC-AmpC   -            385   1.3e-16   66.0   0.8   1   1   1.8e-19   4.1e-16   64.3   0.4    44   225    85   277    62   358 0.75 -
WP_000694708.1       -            696 Resfam_ClassC-AmpC   -            385   1.5e-16   65.8   0.4   1   1   1.1e-19   2.6e-16   65.0   0.4    19   303    33   336    14   382 0.76 -
WP_099513479.1       -            372 Resfam_ClassC-AmpC   -            385   1.5e-16   65.7   0.0   1   1   9.7e-20   2.2e-16   65.2   0.0    32   264    68   314    48   333 0.86 -
WP_059583925.1       -            796 Resfam_ClassC-AmpC   -            385   2.6e-16   65.0   0.0   1   1   1.7e-19     4e-16   64.4   0.0    17   262    34   290    16   302 0.80 -
WP_013525183.1       -            389 Resfam_ClassC-AmpC   -            385   2.9e-16   64.8   0.0   1   2   4.6e-18     1e-14   59.7   0.0    19   264    24   292     9   329 0.69 -
WP_013525183.1       -            389 Resfam_ClassC-AmpC   -            385   2.9e-16   64.8   0.0   2   2       1.4   3.2e+03    2.2   0.0   331   364   330   363   325   377 0.87 -
YP_004134411.1       -            389 Resfam_ClassC-AmpC   -            385   2.9e-16   64.8   0.0   1   2   4.6e-18     1e-14   59.7   0.0    19   264    24   292     9   329 0.69 -
YP_004134411.1       -            389 Resfam_ClassC-AmpC   -            385   2.9e-16   64.8   0.0   2   2       1.4   3.2e+03    2.2   0.0   331   364   330   363   325   377 0.87 -
WP_008415422.1       -            638 Resfam_ClassC-AmpC   -            385   4.6e-16   64.2   0.0   1   1   3.6e-19   8.1e-16   63.4   0.0    43   285     6   255     1   282 0.83 -
WP_037435285.1       -            147 Resfam_ClassC-AmpC   -            385     5e-16   64.1   0.0   1   1   2.6e-19   5.9e-16   63.8   0.0    28   143    12   127     5   135 0.90 -
WP_095423214.1       -            595 Resfam_ClassC-AmpC   -            385   5.5e-16   63.9   0.0   1   1   7.3e-19   1.7e-15   62.3   0.0    37   226    16   214     6   272 0.83 -
WP_013573145.1       -            522 Resfam_ClassC-AmpC   -            385     9e-16   63.2   0.0   1   2   8.6e-17     2e-13   55.5   0.0    25   272    44   299    17   324 0.78 -
WP_013573145.1       -            522 Resfam_ClassC-AmpC   -            385     9e-16   63.2   0.0   2   2      0.14   3.2e+02    5.4   0.0   334   368   334   368   324   382 0.82 -
WP_066850469.1       -            540 Resfam_ClassC-AmpC   -            385   1.4e-15   62.6   0.0   1   1   4.6e-18   1.1e-14   59.7   0.0    28   263    25   281     3   294 0.81 -
WP_079183474.1       -            356 Resfam_ClassC-AmpC   -            385   1.4e-15   62.5   0.0   1   1   9.1e-19   2.1e-15   62.0   0.0    32   262    18   265     3   281 0.79 -
WP_025415157.1       -            392 Resfam_ClassC-AmpC   -            385   1.5e-15   62.5   0.0   1   2   5.4e-18   1.2e-14   59.5   0.0    17   210    13   212     2   221 0.82 -
WP_025415157.1       -            392 Resfam_ClassC-AmpC   -            385   1.5e-15   62.5   0.0   2   2       4.8   1.1e+04    0.4   0.0   341   366   328   353   322   364 0.83 -
WP_014290487.1       -            345 Resfam_ClassC-AmpC   -            385   2.1e-15   62.0   0.0   1   2   7.1e-14   1.6e-10   45.9   0.0    24   279    22   267     4   285 0.83 -
WP_014290487.1       -            345 Resfam_ClassC-AmpC   -            385   2.1e-15   62.0   0.0   2   2    0.0017       3.8   11.8   0.0   336   365   291   320   281   325 0.84 -
WP_095437633.1       -            521 Resfam_ClassC-AmpC   -            385   2.2e-15   61.9   0.1   1   1   1.5e-18   3.5e-15   61.3   0.1    31   210    28   210    13   219 0.87 -
WP_063549434.1       -            620 Resfam_ClassC-AmpC   -            385   2.4e-15   61.8   0.0   1   1   1.6e-18   3.6e-15   61.3   0.0    32   257   270   510   252   522 0.80 -
WP_102032126.1       -            519 Resfam_ClassC-AmpC   -            385   2.6e-15   61.7   0.0   1   1   1.6e-18   3.6e-15   61.2   0.0    32   210    53   236    23   257 0.82 -
WP_013921636.1       -            395 Resfam_ClassC-AmpC   -            385   3.1e-15   61.5   1.7   1   1   3.4e-18   7.9e-15   60.1   1.7    38   297    46   333    17   342 0.77 -
WP_015406670.1       -            304 Resfam_ClassC-AmpC   -            385   3.4e-15   61.3   0.0   1   2   5.4e-17   1.2e-13   56.2   0.0    70   262     7   208     3   224 0.85 -
WP_015406670.1       -            304 Resfam_ClassC-AmpC   -            385   3.4e-15   61.3   0.0   2   2      0.76   1.8e+03    3.0   0.0   334   364   254   284   246   299 0.88 -
WP_012976671.1       -            386 Resfam_ClassC-AmpC   -            385   3.8e-15   61.1   0.0   1   1   2.3e-18   5.3e-15   60.7   0.0    31   221     9   206     2   215 0.89 -
WP_065230173.1       -            620 Resfam_ClassC-AmpC   -            385     5e-15   60.8   0.0   1   1   3.2e-18   7.3e-15   60.2   0.0    32   256   270   509   252   521 0.78 -
WP_014151219.1       -            417 Resfam_ClassC-AmpC   -            385   6.7e-15   60.4   0.0   1   2   9.4e-12   2.2e-08   38.9   0.0    67   139    86   157    32   178 0.89 -
WP_014151219.1       -            417 Resfam_ClassC-AmpC   -            385   6.7e-15   60.4   0.0   2   2   7.4e-06     0.017   19.5   0.0   162   237   200   278   197   307 0.81 -
WP_003275351.1       -            620 Resfam_ClassC-AmpC   -            385   6.7e-15   60.4   0.0   1   1   4.2e-18   9.7e-15   59.8   0.0    32   256   270   509   252   521 0.77 -
WP_095438278.1       -            426 Resfam_ClassC-AmpC   -            385   7.3e-15   60.2   0.2   1   1   9.6e-17   2.2e-13   55.4   0.2    13   229    23   264    10   269 0.75 -
WP_022066171.1       -            371 Resfam_ClassC-AmpC   -            385     8e-15   60.1   0.0   1   2   2.9e-15   6.7e-12   50.5   0.0    79   265    81   281    78   295 0.83 -
WP_022066171.1       -            371 Resfam_ClassC-AmpC   -            385     8e-15   60.1   0.0   2   2      0.06   1.4e+02    6.7   0.0   334   369   313   348   302   354 0.87 -
WP_069061786.1       -            391 Resfam_ClassC-AmpC   -            385   9.5e-15   59.8   0.1   1   2   7.5e-16   1.7e-12   52.4   0.0    28   294    35   326    13   331 0.77 -
WP_069061786.1       -            391 Resfam_ClassC-AmpC   -            385   9.5e-15   59.8   0.1   2   2      0.39     9e+02    4.0   0.0   330   364   331   365   327   373 0.89 -
WP_013512317.1       -            396 Resfam_ClassC-AmpC   -            385   1.9e-14   58.8   0.0   1   2   4.1e-17   9.3e-14   56.6   0.0    28   145    15   138     2   140 0.85 -
WP_013512317.1       -            396 Resfam_ClassC-AmpC   -            385   1.9e-14   58.8   0.0   2   2       8.4   1.9e+04   -0.4   0.0   167   209   176   217   172   246 0.72 -
WP_069026690.1       -            375 Resfam_ClassC-AmpC   -            385     2e-14   58.8   0.0   1   1   1.2e-16   2.7e-13   55.1   0.0    45   215    17   205     4   284 0.81 -
WP_072653838.1       -            370 Resfam_ClassC-AmpC   -            385   2.8e-14   58.3   0.0   1   1   2.7e-17   6.2e-14   57.2   0.0    13   259    10   276     1   295 0.73 -
WP_082826802.1       -            720 Resfam_ClassC-AmpC   -            385   3.3e-14   58.1   0.0   1   2       6.2   1.4e+04    0.0   0.0   171   213   289   331   273   337 0.89 -
WP_082826802.1       -            720 Resfam_ClassC-AmpC   -            385   3.3e-14   58.1   0.0   2   2     1e-16   2.3e-13   55.3   0.0    27   263   369   622   358   635 0.81 -
WP_054009181.1       -            465 Resfam_ClassC-AmpC   -            385   3.7e-14   57.9   0.0   1   2   7.9e-17   1.8e-13   55.6   0.0    36   262    17   263    10   309 0.81 -
WP_054009181.1       -            465 Resfam_ClassC-AmpC   -            385   3.7e-14   57.9   0.0   2   2       7.5   1.7e+04   -0.2   0.0   333   365   311   343   303   345 0.89 -
WP_034789620.1       -            388 Resfam_ClassC-AmpC   -            385   5.1e-14   57.4   0.0   1   2   5.9e-16   1.3e-12   52.8   0.0    26   142    11   131     2   137 0.87 -
WP_034789620.1       -            388 Resfam_ClassC-AmpC   -            385   5.1e-14   57.4   0.0   2   2       1.4   3.1e+03    2.2   0.0   165   217   171   222   164   234 0.85 -
WP_033655025.1       -            385 Resfam_ClassC-AmpC   -            385   6.3e-14   57.1   0.0   1   2   1.1e-15   2.6e-12   51.8   0.0    31   142     8   123     2   129 0.88 -
WP_033655025.1       -            385 Resfam_ClassC-AmpC   -            385   6.3e-14   57.1   0.0   2   2      0.76   1.7e+03    3.0   0.0   166   218   164   216   158   232 0.78 -
WP_104023445.1       -            469 Resfam_ClassC-AmpC   -            385   6.7e-14   57.1   0.0   1   2   2.1e-15   4.8e-12   50.9   0.0    48   225    57   232     5   241 0.86 -
WP_104023445.1       -            469 Resfam_ClassC-AmpC   -            385   6.7e-14   57.1   0.0   2   2      0.36   8.2e+02    4.1   0.0   327   364   301   338   266   343 0.87 -
WP_018783191.1       -            409 Resfam_ClassC-AmpC   -            385   8.2e-14   56.8   0.0   1   2   3.2e-09   7.3e-06   30.6   0.0    37   122    19   104     4   107 0.90 -
WP_018783191.1       -            409 Resfam_ClassC-AmpC   -            385   8.2e-14   56.8   0.0   2   2     6e-07    0.0014   23.1   0.0   164   218   180   233   176   241 0.91 -
WP_025414709.1       -            512 Resfam_ClassC-AmpC   -            385     9e-14   56.6   0.0   1   1   5.6e-17   1.3e-13   56.1   0.0    40   209   176   352   157   380 0.83 -
WP_083948846.1       -            541 Resfam_ClassC-AmpC   -            385     9e-14   56.6   0.0   1   1   8.1e-17   1.9e-13   55.6   0.0    48   219    31   211    18   269 0.82 -
WP_060849933.1       -            457 Resfam_ClassC-AmpC   -            385   9.4e-14   56.6   0.0   1   2   1.3e-11     3e-08   38.5   0.0    37   125    70   159    48   168 0.86 -
WP_060849933.1       -            457 Resfam_ClassC-AmpC   -            385   9.4e-14   56.6   0.0   2   2    0.0001      0.23   15.8   0.0   164   226   239   300   235   353 0.77 -
WP_082827617.1       -            720 Resfam_ClassC-AmpC   -            385   1.1e-13   56.4   0.0   1   1   2.3e-16   5.4e-13   54.1   0.0    27   263   369   622   358   635 0.79 -
WP_084015880.1       -            720 Resfam_ClassC-AmpC   -            385   1.1e-13   56.4   0.0   1   1   2.3e-16   5.4e-13   54.1   0.0    27   263   369   622   358   635 0.79 -
WP_013525225.1       -            720 Resfam_ClassC-AmpC   -            385   1.1e-13   56.4   0.0   1   1   2.4e-16   5.5e-13   54.0   0.0    27   263   369   622   359   635 0.79 -
YP_004134453.1       -            720 Resfam_ClassC-AmpC   -            385   1.1e-13   56.4   0.0   1   1   2.4e-16   5.5e-13   54.0   0.0    27   263   369   622   359   635 0.79 -
WP_043095797.1       -            485 Resfam_ClassC-AmpC   -            385   1.8e-13   55.6   0.1   1   1   6.4e-16   1.5e-12   52.6   0.0    38   257    52   289    31   312 0.78 -
WP_035995501.1       -            575 Resfam_ClassC-AmpC   -            385   1.9e-13   55.6   0.0   1   1   3.8e-16   8.8e-13   53.4   0.0    34   268    10   257     5   271 0.82 -
WP_060497849.1       -            381 Resfam_ClassC-AmpC   -            385     2e-13   55.5   0.0   1   1   1.2e-16   2.7e-13   55.1   0.0    32   184    12   169     3   195 0.88 -
WP_081446736.1       -            431 Resfam_ClassC-AmpC   -            385   2.5e-13   55.2   0.0   1   2   2.6e-15   5.9e-12   50.7   0.0    63   260    10   216     4   223 0.83 -
WP_081446736.1       -            431 Resfam_ClassC-AmpC   -            385   2.5e-13   55.2   0.0   2   2       2.5   5.8e+03    1.3   0.0   338   367   273   302   260   315 0.76 -
WP_102058440.1       -            397 Resfam_ClassC-AmpC   -            385   2.6e-13   55.1   0.2   1   1   4.7e-16   1.1e-12   53.1   0.2    26   258    45   296    21   310 0.78 -
WP_062173794.1       -            388 Resfam_ClassC-AmpC   -            385   3.7e-13   54.6   0.0   1   1   3.3e-16   7.6e-13   53.6   0.0    25   211    45   235    22   240 0.83 -
WP_051252108.1       -            479 Resfam_ClassC-AmpC   -            385   3.9e-13   54.5   0.0   1   1   8.7e-16     2e-12   52.2   0.0    31   264    16   260     2   279 0.78 -
WP_082771628.1       -            290 Resfam_ClassC-AmpC   -            385   6.4e-13   53.8   0.0   1   1   3.7e-16   8.5e-13   53.4   0.0    24   205    54   241    32   251 0.81 -
WP_108605278.1       -            426 Resfam_ClassC-AmpC   -            385   6.5e-13   53.8   2.9   1   1   3.6e-14   8.2e-11   46.9   2.9    33   229    43   270    16   341 0.77 -
WP_095932052.1       -            415 Resfam_ClassC-AmpC   -            385   7.7e-13   53.6   0.0   1   1   1.2e-15   2.7e-12   51.8   0.0    45   273    64   310    35   332 0.74 -
WP_101456428.1       -            387 Resfam_ClassC-AmpC   -            385   7.9e-13   53.5   0.0   1   1   5.4e-15   1.2e-11   49.6   0.0    27   141     5   123     1   235 0.75 -
WP_094304020.1       -            396 Resfam_ClassC-AmpC   -            385   1.1e-12   53.0   0.0   1   2     3e-14   6.8e-11   47.2   0.0    25   143    12   134     2   140 0.87 -
WP_094304020.1       -            396 Resfam_ClassC-AmpC   -            385   1.1e-12   53.0   0.0   2   2      0.44     1e+03    3.8   0.0   166   222   175   230   171   248 0.78 -
WP_025430522.1       -            390 Resfam_ClassC-AmpC   -            385   1.6e-12   52.5   0.0   1   1   7.7e-15   1.8e-11   49.1   0.0    26   214    13   221     3   239 0.73 -
WP_046385878.1       -            399 Resfam_ClassC-AmpC   -            385     2e-12   52.2   0.0   1   1   4.1e-15   9.4e-12   50.0   0.0    19   258    30   290     8   298 0.74 -
WP_082826806.1       -            393 Resfam_ClassC-AmpC   -            385   2.1e-12   52.1   0.0   1   1   2.6e-15     6e-12   50.6   0.0    28   225    34   254    13   381 0.75 -
WP_101453906.1       -            435 Resfam_ClassC-AmpC   -            385   2.7e-12   51.8   0.3   1   2   3.5e-13   7.9e-10   43.7   0.1    37   137   105   197    79   210 0.85 -
WP_101453906.1       -            435 Resfam_ClassC-AmpC   -            385   2.7e-12   51.8   0.3   2   2      0.08   1.8e+02    6.2   0.0   162   208   236   282   223   305 0.83 -
WP_107438479.1       -            395 Resfam_ClassC-AmpC   -            385   3.3e-12   51.5   0.0   1   2   3.9e-10   8.9e-07   33.6   0.0    10   139     9   140     1   148 0.81 -
WP_107438479.1       -            395 Resfam_ClassC-AmpC   -            385   3.3e-12   51.5   0.0   2   2   0.00011      0.24   15.7   0.0   132   264   150   290   144   309 0.77 -
WP_040137718.1       -            407 Resfam_ClassC-AmpC   -            385   3.9e-12   51.3   0.0   1   2   1.9e-14   4.5e-11   47.8   0.0    25   137    29   148     5   158 0.82 -
WP_040137718.1       -            407 Resfam_ClassC-AmpC   -            385   3.9e-12   51.3   0.0   2   2         3   6.9e+03    1.1   0.0   165   225   192   253   187   265 0.77 -
WP_069064529.1       -            383 Resfam_ClassC-AmpC   -            385   4.1e-12   51.2   0.0   1   2   1.2e-13   2.7e-10   45.2   0.0    28   142     9   129     1   135 0.87 -
WP_069064529.1       -            383 Resfam_ClassC-AmpC   -            385   4.1e-12   51.2   0.0   2   2      0.38   8.6e+02    4.0   0.0   172   243   174   243   162   246 0.81 -
WP_011520184.1       -            420 Resfam_ClassC-AmpC   -            385   4.4e-12   51.1   0.0   1   2   3.4e-07   0.00077   23.9   0.0    65   121    52   108    19   155 0.80 -
WP_011520184.1       -            420 Resfam_ClassC-AmpC   -            385   4.4e-12   51.1   0.0   2   2   1.6e-07   0.00036   25.0   0.0   165   225   183   242   171   254 0.90 -
WP_000957741.1       -            384 Resfam_ClassC-AmpC   -            385     5e-12   50.9   0.0   1   2   4.5e-12     1e-08   40.0   0.0    29   139    10   124     2   131 0.86 -
WP_000957741.1       -            384 Resfam_ClassC-AmpC   -            385     5e-12   50.9   0.0   2   2     0.014        32    8.8   0.0   164   217   167   219   163   226 0.90 -
WP_062069315.1       -            680 Resfam_ClassC-AmpC   -            385   5.4e-12   50.8   0.0   1   2     1e-11   2.3e-08   38.8   0.0    28   264   196   454   180   468 0.79 -
WP_062069315.1       -            680 Resfam_ClassC-AmpC   -            385   5.4e-12   50.8   0.0   2   2     0.011        26    9.0   0.0   335   366   498   529   490   536 0.90 -
WP_007014305.1       -            489 Resfam_ClassC-AmpC   -            385   5.6e-12   50.7   0.0   1   2   1.2e-08   2.8e-05   28.7   0.0    40   119    98   178    90   183 0.87 -
WP_007014305.1       -            489 Resfam_ClassC-AmpC   -            385   5.6e-12   50.7   0.0   2   2   6.8e-06     0.016   19.6   0.0   165   263   255   361   249   378 0.81 -
WP_061466356.1       -            414 Resfam_ClassC-AmpC   -            385     8e-12   50.2   0.0   1   2   1.3e-08     3e-05   28.6   0.0    40   123    27   110     5   113 0.90 -
WP_061466356.1       -            414 Resfam_ClassC-AmpC   -            385     8e-12   50.2   0.0   2   2   9.4e-06     0.022   19.2   0.0   164   218   185   238   181   247 0.89 -
WP_033486927.1       -            431 Resfam_ClassC-AmpC   -            385   8.1e-12   50.2   0.1   1   2   1.3e-12     3e-09   41.8   0.1    37   137   101   193    81   208 0.91 -
WP_033486927.1       -            431 Resfam_ClassC-AmpC   -            385   8.1e-12   50.2   0.1   2   2      0.07   1.6e+02    6.4   0.0   161   208   231   278   216   301 0.83 -
WP_102058273.1       -            385 Resfam_ClassC-AmpC   -            385   9.8e-12   49.9   0.5   1   1   1.2e-14   2.8e-11   48.5   0.1    38   237    42   260    14   295 0.83 -
WP_063142298.1       -            384 Resfam_ClassC-AmpC   -            385   1.1e-11   49.8   0.0   1   2   1.2e-13   2.8e-10   45.1   0.0    28   142     9   129     1   134 0.87 -
WP_063142298.1       -            384 Resfam_ClassC-AmpC   -            385   1.1e-11   49.8   0.0   2   2         1   2.3e+03    2.6   0.0   172   239   174   239   162   244 0.81 -
WP_033655198.1       -            435 Resfam_ClassC-AmpC   -            385   1.1e-11   49.8   0.2   1   2   1.4e-12   3.3e-09   41.6   0.0    42   137   110   197    85   210 0.83 -
WP_033655198.1       -            435 Resfam_ClassC-AmpC   -            385   1.1e-11   49.8   0.2   2   2      0.08   1.8e+02    6.2   0.0   162   208   236   282   223   305 0.83 -
WP_099060544.1       -            393 Resfam_ClassC-AmpC   -            385   1.2e-11   49.7   0.0   1   1   1.9e-14   4.4e-11   47.8   0.0    26   137    13   129     3   141 0.84 -
WP_027194321.1       -            388 Resfam_ClassC-AmpC   -            385   1.6e-11   49.2   0.0   1   1     9e-15   2.1e-11   48.9   0.0    27   219     8   207     1   214 0.87 -
WP_084792881.1       -            387 Resfam_ClassC-AmpC   -            385   1.9e-11   49.0   0.0   1   1   3.9e-14   8.9e-11   46.8   0.0    15   259    18   280     2   316 0.74 -
WP_003956026.1       -            419 Resfam_ClassC-AmpC   -            385   2.2e-11   48.8   0.0   1   1   1.8e-13   4.2e-10   44.6   0.0    30   209    57   259    39   319 0.77 -
WP_006902556.1       -            393 Resfam_ClassC-AmpC   -            385   2.6e-11   48.5   0.0   1   2   1.7e-11   3.9e-08   38.1   0.1    28   119     5    97     1   103 0.85 -
WP_006902556.1       -            393 Resfam_ClassC-AmpC   -            385   2.6e-11   48.5   0.0   2   2     0.018        42    8.4   0.0   177   268   179   276   167   282 0.79 -
WP_060689362.1       -            441 Resfam_ClassC-AmpC   -            385   2.6e-11   48.5   0.0   1   1   1.5e-13   3.4e-10   44.9   0.0    33   214    35   240    18   255 0.77 -
WP_051590017.1       -            367 Resfam_ClassC-AmpC   -            385   5.2e-11   47.6   0.0   1   1   2.9e-14   6.6e-11   47.2   0.0    29   222     3   202     1   209 0.93 -
WP_066532134.1       -            389 Resfam_ClassC-AmpC   -            385   5.2e-11   47.5   0.0   1   1   3.1e-14   7.2e-11   47.1   0.0    49   232    35   226     4   242 0.78 -
WP_014630495.1       -            417 Resfam_ClassC-AmpC   -            385   5.3e-11   47.5   0.0   1   2   1.4e-06    0.0033   21.9   0.0    36   120    36   121     7   126 0.88 -
WP_014630495.1       -            417 Resfam_ClassC-AmpC   -            385   5.3e-11   47.5   0.0   2   2   4.2e-07   0.00097   23.6   0.0   163   223   197   256   177   312 0.81 -
WP_079408426.1       -            366 Resfam_ClassC-AmpC   -            385   5.6e-11   47.5   0.0   1   1   3.5e-14   8.1e-11   46.9   0.0    32   205    13   185     8   196 0.91 -
WP_040137881.1       -            397 Resfam_ClassC-AmpC   -            385   6.3e-11   47.3   0.0   1   1   8.9e-14     2e-10   45.6   0.0    28   141    15   132     6   140 0.86 -
WP_095448776.1       -            553 Resfam_ClassC-AmpC   -            385   6.8e-11   47.2   0.0   1   1   5.8e-13   1.3e-09   42.9   0.0    41   209    19   202     3   254 0.76 -
WP_014198517.1       -            396 Resfam_ClassC-AmpC   -            385   7.4e-11   47.0   0.0   1   2   5.2e-13   1.2e-09   43.1   0.0    26   143    13   134     2   140 0.85 -
WP_014198517.1       -            396 Resfam_ClassC-AmpC   -            385   7.4e-11   47.0   0.0   2   2       1.7     4e+03    1.8   0.0   166   211   175   219   170   246 0.79 -
#
# Program:         hmmsearch
# Version:         3.1b2 (February 2015)
# Pipeline mode:   SEARCH
# Query file:      /mnt/research/ShadeLab/Dunivin/gene_targeted_assembly/RDPTools/Xander_assembler/gene_resource/ClassC/originaldata/ClassC.hmm
# Target file:     /mnt/research/ShadeLab/Dunivin/hmmsearch/refseq/protein_files/plasmid.protein.fa
# Option settings: /opt/software/HMMER/3.1b2--GCC-4.8.3/bin/hmmsearch -o /mnt/research/ShadeLab/Dunivin/hmmsearch/refseq/hmm_outputs/ClassC.plasmid.protein.fa.stdout.txt -A /mnt/research/ShadeLab/Dunivin/hmmsearch/refseq/hmm_outputs/ClassC.plasmid.protein.fa.alignment.0.0000000001.txt --domtblout /mnt/research/ShadeLab/Dunivin/hmmsearch/refseq/hmm_outputs/ClassC.plasmid.protein.fa.0.0000000001.tbl.txt -E 0.0000000001 --cpu 8 /mnt/research/ShadeLab/Dunivin/gene_targeted_assembly/RDPTools/Xander_assembler/gene_resource/ClassC/originaldata/ClassC.hmm /mnt/research/ShadeLab/Dunivin/hmmsearch/refseq/protein_files/plasmid.protein.fa 
# Current dir:     /mnt/research/ShadeLab/Dunivin/hmmsearch/bin
# Date:            Wed Jul 25 14:06:44 2018
# [ok]
