#                                                                            --- full sequence --- -------------- this domain -------------   hmm coord   ali coord   env coord
# target name        accession   tlen query name           accession   qlen   E-value  score  bias   #  of  c-Evalue  i-Evalue  score  bias  from    to  from    to  from    to  acc description of target
#------------------- ---------- ----- -------------------- ---------- ----- --------- ------ ----- --- --- --------- --------- ------ ----- ----- ----- ----- ----- ----- ----- ---- ---------------------
WP_066144832.1       -            159 dfra1                -            157     9e-17   67.5   0.0   1   1     1e-20   1.1e-16   67.2   0.0     2   138     3   144     2   154 0.89 -
WP_007976376.1       -            159 dfra1                -            157   5.8e-16   64.9   0.0   1   1   6.4e-20     7e-16   64.6   0.0     3   131     4   136     2   150 0.91 -
WP_108381793.1       -            163 dfra1                -            157   1.4e-15   63.6   0.0   1   1   1.7e-19   1.8e-15   63.3   0.0     5   135    13   144    10   150 0.93 -
WP_049969368.1       -            159 dfra1                -            157   2.5e-15   62.8   0.0   1   1   2.8e-19   3.1e-15   62.5   0.0     3   132     4   137     2   153 0.90 -
WP_020445393.1       -            175 dfra1                -            157   3.5e-15   62.4   0.0   1   1     4e-19   4.4e-15   62.0   0.0     3   132    10   150     8   158 0.88 -
WP_011323176.1       -            165 dfra1                -            157   6.6e-15   61.5   0.0   1   1   7.2e-19   7.9e-15   61.2   0.0     1   134     1   143     1   153 0.86 -
WP_004592074.1       -            171 dfra1                -            157   7.2e-15   61.3   0.0   1   1   7.6e-19   8.4e-15   61.1   0.0     1   129     7   143     7   162 0.90 -
WP_049983003.1       -            196 dfra1                -            157   7.2e-15   61.3   0.0   1   1   8.3e-19   9.2e-15   61.0   0.0     3   132    23   163    21   176 0.88 -
WP_076430655.1       -            160 dfra1                -            157     1e-14   60.8   0.0   1   1   1.2e-18   1.3e-14   60.5   0.0     3   132     4   137     2   152 0.90 -
WP_004594792.1       -            165 dfra1                -            157   1.8e-14   60.1   0.0   1   1   1.9e-18   2.1e-14   59.8   0.0     1   131     1   136     1   151 0.90 -
WP_008010046.1       -            180 dfra1                -            157   2.4e-14   59.6   0.0   1   1   2.9e-18   3.1e-14   59.3   0.0     3   139    16   164    14   177 0.80 -
WP_092929331.1       -            180 dfra1                -            157   2.6e-14   59.5   0.0   1   1     3e-18   3.3e-14   59.2   0.0     3   139    16   164    14   177 0.80 -
WP_070364028.1       -            161 dfra1                -            157   3.4e-14   59.1   0.0   1   1   3.7e-18   4.1e-14   58.9   0.0     1   142     1   147     1   157 0.83 -
WP_007696671.1       -            199 dfra1                -            157   3.6e-14   59.1   0.0   1   1   4.3e-18   4.7e-14   58.7   0.0     3   141    32   182    30   195 0.84 -
WP_006673533.1       -            188 dfra1                -            157   3.6e-14   59.1   0.0   1   1   4.4e-18   4.8e-14   58.7   0.0     3   133    24   165    22   172 0.85 -
WP_012942862.1       -            181 dfra1                -            157     4e-14   58.9   0.0   1   1   4.4e-18   4.9e-14   58.6   0.0     4   132    17   156    14   176 0.80 -
WP_073311478.1       -            180 dfra1                -            157   5.3e-14   58.5   0.0   1   1     6e-18   6.5e-14   58.2   0.0     2   131    17   155    16   169 0.88 -
WP_069450967.1       -            159 dfra1                -            157   5.6e-14   58.4   0.0   1   1   6.2e-18   6.8e-14   58.2   0.0     5   131     6   136     2   150 0.90 -
WP_071932469.1       -            161 dfra1                -            157   7.4e-14   58.1   0.0   1   1     8e-18   8.8e-14   57.8   0.0     1   142     1   147     1   157 0.83 -
WP_006885509.1       -            160 dfra1                -            157   8.2e-14   57.9   0.0   1   1   8.7e-18   9.5e-14   57.7   0.0     1   132     1   135     1   150 0.89 -
WP_026190202.1       -            160 dfra1                -            157   8.6e-14   57.8   0.0   1   1   9.2e-18     1e-13   57.6   0.0     1   131     1   134     1   149 0.93 -
WP_005532998.1       -            165 dfra1                -            157   1.4e-13   57.2   0.0   1   1   1.5e-17   1.7e-13   56.9   0.0     1   131     1   136     1   152 0.90 -
WP_053771001.1       -            193 dfra1                -            157   1.4e-13   57.1   0.0   1   1   1.8e-17   1.9e-13   56.7   0.0     4   132    27   167    25   177 0.84 -
WP_015409531.1       -            167 dfra1                -            157   1.9e-13   56.7   0.0   1   1   2.3e-17   2.5e-13   56.3   0.0     1   134     1   143     1   150 0.87 -
WP_089735212.1       -            160 dfra1                -            157   2.2e-13   56.5   0.0   1   1   2.3e-17   2.5e-13   56.3   0.0     4   132     4   133     1   148 0.91 -
WP_006168862.1       -            182 dfra1                -            157   2.6e-13   56.3   0.0   1   1   3.1e-17   3.4e-13   55.9   0.0     4   131    16   154    13   173 0.80 -
WP_014031190.1       -            165 dfra1                -            157   2.6e-13   56.3   0.0   1   1   2.8e-17   3.1e-13   56.0   0.0     1   131     1   136     1   152 0.89 -
WP_050006942.1       -            165 dfra1                -            157   2.7e-13   56.2   0.0   1   1   2.9e-17   3.2e-13   56.0   0.0     1   131     1   136     1   153 0.89 -
WP_015762451.1       -            157 dfra1                -            157   2.8e-13   56.2   0.0   1   1     3e-17   3.3e-13   56.0   0.0     3   131     3   132     1   142 0.93 -
WP_017344283.1       -            182 dfra1                -            157   3.3e-13   55.9   0.0   1   1   4.8e-17   5.2e-13   55.3   0.0     3   131    17   157    16   164 0.84 -
WP_090306815.1       -            179 dfra1                -            157   3.3e-13   55.9   0.0   1   1   3.8e-17   4.2e-13   55.6   0.0     4   132    16   155    13   171 0.82 -
WP_048077841.1       -            177 dfra1                -            157   3.5e-13   55.9   0.0   1   1   4.3e-17   4.7e-13   55.4   0.0     3   132    10   151     9   168 0.83 -
WP_101351783.1       -            165 dfra1                -            157   3.6e-13   55.8   0.0   1   1   3.9e-17   4.3e-13   55.6   0.0     1   132     1   137     1   154 0.86 -
WP_006628150.1       -            189 dfra1                -            157   4.4e-13   55.5   0.0   1   1     6e-17   6.6e-13   55.0   0.0     3   132    22   163    21   182 0.84 -
WP_082229929.1       -            167 dfra1                -            157   4.8e-13   55.4   0.0   1   1   5.4e-17   5.9e-13   55.1   0.0     1   132     3   139     3   158 0.86 -
WP_006109710.1       -            177 dfra1                -            157   5.1e-13   55.3   0.0   1   1   5.6e-17   6.1e-13   55.1   0.0     4   139    14   161    11   174 0.80 -
WP_007345130.1       -            184 dfra1                -            157   5.2e-13   55.3   0.0   1   1   6.6e-17   7.2e-13   54.8   0.0     3   134    17   160    16   168 0.86 -
WP_089673007.1       -            168 dfra1                -            157   5.8e-13   55.1   0.0   1   1   6.8e-17   7.4e-13   54.8   0.0     3   134    10   148     9   162 0.88 -
WP_007190543.1       -            167 dfra1                -            157   6.7e-13   54.9   0.0   1   1   7.4e-17   8.1e-13   54.7   0.0     1   132     3   139     3   161 0.86 -
WP_011222743.1       -            167 dfra1                -            157   6.9e-13   54.9   0.0   1   1   7.7e-17   8.5e-13   54.6   0.0     1   132     3   139     3   158 0.86 -
WP_071402142.1       -            183 dfra1                -            157   8.1e-13   54.7   0.0   1   1   9.3e-17     1e-12   54.3   0.0     4   131    20   158    17   169 0.80 -
WP_006882350.1       -            174 dfra1                -            157   8.3e-13   54.6   0.0   1   1   9.9e-17   1.1e-12   54.3   0.0     2   133    12   152    11   157 0.85 -
WP_006827958.1       -            177 dfra1                -            157   9.8e-13   54.4   0.0   1   1   1.1e-16   1.2e-12   54.1   0.0     4   133    14   154    11   173 0.80 -
WP_004595363.1       -            185 dfra1                -            157     1e-12   54.3   0.0   1   1   1.3e-16   1.4e-12   53.9   0.0     4   134    19   161    17   169 0.86 -
WP_096395379.1       -            183 dfra1                -            157   1.2e-12   54.2   0.0   1   1   1.6e-16   1.8e-12   53.6   0.0     3   130    16   155    15   163 0.84 -
WP_086215410.1       -            177 dfra1                -            157   1.2e-12   54.1   0.0   1   1   1.3e-16   1.5e-12   53.8   0.0     3   131    10   150     8   168 0.87 -
WP_008312029.1       -            165 dfra1                -            157   1.2e-12   54.1   0.0   1   1   1.4e-16   1.5e-12   53.8   0.0     1   131     1   136     1   150 0.89 -
WP_008895450.1       -            180 dfra1                -            157   1.3e-12   54.0   0.0   1   1   1.5e-16   1.6e-12   53.7   0.0     4   131    16   154    13   169 0.81 -
WP_101297950.1       -            173 dfra1                -            157   1.4e-12   53.9   0.0   1   1   1.5e-16   1.7e-12   53.6   0.0     2   131    10   146     9   162 0.84 -
WP_058991996.1       -            165 dfra1                -            157   1.5e-12   53.8   0.0   1   1   1.7e-16   1.8e-12   53.5   0.0     1   131     1   136     1   152 0.90 -
WP_004214772.1       -            183 dfra1                -            157   1.6e-12   53.7   0.0   1   1   1.8e-16     2e-12   53.4   0.0     4   131    20   158    17   174 0.78 -
WP_007142883.1       -            187 dfra1                -            157   1.8e-12   53.6   0.0   1   1   2.2e-16   2.4e-12   53.1   0.0     4   132    24   163    21   169 0.80 -
WP_006654379.1       -            185 dfra1                -            157   1.8e-12   53.5   0.0   1   1   2.1e-16   2.3e-12   53.2   0.0     4   131    22   160    19   171 0.79 -
WP_089786743.1       -            187 dfra1                -            157     2e-12   53.4   0.0   1   1   2.4e-16   2.6e-12   53.0   0.0     4   134    24   165    21   179 0.81 -
WP_086220782.1       -            173 dfra1                -            157   2.1e-12   53.3   0.0   1   1   2.7e-16   2.9e-12   52.9   0.0     3   131     6   146     4   154 0.83 -
WP_008367773.1       -            184 dfra1                -            157   2.2e-12   53.3   0.0   1   1   3.1e-16   3.4e-12   52.7   0.0     3   133    17   159    16   165 0.83 -
WP_006065580.1       -            177 dfra1                -            157   2.2e-12   53.3   0.0   1   1   2.5e-16   2.7e-12   53.0   0.0     4   139    14   161    11   174 0.81 -
WP_004516317.1       -            165 dfra1                -            157   2.2e-12   53.2   0.0   1   1   2.4e-16   2.7e-12   53.0   0.0     1   131     1   136     1   151 0.88 -
WP_008583446.1       -            187 dfra1                -            157   2.3e-12   53.2   0.0   1   1     3e-16   3.3e-12   52.7   0.0     3   132    20   161    19   178 0.85 -
WP_089384244.1       -            184 dfra1                -            157   2.4e-12   53.1   0.0   1   1   3.6e-16     4e-12   52.4   0.0     4   131    13   149    10   160 0.78 -
WP_005576873.1       -            175 dfra1                -            157   2.5e-12   53.1   0.0   1   1   2.8e-16   3.1e-12   52.8   0.0     5   137    14   157    10   171 0.81 -
WP_087714069.1       -            180 dfra1                -            157   2.5e-12   53.1   0.0   1   1   2.9e-16   3.2e-12   52.7   0.0     4   131    19   157    16   168 0.83 -
WP_094582957.1       -            177 dfra1                -            157   2.7e-12   53.0   0.0   1   1   3.1e-16   3.4e-12   52.7   0.0     3   131    10   150     8   168 0.84 -
WP_018256177.1       -            157 dfra1                -            157   2.9e-12   52.9   0.0   1   1   3.1e-16   3.4e-12   52.7   0.0     3   131     3   132     1   142 0.93 -
WP_092702685.1       -            162 dfra1                -            157   3.4e-12   52.7   0.0   1   1   3.6e-16     4e-12   52.4   0.0     1   131     1   134     1   144 0.92 -
WP_076608611.1       -            179 dfra1                -            157   3.4e-12   52.6   0.0   1   1   3.8e-16   4.1e-12   52.4   0.0     4   140    14   161    11   174 0.80 -
WP_049985920.1       -            161 dfra1                -            157   3.5e-12   52.6   0.0   1   1   3.8e-16   4.1e-12   52.4   0.0     1   131     1   134     1   144 0.91 -
WP_049931587.1       -            177 dfra1                -            157   3.6e-12   52.6   0.0   1   1   4.1e-16   4.5e-12   52.2   0.0     3   131    10   150     8   169 0.84 -
WP_094495544.1       -            177 dfra1                -            157   3.6e-12   52.6   0.0   1   1   4.2e-16   4.6e-12   52.2   0.0     3   131    10   150     8   168 0.84 -
WP_086220069.1       -            177 dfra1                -            157   3.7e-12   52.5   0.0   1   1   4.3e-16   4.7e-12   52.2   0.0     3   131    10   150     8   168 0.84 -
WP_006091558.1       -            179 dfra1                -            157   3.9e-12   52.4   0.0   1   1   4.6e-16   5.1e-12   52.1   0.0     4   132    16   155    13   168 0.81 -
WP_066298535.1       -            184 dfra1                -            157     4e-12   52.4   0.0   1   1   4.8e-16   5.3e-12   52.0   0.0     4   135    21   163    18   180 0.79 -
WP_089308134.1       -            177 dfra1                -            157     4e-12   52.4   0.0   1   1   4.7e-16   5.2e-12   52.1   0.0     3   131    10   150     8   168 0.84 -
WP_095637406.1       -            191 dfra1                -            157   4.1e-12   52.4   0.0   1   1   5.2e-16   5.8e-12   51.9   0.0     3   130    18   154    16   162 0.84 -
WP_094579942.1       -            177 dfra1                -            157   4.2e-12   52.3   0.0   1   1     5e-16   5.5e-12   52.0   0.0     3   130    10   149     8   164 0.85 -
WP_007996801.1       -            184 dfra1                -            157   4.8e-12   52.1   0.0   1   1     7e-16   7.6e-12   51.5   0.0     3   131    17   157    16   164 0.83 -
WP_049964362.1       -            186 dfra1                -            157   5.1e-12   52.1   0.0   1   1   5.9e-16   6.5e-12   51.7   0.0     4   138    21   166    18   181 0.78 -
WP_007108363.1       -            186 dfra1                -            157   5.8e-12   51.9   0.0   1   1   6.8e-16   7.5e-12   51.5   0.0     4   130    23   160    20   169 0.79 -
WP_048075980.1       -            176 dfra1                -            157   6.2e-12   51.8   0.0   1   1   7.2e-16   7.9e-12   51.5   0.0     6   133    18   154    14   167 0.87 -
WP_076578022.1       -            185 dfra1                -            157   6.3e-12   51.8   0.0   1   1     8e-16   8.8e-12   51.3   0.0     4   131    19   159    16   163 0.84 -
WP_008163982.1       -            177 dfra1                -            157   6.7e-12   51.7   0.0   1   1   7.6e-16   8.3e-12   51.4   0.0     4   138    14   160    11   174 0.80 -
WP_092920327.1       -            189 dfra1                -            157   6.9e-12   51.6   0.0   1   1   8.7e-16   9.6e-12   51.2   0.0     3   134    22   165    20   177 0.85 -
WP_015299074.1       -            184 dfra1                -            157   8.1e-12   51.4   0.0   1   1   9.6e-16   1.1e-11   51.0   0.0     4   135    21   163    18   178 0.79 -
WP_014865199.1       -            185 dfra1                -            157   8.3e-12   51.4   0.0   1   1   9.8e-16   1.1e-11   51.0   0.0     4   131    22   160    19   171 0.79 -
WP_089764396.1       -            166 dfra1                -            157   8.4e-12   51.4   0.0   1   1   8.5e-16   9.3e-12   51.2   0.0     1   131     1   138     1   159 0.83 -
WP_006882525.1       -            162 dfra1                -            157   9.1e-12   51.3   0.0   1   1   9.3e-16     1e-11   51.1   0.0     1   145     1   147     1   156 0.93 -
WP_094525299.1       -            191 dfra1                -            157   9.7e-12   51.2   0.0   1   1   1.2e-15   1.3e-11   50.8   0.0     3   133    22   161    20   178 0.83 -
WP_006664237.1       -            177 dfra1                -            157   1.1e-11   51.0   0.0   1   1   1.2e-15   1.3e-11   50.7   0.0     4   133    14   154    11   173 0.78 -
WP_049990650.1       -            179 dfra1                -            157   1.2e-11   50.9   0.0   1   1   1.3e-15   1.4e-11   50.6   0.0     4   136    16   160    13   174 0.77 -
WP_098723826.1       -            185 dfra1                -            157   1.3e-11   50.7   0.0   1   1   1.5e-15   1.7e-11   50.4   0.0     4   132    22   161    19   176 0.81 -
WP_094525922.1       -            191 dfra1                -            157   1.3e-11   50.7   0.0   1   1   1.6e-15   1.8e-11   50.3   0.0     3   133    22   161    20   178 0.83 -
WP_018257967.1       -            174 dfra1                -            157   1.3e-11   50.7   0.0   1   1   1.5e-15   1.6e-11   50.4   0.0     3   132    16   150    14   168 0.85 -
WP_089671907.1       -            161 dfra1                -            157   1.5e-11   50.6   0.0   1   1   1.6e-15   1.7e-11   50.4   0.0     1   134     1   137     1   148 0.89 -
WP_006429953.1       -            179 dfra1                -            157   1.5e-11   50.6   0.0   1   1   1.7e-15   1.9e-11   50.2   0.0     4   131    16   154    13   165 0.81 -
WP_075936547.1       -            165 dfra1                -            157   1.5e-11   50.6   0.0   1   1   1.6e-15   1.8e-11   50.3   0.0     2   133     6   141     5   155 0.91 -
WP_090615736.1       -            190 dfra1                -            157   1.5e-11   50.5   0.0   1   1   2.1e-15   2.3e-11   50.0   0.0     3   131    22   161    20   176 0.80 -
WP_008442005.1       -            177 dfra1                -            157   1.6e-11   50.5   0.0   1   1   2.1e-15   2.3e-11   50.0   0.0     3   132    10   151     9   159 0.84 -
WP_004060419.1       -            186 dfra1                -            157   1.6e-11   50.5   0.0   1   1   1.8e-15   1.9e-11   50.2   0.0     3   131    11   148     9   173 0.86 -
WP_008325039.1       -            185 dfra1                -            157   1.9e-11   50.2   0.0   1   1   2.3e-15   2.5e-11   49.8   0.0     4   134    18   157    16   172 0.82 -
WP_082681697.1       -            202 dfra1                -            157   1.9e-11   50.2   0.0   1   1   2.4e-15   2.7e-11   49.7   0.0     4   130    38   175    35   182 0.83 -
WP_006112457.1       -            191 dfra1                -            157   2.1e-11   50.1   0.0   1   1   2.9e-15   3.2e-11   49.5   0.0     3   132    24   165    23   171 0.82 -
WP_058366473.1       -            192 dfra1                -            157   2.8e-11   49.7   0.0   1   1   3.3e-15   3.6e-11   49.3   0.0     2   131    21   159    20   178 0.86 -
WP_086889821.1       -            185 dfra1                -            157     4e-11   49.2   0.0   1   1   4.6e-15   5.1e-11   48.8   0.0     3   142    21   172    19   182 0.81 -
WP_090503653.1       -            185 dfra1                -            157   4.1e-11   49.1   0.0   1   1   5.2e-15   5.7e-11   48.7   0.0     4   131    19   159    16   163 0.84 -
WP_084568943.1       -            198 dfra1                -            157   4.9e-11   48.9   0.0   1   1   5.9e-15   6.5e-11   48.5   0.0     3   130    32   170    30   182 0.80 -
WP_073309313.1       -            162 dfra1                -            157   5.3e-11   48.8   0.0   1   1   6.3e-15   6.9e-11   48.4   0.0     4   130     5   134     2   142 0.90 -
WP_006186648.1       -            181 dfra1                -            157   6.8e-11   48.4   0.0   1   1     8e-15   8.8e-11   48.1   0.0     4   130    18   155    15   166 0.78 -
WP_094581699.1       -            202 dfra1                -            157   7.6e-11   48.3   0.0   1   2     4e-10   4.4e-06   32.8   0.0     1    85     1    87     1   100 0.88 -
WP_094581699.1       -            202 dfra1                -            157   7.6e-11   48.3   0.0   2   2   0.00032       3.5   13.6   0.0    94   130   137   173   132   188 0.90 -
WP_008459136.1       -            185 dfra1                -            157   8.3e-11   48.1   0.0   1   1     1e-14   1.1e-10   47.7   0.0     6   130    24   159    19   168 0.78 -
WP_090380370.1       -            175 dfra1                -            157   8.7e-11   48.1   0.0   1   1     1e-14   1.1e-10   47.7   0.0     5   132    14   151    10   167 0.79 -
WP_058583097.1       -            171 dfra1                -            157   8.8e-11   48.1   0.0   1   1     1e-14   1.1e-10   47.7   0.0     2   131     8   145     7   154 0.86 -
WP_049923400.1       -            176 dfra1                -            157   8.9e-11   48.0   0.0   1   1   1.1e-14   1.2e-10   47.7   0.0     2   129    12   150    11   156 0.80 -
WP_050034214.1       -            186 dfra1                -            157   9.5e-11   47.9   0.0   1   1   1.1e-14   1.2e-10   47.6   0.0     3   131     7   144     5   155 0.85 -
WP_050027132.1       -            187 dfra1                -            157   9.5e-11   47.9   0.0   1   1   1.1e-14   1.3e-10   47.5   0.0     3   131     7   144     5   155 0.85 -
WP_008425887.1       -            177 dfra1                -            157   9.9e-11   47.9   0.0   1   1   1.2e-14   1.3e-10   47.5   0.0     4   141    14   163    11   174 0.78 -
#
# Program:         hmmsearch
# Version:         3.1b2 (February 2015)
# Pipeline mode:   SEARCH
# Query file:      /mnt/research/ShadeLab/Dunivin/gene_targeted_assembly/RDPTools/Xander_assembler/gene_resource/dfra1/originaldata/dfra1.hmm
# Target file:     /mnt/research/ShadeLab/Dunivin/hmmsearch/refseq/protein_files/archaea.protein.fa
# Option settings: /opt/software/HMMER/3.1b2--GCC-4.8.3/bin/hmmsearch -o /mnt/research/ShadeLab/Dunivin/hmmsearch/refseq/hmm_outputs/dfra1.archaea.protein.fa.stdout.txt -A /mnt/research/ShadeLab/Dunivin/hmmsearch/refseq/hmm_outputs/dfra1.archaea.protein.fa.alignment.0.0000000001.txt --domtblout /mnt/research/ShadeLab/Dunivin/hmmsearch/refseq/hmm_outputs/dfra1.archaea.protein.fa.0.0000000001.tbl.txt -E 0.0000000001 --cpu 8 /mnt/research/ShadeLab/Dunivin/gene_targeted_assembly/RDPTools/Xander_assembler/gene_resource/dfra1/originaldata/dfra1.hmm /mnt/research/ShadeLab/Dunivin/hmmsearch/refseq/protein_files/archaea.protein.fa 
# Current dir:     /mnt/research/ShadeLab/Dunivin/hmmsearch/bin
# Date:            Wed Jul 25 17:21:44 2018
# [ok]
