#                                                                            --- full sequence --- -------------- this domain -------------   hmm coord   ali coord   env coord
# target name        accession   tlen query name           accession   qlen   E-value  score  bias   #  of  c-Evalue  i-Evalue  score  bias  from    to  from    to  from    to  acc description of target
#------------------- ---------- ----- -------------------- ---------- ----- --------- ------ ----- --- --- --------- --------- ------ ----- ----- ----- ----- ----- ----- ----- ---- ---------------------
WP_058826161.1       -            184 dfra12               -            165   5.1e-27  100.9   0.0   1   1   1.1e-30     6e-27  100.7   0.0     4   141    15   161    12   181 0.83 -
WP_050459833.1       -            200 dfra12               -            165   7.3e-27  100.4   0.0   1   1   1.8e-30   9.2e-27  100.1   0.0     5   136    16   156    12   165 0.86 -
WP_004974273.1       -            203 dfra12               -            165   7.6e-27  100.4   0.0   1   1   1.9e-30   9.7e-27  100.0   0.0     5   136    16   156    12   165 0.86 -
WP_073311478.1       -            180 dfra12               -            165   9.7e-27  100.0   0.0   1   1   2.1e-30   1.1e-26   99.8   0.0     4   148    14   167    11   179 0.88 -
WP_008094754.1       -            197 dfra12               -            165   2.6e-26   98.6   0.0   1   1   6.3e-30   3.3e-26   98.3   0.0     5   135    16   155    13   164 0.86 -
WP_066144832.1       -            159 dfra12               -            165   3.6e-26   98.1   0.0   1   1   8.1e-30   4.2e-26   97.9   0.0     7   142     3   142     1   150 0.93 -
WP_008576361.1       -            199 dfra12               -            165   4.4e-26   97.9   0.0   1   1   1.1e-29   5.7e-26   97.5   0.0     5   137    16   157    12   168 0.86 -
WP_004061150.1       -            194 dfra12               -            165   5.5e-26   97.5   0.0   1   1   1.4e-29   7.1e-26   97.2   0.0     5   136    16   156    12   166 0.86 -
WP_004044748.1       -            194 dfra12               -            165   5.6e-26   97.5   0.0   1   1   1.4e-29   7.1e-26   97.2   0.0     5   136    16   156    12   166 0.86 -
WP_089777600.1       -            210 dfra12               -            165   5.6e-26   97.5   0.0   1   1   1.3e-29     7e-26   97.2   0.0     5   140    26   170    22   186 0.85 -
WP_004969236.1       -            202 dfra12               -            165   6.2e-26   97.4   0.0   1   1   1.6e-29   8.1e-26   97.0   0.0     5   140    18   162    15   178 0.86 -
WP_058568902.1       -            184 dfra12               -            165   8.5e-26   96.9   0.0   1   1   2.1e-29   1.1e-25   96.6   0.0     5   136    16   156    12   166 0.88 -
WP_007273340.1       -            202 dfra12               -            165   1.3e-25   96.3   0.0   1   1   3.5e-29   1.9e-25   95.8   0.0     5   137    18   159    15   169 0.83 -
WP_004060419.1       -            186 dfra12               -            165   3.6e-25   94.9   0.0   1   1   8.5e-29   4.5e-25   94.6   0.0     3   140     6   152     4   162 0.84 -
WP_103425264.1       -            161 dfra12               -            165     5e-25   94.5   0.0   1   1   1.1e-28   5.8e-25   94.2   0.0    10   146     5   144     1   151 0.91 -
WP_103425709.1       -            166 dfra12               -            165   9.8e-25   93.5   0.0   1   1   2.2e-28   1.1e-24   93.3   0.0     6   140     3   146     1   159 0.87 -
WP_092534204.1       -            196 dfra12               -            165   1.4e-24   93.0   0.0   1   1   3.2e-28   1.7e-24   92.8   0.0     7   148    19   169    13   184 0.85 -
WP_089735212.1       -            160 dfra12               -            165   1.4e-24   93.0   0.0   1   1   3.1e-28   1.6e-24   92.8   0.0     9   146     4   142     1   150 0.91 -
WP_018257967.1       -            174 dfra12               -            165     2e-24   92.5   0.0   1   1   4.8e-28   2.5e-24   92.2   0.0     6   137    14   150    10   161 0.93 -
WP_015763954.1       -            172 dfra12               -            165   2.1e-24   92.4   0.0   1   1   5.1e-28   2.6e-24   92.1   0.0     5   137    11   148     7   159 0.93 -
WP_049969368.1       -            159 dfra12               -            165   2.6e-24   92.1   0.0   1   1   5.9e-28   3.1e-24   91.9   0.0     7   144     3   144     1   151 0.94 -
WP_058583097.1       -            171 dfra12               -            165   4.1e-24   91.5   0.0   1   1     1e-27   5.2e-24   91.1   0.0     5   139     6   148     3   161 0.89 -
WP_007976376.1       -            159 dfra12               -            165   5.8e-24   91.0   0.0   1   1   1.3e-27   6.7e-24   90.8   0.0     7   143     3   143     1   153 0.93 -
WP_101351783.1       -            165 dfra12               -            165   5.9e-24   91.0   0.0   1   1   1.4e-27   7.1e-24   90.7   0.0     7   157     2   159     1   163 0.84 -
WP_005532998.1       -            165 dfra12               -            165   1.2e-23   90.0   0.0   1   1   2.6e-27   1.3e-23   89.8   0.0     7   141     2   141     1   161 0.87 -
WP_011222743.1       -            167 dfra12               -            165   1.2e-23   90.0   0.0   1   1   2.6e-27   1.4e-23   89.8   0.0     6   157     3   161     1   165 0.85 -
WP_058991996.1       -            165 dfra12               -            165   1.2e-23   90.0   0.0   1   1   2.5e-27   1.3e-23   89.8   0.0     7   138     2   138     1   160 0.89 -
WP_007190543.1       -            167 dfra12               -            165   1.5e-23   89.6   0.0   1   1   3.4e-27   1.8e-23   89.4   0.0     6   157     3   161     1   165 0.84 -
WP_049985920.1       -            161 dfra12               -            165   1.8e-23   89.4   0.0   1   1     4e-27   2.1e-23   89.2   0.0    10   147     5   145     1   151 0.92 -
WP_021073497.1       -            185 dfra12               -            165   1.8e-23   89.4   0.0   1   1   4.6e-27   2.4e-23   89.0   0.0     7   140    23   165    19   174 0.88 -
WP_101297950.1       -            173 dfra12               -            165   1.9e-23   89.3   0.0   1   1   4.4e-27   2.3e-23   89.0   0.0     6   147     9   157     3   170 0.92 -
WP_011571692.1       -            195 dfra12               -            165   2.3e-23   89.1   0.0   1   1   5.7e-27     3e-23   88.7   0.0     6   143    31   177    28   191 0.89 -
WP_004516317.1       -            165 dfra12               -            165   2.3e-23   89.0   0.0   1   1   5.1e-27   2.7e-23   88.8   0.0     8   156     3   158     1   162 0.87 -
WP_014556168.1       -            199 dfra12               -            165   2.5e-23   88.9   0.0   1   1   6.1e-27   3.2e-23   88.6   0.0     6   143    35   181    32   195 0.89 -
WP_058572258.1       -            190 dfra12               -            165   2.9e-23   88.7   0.0   1   1   6.6e-27   3.5e-23   88.5   0.0     4   140    15   160    12   181 0.86 -
WP_018256177.1       -            157 dfra12               -            165   3.5e-23   88.5   0.0   1   1   7.8e-27   4.1e-23   88.2   0.0     8   145     3   141     1   147 0.93 -
WP_103992416.1       -            161 dfra12               -            165   4.4e-23   88.1   0.0   1   1   9.7e-27   5.1e-23   87.9   0.0    10   146     5   144     1   151 0.93 -
WP_092730298.1       -            185 dfra12               -            165   4.6e-23   88.0   0.0   1   1   1.2e-26   6.1e-23   87.7   0.0     7   140    23   165    19   174 0.88 -
WP_069450967.1       -            159 dfra12               -            165     5e-23   87.9   0.0   1   1   1.1e-26   5.8e-23   87.7   0.0     7   142     3   142     1   153 0.92 -
WP_015762451.1       -            157 dfra12               -            165   5.4e-23   87.8   0.0   1   1   1.2e-26   6.4e-23   87.6   0.0     8   145     3   141     1   147 0.92 -
WP_004594792.1       -            165 dfra12               -            165   6.4e-23   87.6   0.0   1   1   1.4e-26   7.1e-23   87.4   0.0     7   138     2   138     1   161 0.85 -
WP_082229929.1       -            167 dfra12               -            165   7.9e-23   87.3   0.0   1   1   1.8e-26   9.3e-23   87.1   0.0     6   157     3   161     1   165 0.85 -
WP_081927116.1       -            200 dfra12               -            165   8.5e-23   87.2   0.0   1   1   2.1e-26   1.1e-22   86.8   0.0     6   141    35   179    31   189 0.87 -
WP_089881284.1       -            178 dfra12               -            165   8.9e-23   87.1   0.0   1   1   2.1e-26   1.1e-22   86.8   0.0     5   142    13   159     9   165 0.87 -
WP_074796870.1       -            190 dfra12               -            165     1e-22   86.9   0.0   1   1   2.5e-26   1.3e-22   86.6   0.0     7   140    21   163    16   179 0.87 -
WP_096389301.1       -            190 dfra12               -            165   1.2e-22   86.7   0.0   1   1   3.1e-26   1.6e-22   86.3   0.0     7   140    28   170    24   179 0.88 -
WP_007543785.1       -            190 dfra12               -            165   1.4e-22   86.5   0.0   1   1   3.3e-26   1.7e-22   86.2   0.0     8   140    22   163    16   179 0.88 -
WP_007273577.1       -            161 dfra12               -            165   1.7e-22   86.2   0.0   1   1   3.6e-26   1.9e-22   86.0   0.0    10   146     5   144     1   155 0.91 -
WP_092894084.1       -            189 dfra12               -            165     2e-22   85.9   0.0   1   1   4.8e-26   2.5e-22   85.6   0.0     5   147    17   168    14   181 0.86 -
WP_014031190.1       -            165 dfra12               -            165   2.1e-22   85.9   0.0   1   1   4.4e-26   2.3e-22   85.8   0.0     7   138     2   138     1   161 0.87 -
WP_089807172.1       -            173 dfra12               -            165   2.3e-22   85.8   0.0   1   1   5.4e-26   2.8e-22   85.5   0.0     9   139    11   150     4   171 0.85 -
WP_089673007.1       -            168 dfra12               -            165   2.6e-22   85.6   0.0   1   1   6.1e-26   3.2e-22   85.3   0.0     8   147    10   156     4   166 0.88 -
WP_103991997.1       -            183 dfra12               -            165   2.8e-22   85.5   0.0   1   1   6.6e-26   3.5e-22   85.2   0.0     6   147    18   168    14   179 0.87 -
WP_092816190.1       -            185 dfra12               -            165   2.9e-22   85.5   0.0   1   1   7.4e-26   3.9e-22   85.0   0.0     6   139    22   164    19   173 0.88 -
WP_020445393.1       -            175 dfra12               -            165   3.3e-22   85.3   0.0   1   1   8.2e-26   4.3e-22   84.9   0.0     6   134     8   147     4   158 0.84 -
WP_076430655.1       -            160 dfra12               -            165   4.3e-22   84.9   0.0   1   1   9.8e-26   5.1e-22   84.7   0.0     7   143     3   143     1   149 0.93 -
WP_008312029.1       -            165 dfra12               -            165   4.5e-22   84.8   0.0   1   1   9.4e-26   4.9e-22   84.7   0.0     7   138     2   138     1   160 0.89 -
WP_058567345.1       -            161 dfra12               -            165   4.5e-22   84.8   0.0   1   1     1e-25   5.3e-22   84.6   0.0    10   146     5   144     1   152 0.92 -
WP_008320719.1       -            185 dfra12               -            165   4.9e-22   84.7   0.0   1   1   1.1e-25   5.7e-22   84.5   0.0     4   163     7   176     4   178 0.86 -
WP_053968711.1       -            165 dfra12               -            165     5e-22   84.7   0.0   1   1   1.1e-25   5.7e-22   84.5   0.0     7   140     2   140     1   163 0.85 -
WP_050006942.1       -            165 dfra12               -            165   8.4e-22   84.0   0.0   1   1   1.8e-25   9.3e-22   83.8   0.0     7   139     2   139     1   160 0.88 -
WP_050458972.1       -            161 dfra12               -            165   9.4e-22   83.8   0.0   1   1   2.1e-25   1.1e-21   83.6   0.0    10   144     5   142     1   150 0.92 -
WP_071932469.1       -            161 dfra12               -            165   9.7e-22   83.7   0.0   1   1   2.2e-25   1.1e-21   83.5   0.0     7   146     2   146     1   158 0.94 -
WP_070364028.1       -            161 dfra12               -            165     1e-21   83.7   0.0   1   1   2.3e-25   1.2e-21   83.5   0.0     7   146     2   146     1   158 0.94 -
WP_096393951.1       -            204 dfra12               -            165   1.1e-21   83.5   0.0   1   2   1.6e-14   8.6e-11   48.1   0.0     7    96     2    93     1   107 0.89 -
WP_096393951.1       -            204 dfra12               -            165   1.1e-21   83.5   0.0   2   2   5.1e-10   2.6e-06   33.5   0.0    97   145   139   187   130   201 0.90 -
WP_042663851.1       -            161 dfra12               -            165   1.1e-21   83.5   0.0   1   1   2.5e-25   1.3e-21   83.3   0.0    10   143     5   141     1   153 0.90 -
WP_006054257.1       -            183 dfra12               -            165   1.3e-21   83.4   0.0   1   1     3e-25   1.6e-21   83.1   0.0     2   139    15   161    14   171 0.88 -
WP_089778209.1       -            161 dfra12               -            165   1.3e-21   83.3   0.0   1   1   2.9e-25   1.5e-21   83.1   0.0    10   143     5   141     1   152 0.90 -
WP_075936547.1       -            165 dfra12               -            165   1.7e-21   83.0   0.0   1   1   3.6e-25   1.9e-21   82.8   0.0     6   138     5   141     1   160 0.92 -
WP_089767671.1       -            184 dfra12               -            165   1.7e-21   82.9   0.0   1   1   4.1e-25   2.2e-21   82.6   0.0     6   141    19   163    14   174 0.89 -
WP_008325039.1       -            185 dfra12               -            165   1.8e-21   82.9   0.0   1   1   4.2e-25   2.2e-21   82.6   0.0     7   141    16   159    11   176 0.87 -
WP_073309313.1       -            162 dfra12               -            165     2e-21   82.7   0.0   1   1   4.4e-25   2.3e-21   82.5   0.0     7   146     3   146     1   153 0.91 -
WP_008573958.1       -            159 dfra12               -            165     2e-21   82.7   0.0   1   1   4.5e-25   2.4e-21   82.5   0.0    10   144     5   142     1   151 0.91 -
WP_008093022.1       -            161 dfra12               -            165   2.1e-21   82.6   0.0   1   1   4.8e-25   2.5e-21   82.4   0.0    10   144     5   142     1   150 0.91 -
WP_004063628.1       -            162 dfra12               -            165   2.1e-21   82.6   0.0   1   1   4.7e-25   2.5e-21   82.4   0.0    10   144     5   142     1   153 0.91 -
WP_004977271.1       -            161 dfra12               -            165   2.1e-21   82.6   0.0   1   1   4.8e-25   2.5e-21   82.4   0.0    10   144     5   142     1   150 0.91 -
WP_004043660.1       -            162 dfra12               -            165   2.3e-21   82.5   0.0   1   1   5.1e-25   2.7e-21   82.3   0.0    10   144     5   142     1   153 0.91 -
WP_015910866.1       -            194 dfra12               -            165   2.4e-21   82.5   0.0   1   1   6.1e-25   3.2e-21   82.1   0.0     6   143    19   165    15   175 0.86 -
WP_086219482.1       -            166 dfra12               -            165   2.6e-21   82.3   0.0   1   1   5.9e-25   3.1e-21   82.1   0.0     8   145     3   147     1   158 0.86 -
WP_008582238.1       -            183 dfra12               -            165   2.6e-21   82.3   0.0   1   2   4.3e-14   2.2e-10   46.8   0.0     7   103     2   100     1   111 0.87 -
WP_008582238.1       -            183 dfra12               -            165   2.6e-21   82.3   0.0   2   2   4.2e-10   2.2e-06   33.8   0.0    99   145   120   166   113   173 0.92 -
WP_042663783.1       -            161 dfra12               -            165   3.3e-21   82.0   0.0   1   1   7.2e-25   3.8e-21   81.8   0.0    10   145     5   143     1   157 0.91 -
WP_015408580.1       -            160 dfra12               -            165   3.3e-21   82.0   0.0   1   1   7.6e-25     4e-21   81.8   0.0     8   143     3   141     1   147 0.91 -
WP_092566279.1       -            203 dfra12               -            165   4.9e-21   81.5   0.0   1   2     8e-16   4.2e-12   52.4   0.0     9   107     4   104     1   115 0.90 -
WP_092566279.1       -            203 dfra12               -            165   4.9e-21   81.5   0.0   2   2   4.4e-08   0.00023   27.2   0.0    98   143   137   182   129   191 0.91 -
WP_006429953.1       -            179 dfra12               -            165   5.1e-21   81.4   0.0   1   1   1.2e-24   6.5e-21   81.1   0.0    10   145    17   163     9   176 0.87 -
WP_094525014.1       -            202 dfra12               -            165   5.9e-21   81.2   0.0   1   2   1.2e-15   6.4e-12   51.8   0.0     9   102     4    99     1   113 0.86 -
WP_094525014.1       -            202 dfra12               -            165   5.9e-21   81.2   0.0   2   2   3.5e-08   0.00019   27.5   0.0    99   144   137   182   131   196 0.92 -
WP_004968047.1       -            159 dfra12               -            165   7.4e-21   80.9   0.0   1   1   1.7e-24   8.7e-21   80.6   0.0    10   145     5   143     1   150 0.91 -
WP_095637406.1       -            191 dfra12               -            165   8.6e-21   80.7   0.0   1   1   2.1e-24   1.1e-20   80.3   0.0     7   141    17   160    12   176 0.85 -
WP_094525922.1       -            191 dfra12               -            165   8.8e-21   80.6   0.0   1   1   2.1e-24   1.1e-20   80.3   0.0     5   147    19   170    15   186 0.85 -
WP_099255756.1       -            200 dfra12               -            165   1.2e-20   80.2   0.0   1   1   2.9e-24   1.5e-20   79.9   0.0     4   145    17   172    14   178 0.84 -
WP_092920829.1       -            166 dfra12               -            165   1.4e-20   80.0   0.0   1   1     3e-24   1.6e-20   79.8   0.0     9   147     4   148     1   162 0.85 -
WP_097378777.1       -            185 dfra12               -            165   1.4e-20   80.0   0.0   1   1   3.6e-24   1.9e-20   79.5   0.0    11   142    24   166    16   177 0.86 -
WP_049983003.1       -            196 dfra12               -            165   1.4e-20   79.9   0.0   1   1   3.4e-24   1.8e-20   79.6   0.0     4   146    19   172    16   177 0.85 -
WP_094532593.1       -            186 dfra12               -            165   1.6e-20   79.8   0.0   1   1   3.6e-24   1.9e-20   79.6   0.0     4   145    19   169    16   183 0.85 -
WP_094580471.1       -            187 dfra12               -            165   1.7e-20   79.7   0.0   1   2   8.4e-13   4.4e-09   42.6   0.0     7    95     2    92     1    97 0.88 -
WP_094580471.1       -            187 dfra12               -            165   1.7e-20   79.7   0.0   2   2   1.4e-10   7.4e-07   35.4   0.0    92   144   116   169   106   183 0.86 -
WP_094525299.1       -            191 dfra12               -            165   1.8e-20   79.7   0.0   1   1   4.1e-24   2.1e-20   79.4   0.0     5   147    19   170    15   186 0.86 -
WP_004046860.1       -            173 dfra12               -            165   1.9e-20   79.5   0.0   1   1   4.5e-24   2.4e-20   79.2   0.0     5   137     6   147     2   168 0.88 -
WP_008848996.1       -            164 dfra12               -            165     2e-20   79.5   0.0   1   1   4.3e-24   2.2e-20   79.3   0.0     9   144     4   144     1   161 0.88 -
WP_092702685.1       -            162 dfra12               -            165   2.5e-20   79.1   0.0   1   1   5.7e-24     3e-20   78.9   0.0    10   144     5   142     1   149 0.92 -
WP_049990650.1       -            179 dfra12               -            165     3e-20   78.9   0.0   1   1   7.1e-24   3.7e-20   78.6   0.0    10   147    17   165    10   178 0.82 -
WP_108381793.1       -            163 dfra12               -            165   3.1e-20   78.9   0.0   1   1   7.3e-24   3.8e-20   78.6   0.0     9   136    12   140     6   153 0.88 -
WP_050034214.1       -            186 dfra12               -            165   3.2e-20   78.8   0.0   1   1   7.3e-24   3.8e-20   78.6   0.0     5   147     4   155     1   161 0.88 -
WP_050027132.1       -            187 dfra12               -            165   3.2e-20   78.8   0.0   1   1   7.4e-24   3.9e-20   78.5   0.0     5   147     4   155     1   161 0.88 -
WP_008000711.1       -            182 dfra12               -            165   3.2e-20   78.8   0.0   1   1   7.6e-24     4e-20   78.5   0.0     6   150    11   164     7   175 0.85 -
WP_053771001.1       -            193 dfra12               -            165   3.2e-20   78.8   0.0   1   1   7.8e-24   4.1e-20   78.5   0.0     8   136    26   166    21   184 0.86 -
WP_049931394.1       -            187 dfra12               -            165   3.3e-20   78.8   0.0   1   2   8.4e-13   4.4e-09   42.6   0.0     7    95     2    92     1    97 0.88 -
WP_049931394.1       -            187 dfra12               -            165   3.3e-20   78.8   0.0   2   2   2.8e-10   1.5e-06   34.4   0.0    92   144   116   169   107   183 0.88 -
WP_089308050.1       -            187 dfra12               -            165   3.4e-20   78.7   0.1   1   2   8.9e-13   4.7e-09   42.5   0.0     7    95     2    92     1    97 0.88 -
WP_089308050.1       -            187 dfra12               -            165   3.4e-20   78.7   0.1   2   2   2.6e-10   1.4e-06   34.5   0.0    92   144   116   169   105   183 0.86 -
WP_094553670.1       -            187 dfra12               -            165   3.5e-20   78.7   0.0   1   2   8.9e-13   4.7e-09   42.5   0.0     7    95     2    92     1    97 0.88 -
WP_094553670.1       -            187 dfra12               -            165   3.5e-20   78.7   0.0   2   2   2.8e-10   1.5e-06   34.4   0.0    92   144   116   169   107   183 0.88 -
WP_006882525.1       -            162 dfra12               -            165   4.4e-20   78.4   0.0   1   1     9e-24   4.7e-20   78.3   0.0     8   150     3   146     1   158 0.89 -
WP_058827102.1       -            160 dfra12               -            165   4.4e-20   78.3   0.0   1   1   9.7e-24   5.1e-20   78.2   0.0    10   138     5   136     1   152 0.89 -
WP_008847914.1       -            200 dfra12               -            165   5.1e-20   78.2   0.0   1   1   1.2e-23   6.5e-20   77.8   0.0     4   145    17   167    14   177 0.84 -
WP_066417183.1       -            186 dfra12               -            165   5.2e-20   78.1   0.0   1   1   1.2e-23   6.1e-20   77.9   0.0     4   140    19   164    16   181 0.85 -
WP_086216802.1       -            187 dfra12               -            165   5.3e-20   78.1   0.0   1   2   8.9e-13   4.7e-09   42.5   0.0     7    95     2    92     1    97 0.88 -
WP_086216802.1       -            187 dfra12               -            165   5.3e-20   78.1   0.0   2   2   4.4e-10   2.3e-06   33.8   0.0    92   144   116   169   110   183 0.88 -
WP_066298535.1       -            184 dfra12               -            165     8e-20   77.5   0.0   1   1   1.9e-23   9.9e-20   77.2   0.0    11   147    23   170    14   181 0.86 -
WP_094581699.1       -            202 dfra12               -            165     8e-20   77.5   0.0   1   2   1.7e-14   8.7e-11   48.1   0.0     9   102     4    99     1   113 0.86 -
WP_094581699.1       -            202 dfra12               -            165     8e-20   77.5   0.0   2   2   3.5e-08   0.00019   27.5   0.0    99   144   137   182   131   196 0.92 -
WP_008007642.1       -            188 dfra12               -            165   8.8e-20   77.4   0.0   1   1     2e-23     1e-19   77.1   0.0     5   149     6   159     1   166 0.85 -
WP_006882350.1       -            174 dfra12               -            165   1.1e-19   77.1   0.0   1   1   2.6e-23   1.4e-19   76.7   0.0     4   141     9   155     6   163 0.87 -
WP_026190202.1       -            160 dfra12               -            165   1.3e-19   76.9   0.0   1   1   2.8e-23   1.5e-19   76.6   0.0     8   145     3   143     1   149 0.93 -
WP_004057195.1       -            161 dfra12               -            165   1.3e-19   76.8   0.0   1   1   2.8e-23   1.5e-19   76.6   0.0    10   145     5   143     1   153 0.92 -
WP_094582957.1       -            177 dfra12               -            165   1.5e-19   76.6   0.0   1   1   3.5e-23   1.9e-19   76.3   0.0     8   137    10   151     4   173 0.81 -
WP_086215410.1       -            177 dfra12               -            165   1.7e-19   76.5   0.0   1   1   3.8e-23     2e-19   76.2   0.0     8   137    10   151     4   173 0.81 -
WP_049931587.1       -            177 dfra12               -            165   1.9e-19   76.3   0.0   1   1   4.5e-23   2.4e-19   76.0   0.0     8   137    10   151     4   173 0.81 -
WP_094495544.1       -            177 dfra12               -            165     2e-19   76.2   0.0   1   1   4.6e-23   2.4e-19   75.9   0.0     8   137    10   151     4   173 0.81 -
WP_089308134.1       -            177 dfra12               -            165   2.1e-19   76.2   0.0   1   1   4.8e-23   2.5e-19   75.9   0.0     8   137    10   151     4   173 0.81 -
WP_086220069.1       -            177 dfra12               -            165   2.1e-19   76.2   0.0   1   1   4.8e-23   2.5e-19   75.9   0.0     8   137    10   151     4   173 0.81 -
WP_006109710.1       -            177 dfra12               -            165   2.1e-19   76.1   0.0   1   1   4.7e-23   2.5e-19   75.9   0.0    11   148    16   164     8   177 0.84 -
WP_089671907.1       -            161 dfra12               -            165   2.3e-19   76.1   0.0   1   1   4.9e-23   2.6e-19   75.9   0.0    10   145     5   143     1   152 0.88 -
WP_007994849.1       -            164 dfra12               -            165   2.4e-19   76.0   0.0   1   1   5.2e-23   2.7e-19   75.8   0.0     8   145     3   147     1   162 0.86 -
WP_096592403.1       -            187 dfra12               -            165   2.6e-19   75.9   0.0   1   2   6.7e-12   3.5e-08   39.7   0.0     7    95     2    92     1    97 0.88 -
WP_096592403.1       -            187 dfra12               -            165   2.6e-19   75.9   0.0   2   2   2.6e-10   1.4e-06   34.5   0.0    92   144   116   169   105   183 0.86 -
WP_015299074.1       -            184 dfra12               -            165   2.7e-19   75.8   0.0   1   1   6.7e-23   3.5e-19   75.4   0.0    11   147    23   170    16   182 0.85 -
WP_004595363.1       -            185 dfra12               -            165     3e-19   75.7   0.0   1   1   7.5e-23   3.9e-19   75.3   0.0     8   136    18   158    13   170 0.85 -
WP_058366473.1       -            192 dfra12               -            165     3e-19   75.6   0.0   1   1   7.2e-23   3.8e-19   75.3   0.0     8   145    22   168    18   184 0.84 -
WP_094579942.1       -            177 dfra12               -            165   3.1e-19   75.6   0.0   1   1     7e-23   3.6e-19   75.4   0.0     8   137    10   151     4   173 0.82 -
WP_006673533.1       -            188 dfra12               -            165   3.2e-19   75.6   0.0   1   1   8.4e-23   4.4e-19   75.1   0.0    11   140    27   167    21   176 0.86 -
WP_008366135.1       -            199 dfra12               -            165   3.3e-19   75.5   0.0   1   2   7.6e-14     4e-10   46.0   0.0     7    96     2    93     1   111 0.90 -
WP_008366135.1       -            199 dfra12               -            165   3.3e-19   75.5   0.0   2   2   3.1e-08   0.00016   27.8   0.0    96   145   133   182   127   197 0.91 -
WP_004598141.1       -            209 dfra12               -            165   3.4e-19   75.5   0.0   1   2   7.1e-14   3.7e-10   46.1   0.0     7    96     2    93     1   110 0.89 -
WP_004598141.1       -            209 dfra12               -            165   3.4e-19   75.5   0.0   2   2   3.6e-08   0.00019   27.5   0.0    96   145   143   192   137   207 0.91 -
WP_008010046.1       -            180 dfra12               -            165   3.5e-19   75.4   0.0   1   1   8.2e-23   4.3e-19   75.1   0.0    10   148    18   167    11   179 0.78 -
WP_049915848.1       -            161 dfra12               -            165   3.5e-19   75.4   0.0   1   1   7.8e-23   4.1e-19   75.2   0.0    10   145     5   143     1   151 0.92 -
WP_006664237.1       -            177 dfra12               -            165   5.1e-19   74.9   0.0   1   1   1.1e-22   5.9e-19   74.7   0.0    11   148    16   164     8   177 0.84 -
WP_007345130.1       -            184 dfra12               -            165   5.3e-19   74.8   0.0   1   1   1.3e-22   7.1e-19   74.4   0.0     8   136    17   157    13   169 0.84 -
WP_097007653.1       -            176 dfra12               -            165   5.7e-19   74.7   0.0   1   1   1.4e-22   7.3e-19   74.4   0.0     9   136     4   143     1   157 0.86 -
WP_092929331.1       -            180 dfra12               -            165   5.9e-19   74.7   0.0   1   1   1.4e-22   7.4e-19   74.4   0.0    10   148    18   167    11   179 0.79 -
WP_006827958.1       -            177 dfra12               -            165     6e-19   74.7   0.0   1   1   1.3e-22   6.9e-19   74.5   0.0    11   148    16   164     8   177 0.84 -
WP_098723826.1       -            185 dfra12               -            165   6.5e-19   74.6   0.0   1   1   1.6e-22   8.1e-19   74.2   0.0    11   147    24   171    16   183 0.85 -
WP_017344283.1       -            182 dfra12               -            165   7.4e-19   74.4   0.0   1   1   1.8e-22   9.6e-19   74.0   0.0     9   136    18   157    14   177 0.85 -
WP_008004961.1       -            171 dfra12               -            165   7.7e-19   74.3   0.0   1   1   2.5e-22   1.3e-18   73.5   0.0     9   146     4   152     1   161 0.86 -
WP_007696671.1       -            199 dfra12               -            165   8.2e-19   74.2   0.0   1   1   2.1e-22   1.1e-18   73.8   0.0     9   144    33   179    27   192 0.85 -
WP_004214772.1       -            183 dfra12               -            165   9.2e-19   74.1   0.0   1   1   2.1e-22   1.1e-18   73.8   0.0    11   146    22   168    16   181 0.83 -
WP_011571118.1       -            160 dfra12               -            165   1.1e-18   73.9   0.0   1   1   2.4e-22   1.2e-18   73.6   0.0    10   148     5   146     1   153 0.90 -
WP_053771896.1       -            166 dfra12               -            165   1.1e-18   73.8   0.0   1   1   2.2e-22   1.1e-18   73.8   0.0     8   148     3   149     1   164 0.83 -
WP_096395379.1       -            183 dfra12               -            165   1.1e-18   73.8   0.0   1   1   2.6e-22   1.4e-18   73.5   0.0     8   135    16   155     9   173 0.86 -
WP_089383028.1       -            167 dfra12               -            165   1.2e-18   73.7   0.0   1   1     3e-22   1.5e-18   73.3   0.0     9   150     4   154     1   159 0.86 -
WP_048075980.1       -            176 dfra12               -            165   1.3e-18   73.6   0.0   1   1   3.1e-22   1.6e-18   73.3   0.0    11   145    18   161    10   166 0.85 -
WP_008367773.1       -            184 dfra12               -            165   1.3e-18   73.6   0.0   1   1   3.3e-22   1.7e-18   73.2   0.0     8   136    17   157    13   167 0.84 -
WP_086220782.1       -            173 dfra12               -            165   1.3e-18   73.6   0.0   1   1   3.1e-22   1.6e-18   73.3   0.0     9   136     7   146     4   168 0.86 -
WP_006629543.1       -            183 dfra12               -            165   1.3e-18   73.6   0.0   1   2   1.1e-12   5.8e-09   42.2   0.0     7    98     2    95     1   109 0.87 -
WP_006629543.1       -            183 dfra12               -            165   1.3e-18   73.6   0.0   2   2   7.9e-09   4.1e-05   29.7   0.0    99   145   120   166   112   174 0.91 -
WP_095635299.1       -            169 dfra12               -            165   1.5e-18   73.4   0.0   1   1   3.6e-22   1.9e-18   73.1   0.0     9   142     4   147     1   158 0.86 -
WP_086220194.1       -            187 dfra12               -            165   1.5e-18   73.3   0.0   1   2   3.4e-12   1.8e-08   40.6   0.0     7    94     2    91     1    98 0.86 -
WP_086220194.1       -            187 dfra12               -            165   1.5e-18   73.3   0.0   2   2   3.1e-09   1.6e-05   31.0   0.0    92   144   116   169   105   183 0.86 -
WP_049964362.1       -            186 dfra12               -            165   1.6e-18   73.3   0.0   1   1   3.8e-22     2e-18   73.0   0.0    11   149    23   172    16   185 0.82 -
WP_076145849.1       -            185 dfra12               -            165   1.6e-18   73.3   0.0   1   1     4e-22   2.1e-18   72.9   0.0    11   147    24   171    15   182 0.85 -
WP_007996801.1       -            184 dfra12               -            165   1.7e-18   73.2   0.0   1   1   4.4e-22   2.3e-18   72.8   0.0     8   135    17   156    13   169 0.84 -
WP_015409531.1       -            167 dfra12               -            165   1.7e-18   73.2   0.0   1   1   3.8e-22     2e-18   73.0   0.0     7   137     2   141     1   162 0.84 -
WP_006654379.1       -            185 dfra12               -            165   2.3e-18   72.8   0.0   1   1   5.5e-22   2.9e-18   72.5   0.0    11   144    24   168    16   184 0.82 -
WP_006091558.1       -            179 dfra12               -            165   2.5e-18   72.7   0.0   1   1   5.8e-22     3e-18   72.4   0.0    11   147    18   165    10   178 0.84 -
WP_006065580.1       -            177 dfra12               -            165   3.4e-18   72.2   0.0   1   1   8.1e-22   4.2e-18   71.9   0.0    11   147    16   163     7   176 0.81 -
WP_017342283.1       -            221 dfra12               -            165   3.6e-18   72.2   0.0   1   2   9.6e-13   5.1e-09   42.4   0.0     7    95     2    92     1    99 0.91 -
WP_017342283.1       -            221 dfra12               -            165   3.6e-18   72.2   0.0   2   2   2.9e-08   0.00015   27.8   0.0    95   145   154   204   148   220 0.88 -
WP_007998036.1       -            168 dfra12               -            165   3.6e-18   72.1   0.0   1   1   8.9e-22   4.7e-18   71.8   0.0     9   142     4   146     1   153 0.85 -
WP_006112457.1       -            191 dfra12               -            165   3.7e-18   72.1   0.0   1   1   9.2e-22   4.8e-18   71.7   0.0     8   135    24   163    19   180 0.85 -
WP_004049338.1       -            169 dfra12               -            165   4.6e-18   71.8   0.0   1   1   1.1e-21   5.8e-18   71.5   0.0     9   143     4   148     1   158 0.85 -
WP_089384244.1       -            184 dfra12               -            165   5.2e-18   71.6   0.0   1   1   1.1e-21     6e-18   71.4   0.0     5   137     9   150     5   171 0.89 -
WP_011323176.1       -            165 dfra12               -            165   9.1e-18   70.8   0.0   1   1   2.1e-21   1.1e-17   70.6   0.0     7   138     2   142     1   157 0.84 -
WP_050025070.1       -            177 dfra12               -            165   9.4e-18   70.8   0.0   1   1   4.3e-20   2.3e-16   66.3   0.0    10   143     5   156     1   165 0.83 -
WP_006111806.1       -            187 dfra12               -            165   9.9e-18   70.7   0.0   1   2   1.5e-11   7.9e-08   38.5   0.0     7    95     2    92     1    97 0.86 -
WP_006111806.1       -            187 dfra12               -            165   9.9e-18   70.7   0.0   2   2   4.7e-09   2.5e-05   30.4   0.0    91   144   116   169   107   180 0.84 -
WP_092566484.1       -            196 dfra12               -            165     1e-17   70.7   0.0   1   1   2.5e-21   1.3e-17   70.3   0.0     8   135    12   148     7   160 0.89 -
WP_008459136.1       -            185 dfra12               -            165   1.4e-17   70.3   0.0   1   1   3.4e-21   1.8e-17   69.9   0.0    11   136    24   160    16   174 0.85 -
WP_089786743.1       -            187 dfra12               -            165   1.8e-17   69.9   0.0   1   1   4.5e-21   2.4e-17   69.5   0.0    11   137    26   163    17   174 0.85 -
WP_008163982.1       -            177 dfra12               -            165   1.8e-17   69.8   0.0   1   1   4.4e-21   2.3e-17   69.5   0.0    11   147    16   163     7   176 0.82 -
WP_014865199.1       -            185 dfra12               -            165   1.9e-17   69.8   0.0   1   1   4.7e-21   2.5e-17   69.4   0.0    11   137    24   161    16   174 0.84 -
WP_066411335.1       -            208 dfra12               -            165     2e-17   69.7   0.0   1   2   4.8e-11   2.5e-07   36.9   0.0     7    96     2    93     1   104 0.89 -
WP_066411335.1       -            208 dfra12               -            165     2e-17   69.7   0.0   2   2     3e-09   1.6e-05   31.0   0.0    97   145   141   189   136   196 0.91 -
WP_094534307.1       -            168 dfra12               -            165     2e-17   69.7   0.0   1   1   4.6e-21   2.4e-17   69.4   0.0     7   146     2   150     1   156 0.84 -
WP_008442005.1       -            177 dfra12               -            165     2e-17   69.7   0.0   1   1   4.5e-21   2.4e-17   69.5   0.0     8   137    10   151     4   173 0.83 -
WP_099255936.1       -            169 dfra12               -            165   2.6e-17   69.3   0.0   1   1   5.6e-21   2.9e-17   69.2   0.0     9   148     4   152     1   167 0.83 -
WP_007142883.1       -            187 dfra12               -            165   3.5e-17   68.9   0.0   1   1   9.2e-21   4.8e-17   68.5   0.0    11   137    26   163    17   173 0.86 -
WP_042661819.1       -            160 dfra12               -            165   4.4e-17   68.6   0.0   1   1   9.6e-21     5e-17   68.4   0.0     9   145     4   143     1   151 0.92 -
WP_012942862.1       -            181 dfra12               -            165   4.4e-17   68.6   0.0   1   1   1.1e-20   5.8e-17   68.2   0.0    11   147    19   166    11   179 0.81 -
WP_048077841.1       -            177 dfra12               -            165   4.7e-17   68.5   0.0   1   1   1.1e-20     6e-17   68.2   0.0     8   141    10   155     6   173 0.83 -
WP_075936040.1       -            160 dfra12               -            165   4.8e-17   68.5   0.0   1   1   1.1e-20   5.7e-17   68.2   0.0    10   144     5   142     1   148 0.91 -
WP_090380370.1       -            175 dfra12               -            165   5.1e-17   68.4   0.0   1   1   1.2e-20   6.4e-17   68.1   0.0    10   145    14   159     6   173 0.84 -
WP_090615736.1       -            190 dfra12               -            165   5.3e-17   68.3   0.0   1   1   1.3e-20   6.9e-17   68.0   0.0    10   142    24   167    17   182 0.84 -
WP_058995898.1       -            185 dfra12               -            165   5.6e-17   68.3   0.0   1   1   7.2e-20   3.8e-16   65.6   0.0     8   144     9   162     6   178 0.78 -
WP_050033086.1       -            176 dfra12               -            165   5.8e-17   68.2   0.0   1   1   1.2e-19   6.2e-16   64.9   0.0    10   143     5   155     1   166 0.83 -
WP_006885509.1       -            160 dfra12               -            165   6.6e-17   68.0   0.0   1   1   1.5e-20   7.8e-17   67.8   0.0     9   144     4   142     1   148 0.92 -
WP_006168862.1       -            182 dfra12               -            165   7.4e-17   67.9   0.0   1   1   1.9e-20     1e-16   67.4   0.0    11   135    18   153    10   162 0.87 -
WP_012659675.1       -            175 dfra12               -            165     8e-17   67.8   0.0   1   1   9.7e-20   5.1e-16   65.2   0.0     9   146     4   156     1   165 0.80 -
WP_092920327.1       -            189 dfra12               -            165   8.3e-17   67.7   0.0   1   1     2e-20   1.1e-16   67.3   0.0     9   137    23   163    19   184 0.85 -
WP_008895450.1       -            180 dfra12               -            165     1e-16   67.4   0.0   1   1   2.5e-20   1.3e-16   67.1   0.0    11   146    18   164    10   178 0.83 -
WP_004961425.1       -            185 dfra12               -            165   1.2e-16   67.2   0.0   1   1   1.1e-19     6e-16   64.9   0.0     8   143     9   161     5   177 0.79 -
WP_007108363.1       -            186 dfra12               -            165   1.3e-16   67.1   0.0   1   1   3.1e-20   1.6e-16   66.8   0.0    11   138    25   163    17   178 0.83 -
WP_008583446.1       -            187 dfra12               -            165   1.4e-16   66.9   0.0   1   1   3.5e-20   1.8e-16   66.6   0.0     8   137    20   161    16   183 0.81 -
WP_053968166.1       -            185 dfra12               -            165   1.4e-16   66.9   0.0   1   1   3.7e-19   1.9e-15   63.3   0.0     8   142     9   160     5   178 0.76 -
WP_090306815.1       -            179 dfra12               -            165   1.5e-16   66.9   0.0   1   1   3.6e-20   1.9e-16   66.5   0.0    11   147    18   165    10   177 0.81 -
WP_049982694.1       -            223 dfra12               -            165   1.7e-16   66.7   0.0   1   2   4.1e-11   2.1e-07   37.1   0.0    10    95     5    92     1   103 0.87 -
WP_049982694.1       -            223 dfra12               -            165   1.7e-16   66.7   0.0   2   2   3.1e-08   0.00016   27.8   0.0    97   145   156   204   142   211 0.88 -
WP_071402142.1       -            183 dfra12               -            165   2.8e-16   66.0   0.0   1   1   6.9e-20   3.6e-16   65.6   0.0    11   143    22   165    16   180 0.84 -
WP_013880611.1       -            189 dfra12               -            165   3.9e-16   65.5   0.0   1   1     1e-19   5.2e-16   65.1   0.0    11   136    27   163    17   173 0.84 -
WP_007190387.1       -            185 dfra12               -            165     5e-16   65.2   0.0   1   1   5.3e-19   2.8e-15   62.8   0.0     8   142     9   160     5   177 0.78 -
WP_076608611.1       -            179 dfra12               -            165     6e-16   64.9   0.0   1   1   1.4e-19   7.3e-16   64.6   0.0    11   144    16   159    10   176 0.82 -
WP_011223281.1       -            185 dfra12               -            165     6e-16   64.9   0.0   1   1   7.3e-19   3.8e-15   62.3   0.0     8   142     9   160     5   177 0.78 -
WP_088901528.1       -            174 dfra12               -            165   6.5e-16   64.8   0.0   1   1   4.6e-19   2.4e-15   63.0   0.0     9   146     4   155     1   164 0.80 -
WP_006186648.1       -            181 dfra12               -            165   6.6e-16   64.8   0.0   1   1   1.6e-19   8.4e-16   64.4   0.0    11   138    20   158    12   175 0.84 -
WP_006628150.1       -            189 dfra12               -            165   6.8e-16   64.7   0.0   1   1   1.6e-19   8.3e-16   64.5   0.0     8   148    22   174    15   186 0.81 -
WP_023394589.1       -            172 dfra12               -            165   6.9e-16   64.7   0.0   1   1   1.5e-19   7.7e-16   64.6   0.0     5   140     6   148     1   164 0.89 -
WP_049925444.1       -            182 dfra12               -            165   7.1e-16   64.7   0.0   1   1   1.8e-19   9.5e-16   64.3   0.0    11   137    22   159    14   172 0.85 -
WP_101350045.1       -            185 dfra12               -            165   8.7e-16   64.4   0.0   1   1   9.7e-19   5.1e-15   61.9   0.0     8   142     9   160     5   178 0.76 -
WP_087714069.1       -            180 dfra12               -            165   9.1e-16   64.3   0.0   1   1   2.2e-19   1.2e-15   64.0   0.0    11   139    21   160    11   173 0.81 -
WP_005534423.1       -            185 dfra12               -            165   1.2e-15   63.9   0.0   1   1   1.3e-18   6.7e-15   61.5   0.0     8   143     9   161     5   177 0.79 -
WP_004592074.1       -            171 dfra12               -            165   1.5e-15   63.6   0.0   1   1   3.3e-19   1.7e-15   63.4   0.0     5   149     6   158     1   168 0.82 -
WP_015320806.1       -            178 dfra12               -            165   1.7e-15   63.4   0.0   1   1   4.4e-19   2.3e-15   63.0   0.0    11   140    17   157    10   172 0.85 -
WP_049923400.1       -            176 dfra12               -            165   1.8e-15   63.4   0.0   1   1   4.4e-19   2.3e-15   63.0   0.0    11   135    16   151     6   160 0.79 -
WP_092903324.1       -            204 dfra12               -            165   1.9e-15   63.3   0.0   1   1   4.9e-19   2.6e-15   62.9   0.0    11   140    35   175    27   194 0.81 -
WP_005576873.1       -            175 dfra12               -            165     2e-15   63.2   0.0   1   1     5e-19   2.6e-15   62.8   0.0    10   141    14   155     6   163 0.85 -
WP_086889821.1       -            185 dfra12               -            165   2.3e-15   63.0   0.0   1   1   5.4e-19   2.8e-15   62.7   0.0    11   147    24   171    16   183 0.80 -
WP_008309211.1       -            184 dfra12               -            165   2.8e-15   62.7   0.0   1   1   3.1e-18   1.6e-14   60.2   0.0     7   143     7   160     1   176 0.78 -
WP_004517969.1       -            186 dfra12               -            165     3e-15   62.6   0.0   1   1   5.1e-18   2.7e-14   59.5   0.0     8   144     9   163     5   179 0.78 -
WP_076578022.1       -            185 dfra12               -            165     3e-15   62.6   0.0   1   1   7.5e-19   3.9e-15   62.3   0.0    11   135    21   158    13   170 0.82 -
WP_090503653.1       -            185 dfra12               -            165   3.1e-15   62.6   0.0   1   1   7.8e-19   4.1e-15   62.2   0.0    11   135    21   158    13   170 0.82 -
WP_064288042.1       -            184 dfra12               -            165   5.3e-15   61.8   0.0   1   1   5.3e-18   2.8e-14   59.5   0.0     7   143     7   160     1   177 0.78 -
WP_050050129.1       -            204 dfra12               -            165   5.4e-15   61.8   0.0   1   1   1.3e-18   6.8e-15   61.5   0.0    11   141    35   176    27   197 0.82 -
WP_005555536.1       -            176 dfra12               -            165     6e-15   61.7   0.0   1   1   1.4e-18   7.5e-15   61.3   0.0    10   144    14   159     7   171 0.83 -
WP_084568943.1       -            198 dfra12               -            165     7e-15   61.4   0.0   1   1   1.9e-18   9.7e-15   61.0   0.0    10   137    34   172    27   183 0.79 -
WP_004592764.1       -            185 dfra12               -            165   8.7e-15   61.1   0.0   1   1     1e-17   5.4e-14   58.6   0.0     8   143     9   161     5   178 0.76 -
WP_082682295.1       -            136 dfra12               -            165   1.2e-14   60.7   0.0   1   1   2.7e-18   1.4e-14   60.5   0.0    31   145     2   118     1   127 0.89 -
WP_021075278.1       -            212 dfra12               -            165   1.3e-14   60.6   0.0   1   1   3.3e-18   1.7e-14   60.2   0.0     7   137    47   179    43   191 0.89 -
WP_050007210.1       -            185 dfra12               -            165   1.9e-14   60.0   0.0   1   1     3e-17   1.6e-13   57.0   0.0     7   142     7   160     1   177 0.79 -
WP_096390443.1       -            167 dfra12               -            165   3.3e-14   59.2   0.0   1   1   7.5e-18   3.9e-14   59.0   0.0     8   137     3   134     1   149 0.87 -
WP_092730932.1       -            167 dfra12               -            165   3.4e-14   59.2   0.0   1   1   7.5e-18   3.9e-14   59.0   0.0     8   137     3   134     1   147 0.89 -
WP_082681697.1       -            202 dfra12               -            165   1.1e-13   57.6   0.0   1   1   2.9e-17   1.5e-13   57.1   0.0    11   136    40   176    32   190 0.80 -
WP_014040332.1       -            185 dfra12               -            165   1.2e-13   57.5   0.0   1   1   1.8e-16   9.3e-13   54.5   0.0     7   142     7   160     1   177 0.78 -
WP_008425887.1       -            177 dfra12               -            165     5e-13   55.4   0.0   1   1   1.2e-16   6.4e-13   55.1   0.0    11   136    16   152     8   164 0.81 -
WP_049937832.1       -            158 dfra12               -            165   1.3e-12   54.0   0.0   1   1     3e-16   1.6e-12   53.8   0.0     9   135     4   133     1   141 0.87 -
WP_014050489.1       -            156 dfra12               -            165   3.3e-12   52.7   0.0   1   1   7.3e-16   3.8e-12   52.5   0.0     9   143     4   137     1   154 0.93 -
WP_089764396.1       -            166 dfra12               -            165   1.6e-11   50.5   0.0   1   1   3.4e-15   1.8e-11   50.4   0.0    10   128     5   125     1   149 0.85 -
WP_092812598.1       -            167 dfra12               -            165     5e-11   48.9   0.0   1   1   1.1e-14     6e-11   48.6   0.0     8   137     3   134     1   146 0.88 -
#
# Program:         hmmsearch
# Version:         3.1b2 (February 2015)
# Pipeline mode:   SEARCH
# Query file:      /mnt/research/ShadeLab/Dunivin/gene_targeted_assembly/RDPTools/Xander_assembler/gene_resource/dfra12/originaldata/dfra12.hmm
# Target file:     /mnt/research/ShadeLab/Dunivin/hmmsearch/refseq/protein_files/archaea.protein.fa
# Option settings: /opt/software/HMMER/3.1b2--GCC-4.8.3/bin/hmmsearch -o /mnt/research/ShadeLab/Dunivin/hmmsearch/refseq/hmm_outputs/dfra12.archaea.protein.fa.stdout.txt -A /mnt/research/ShadeLab/Dunivin/hmmsearch/refseq/hmm_outputs/dfra12.archaea.protein.fa.alignment.0.0000000001.txt --domtblout /mnt/research/ShadeLab/Dunivin/hmmsearch/refseq/hmm_outputs/dfra12.archaea.protein.fa.0.0000000001.tbl.txt -E 0.0000000001 --cpu 8 /mnt/research/ShadeLab/Dunivin/gene_targeted_assembly/RDPTools/Xander_assembler/gene_resource/dfra12/originaldata/dfra12.hmm /mnt/research/ShadeLab/Dunivin/hmmsearch/refseq/protein_files/archaea.protein.fa 
# Current dir:     /mnt/research/ShadeLab/Dunivin/hmmsearch/bin
# Date:            Wed Jul 25 14:06:03 2018
# [ok]
