#                                                                            --- full sequence --- -------------- this domain -------------   hmm coord   ali coord   env coord
# target name        accession   tlen query name           accession   qlen   E-value  score  bias   #  of  c-Evalue  i-Evalue  score  bias  from    to  from    to  from    to  acc description of target
#------------------- ---------- ----- -------------------- ---------- ----- --------- ------ ----- --- --- --------- --------- ------ ----- ----- ----- ----- ----- ----- ----- ---- ---------------------
NP_775043.1          -            165 dfra12               -            165  5.8e-115  386.4   0.3   1   1  1.7e-118  6.4e-115  386.3   0.3     1   165     1   165     1   165 1.00 -
WP_001083725.1       -            165 dfra12               -            165  5.8e-115  386.4   0.3   1   1  1.7e-118  6.4e-115  386.3   0.3     1   165     1   165     1   165 1.00 -
YP_001096357.1       -            165 dfra12               -            165  5.8e-115  386.4   0.3   1   1  1.7e-118  6.4e-115  386.3   0.3     1   165     1   165     1   165 1.00 -
YP_001551922.1       -            165 dfra12               -            165  5.8e-115  386.4   0.3   1   1  1.7e-118  6.4e-115  386.3   0.3     1   165     1   165     1   165 1.00 -
YP_003813043.1       -            165 dfra12               -            165  5.8e-115  386.4   0.3   1   1  1.7e-118  6.4e-115  386.3   0.3     1   165     1   165     1   165 1.00 -
YP_004032856.1       -            165 dfra12               -            165  5.8e-115  386.4   0.3   1   1  1.7e-118  6.4e-115  386.3   0.3     1   165     1   165     1   165 1.00 -
YP_005351440.1       -            165 dfra12               -            165  5.8e-115  386.4   0.3   1   1  1.7e-118  6.4e-115  386.3   0.3     1   165     1   165     1   165 1.00 -
YP_006939953.1       -            165 dfra12               -            165  5.8e-115  386.4   0.3   1   1  1.7e-118  6.4e-115  386.3   0.3     1   165     1   165     1   165 1.00 -
YP_006953616.1       -            165 dfra12               -            165  5.8e-115  386.4   0.3   1   1  1.7e-118  6.4e-115  386.3   0.3     1   165     1   165     1   165 1.00 -
YP_006953867.1       -            165 dfra12               -            165  5.8e-115  386.4   0.3   1   1  1.7e-118  6.4e-115  386.3   0.3     1   165     1   165     1   165 1.00 -
YP_006964884.1       -            165 dfra12               -            165  5.8e-115  386.4   0.3   1   1  1.7e-118  6.4e-115  386.3   0.3     1   165     1   165     1   165 1.00 -
YP_006964896.1       -            165 dfra12               -            165  5.8e-115  386.4   0.3   1   1  1.7e-118  6.4e-115  386.3   0.3     1   165     1   165     1   165 1.00 -
YP_006965591.1       -            165 dfra12               -            165  5.8e-115  386.4   0.3   1   1  1.7e-118  6.4e-115  386.3   0.3     1   165     1   165     1   165 1.00 -
YP_007173663.1       -            165 dfra12               -            165  5.8e-115  386.4   0.3   1   1  1.7e-118  6.4e-115  386.3   0.3     1   165     1   165     1   165 1.00 -
YP_007349537.1       -            165 dfra12               -            165  5.8e-115  386.4   0.3   1   1  1.7e-118  6.4e-115  386.3   0.3     1   165     1   165     1   165 1.00 -
YP_007969566.1       -            165 dfra12               -            165  5.8e-115  386.4   0.3   1   1  1.7e-118  6.4e-115  386.3   0.3     1   165     1   165     1   165 1.00 -
YP_008146259.1       -            165 dfra12               -            165  5.8e-115  386.4   0.3   1   1  1.7e-118  6.4e-115  386.3   0.3     1   165     1   165     1   165 1.00 -
YP_009066448.1       -            165 dfra12               -            165  5.8e-115  386.4   0.3   1   1  1.7e-118  6.4e-115  386.3   0.3     1   165     1   165     1   165 1.00 -
WP_032492456.1       -            165 dfra12               -            165  1.8e-113  381.5   0.3   1   1  5.5e-117  2.1e-113  381.4   0.3     1   165     1   165     1   165 1.00 -
WP_012221074.1       -            177 dfra12               -            165  7.5e-113  379.5   0.2   1   1  2.3e-116  8.5e-113  379.4   0.2     1   163     1   163     1   165 0.99 -
YP_001598129.1       -            177 dfra12               -            165  7.5e-113  379.5   0.2   1   1  2.3e-116  8.5e-113  379.4   0.2     1   163     1   163     1   165 0.99 -
WP_004187529.1       -            165 dfra12               -            165   2.9e-96  325.6   0.2   1   1  8.8e-100   3.3e-96  325.4   0.2     1   165     1   165     1   165 1.00 -
WP_014342209.1       -            151 dfra12               -            165   1.2e-95  323.6   0.1   1   1   3.8e-99   1.4e-95  323.4   0.1     1   143     1   143     1   147 0.98 -
YP_005221020.1       -            151 dfra12               -            165   1.2e-95  323.6   0.1   1   1   3.8e-99   1.4e-95  323.4   0.1     1   143     1   143     1   147 0.98 -
WP_032667553.1       -            165 dfra12               -            165     7e-95  321.1   0.1   1   1   2.1e-98   7.7e-95  321.0   0.1     1   165     1   165     1   165 1.00 -
WP_012655890.1       -            164 dfra12               -            165   1.8e-45  160.4   0.0   1   1   5.5e-49   2.1e-45  160.2   0.0     8   164     3   158     1   159 0.97 -
WP_025906304.1       -            163 dfra12               -            165   2.1e-45  160.2   0.0   1   1   6.5e-49   2.4e-45  160.0   0.0     8   164     2   157     1   158 0.97 -
WP_106669569.1       -            170 dfra12               -            165   1.3e-41  147.8   0.0   1   1   4.1e-45   1.5e-41  147.6   0.0     8   155     2   148     1   156 0.96 -
WP_037433877.1       -            180 dfra12               -            165   1.2e-40  144.7   0.0   1   1   3.9e-44   1.5e-40  144.4   0.0     8   165     4   162     2   162 0.98 -
WP_049581834.1       -            164 dfra12               -            165   1.3e-32  118.6   0.0   1   1   3.8e-36   1.4e-32  118.5   0.0     8   139     3   136     1   158 0.94 -
WP_006493548.1       -            166 dfra12               -            165   1.4e-31  115.2   0.0   1   1   4.6e-35   1.7e-31  114.9   0.0     9   165     5   166     2   166 0.94 -
WP_024127801.1       -            128 dfra12               -            165   4.8e-31  113.5   0.0   1   1   1.5e-34   5.6e-31  113.3   0.0    43   164     2   122     1   123 0.97 -
YP_008997255.1       -            128 dfra12               -            165   4.8e-31  113.5   0.0   1   1   1.5e-34   5.6e-31  113.3   0.0    43   164     2   122     1   123 0.97 -
YP_008997308.1       -            128 dfra12               -            165   4.8e-31  113.5   0.0   1   1   1.5e-34   5.6e-31  113.3   0.0    43   164     2   122     1   123 0.97 -
WP_012779617.1       -            163 dfra12               -            165   1.5e-30  111.9   0.0   1   1   4.4e-34   1.6e-30  111.8   0.0     7   158     2   154     1   163 0.89 -
YP_003084336.1       -            163 dfra12               -            165   1.5e-30  111.9   0.0   1   1   4.4e-34   1.6e-30  111.8   0.0     7   158     2   154     1   163 0.89 -
YP_003644922.1       -            163 dfra12               -            165   1.5e-30  111.9   0.0   1   1   4.4e-34   1.6e-30  111.8   0.0     7   158     2   154     1   163 0.89 -
YP_004264380.1       -            163 dfra12               -            165   1.5e-30  111.9   0.0   1   1   4.4e-34   1.6e-30  111.8   0.0     7   158     2   154     1   163 0.89 -
YP_008719889.1       -            163 dfra12               -            165   1.5e-30  111.9   0.0   1   1   4.4e-34   1.6e-30  111.8   0.0     7   158     2   154     1   163 0.89 -
WP_000868795.1       -            165 dfra12               -            165   3.4e-30  110.7   0.0   1   1     1e-33   3.7e-30  110.6   0.0     7   164     2   162     1   163 0.89 -
YP_002274348.1       -            165 dfra12               -            165   3.4e-30  110.7   0.0   1   1     1e-33   3.7e-30  110.6   0.0     7   164     2   162     1   163 0.89 -
WP_034655968.1       -            161 dfra12               -            165   8.1e-29  106.3   0.0   1   1   2.3e-32   8.7e-29  106.1   0.0    10   146     5   139     1   159 0.91 -
WP_033637073.1       -            160 dfra12               -            165   8.4e-29  106.2   0.0   1   1   2.6e-32   9.5e-29  106.0   0.0     8   148     3   141     1   155 0.92 -
WP_020277969.1       -            166 dfra12               -            165   1.1e-28  105.8   0.0   1   1   3.5e-32   1.3e-28  105.6   0.0     6   148     5   146     2   164 0.94 -
YP_008119855.1       -            166 dfra12               -            165   1.1e-28  105.8   0.0   1   1   3.5e-32   1.3e-28  105.6   0.0     6   148     5   146     2   164 0.94 -
WP_078223549.1       -            167 dfra12               -            165   4.2e-28  103.9   0.0   1   1   1.4e-31   5.1e-28  103.6   0.0     9   155     5   150     2   161 0.94 -
WP_060498085.1       -            171 dfra12               -            165   1.3e-27  102.3   0.0   1   1     4e-31   1.5e-27  102.1   0.0     5   148     4   154     1   167 0.90 -
WP_063844403.1       -            162 dfra12               -            165   2.1e-27  101.7   0.0   1   1   6.4e-31   2.4e-27  101.5   0.0     8   135     3   129     1   143 0.94 -
WP_011872849.1       -            191 dfra12               -            165   3.4e-27  101.0   0.0   1   1   1.1e-30   4.3e-27  100.7   0.0     7   139    27   162    22   174 0.90 -
YP_001101808.1       -            191 dfra12               -            165   3.4e-27  101.0   0.0   1   1   1.1e-30   4.3e-27  100.7   0.0     7   139    27   162    22   174 0.90 -
WP_000703418.1       -            157 dfra12               -            165     4e-27  100.7   0.0   1   1   1.2e-30   4.3e-27  100.6   0.0     7   160     2   154     1   157 0.92 -
YP_006953993.1       -            157 dfra12               -            165     4e-27  100.7   0.0   1   1   1.2e-30   4.3e-27  100.6   0.0     7   160     2   154     1   157 0.92 -
WP_099147863.1       -            172 dfra12               -            165   4.4e-27  100.6   0.0   1   1   1.4e-30   5.1e-27  100.4   0.0     7   164     2   158     1   159 0.94 -
WP_099595307.1       -            170 dfra12               -            165   6.3e-27  100.1   0.0   1   1   1.8e-30   6.9e-27  100.0   0.0     8   144     2   142     1   166 0.90 -
WP_101087469.1       -            163 dfra12               -            165   7.9e-27   99.8   0.0   1   1   2.3e-30   8.7e-27   99.6   0.0     7   137     2   135     1   160 0.92 -
WP_000964757.1       -            182 dfra12               -            165   8.5e-27   99.7   0.0   1   1   2.6e-30   9.6e-27   99.5   0.0     6   160    26   179    21   182 0.93 -
YP_001816601.1       -            182 dfra12               -            165   8.5e-27   99.7   0.0   1   1   2.6e-30   9.6e-27   99.5   0.0     6   160    26   179    21   182 0.93 -
WP_001389366.1       -            157 dfra12               -            165   9.6e-27   99.5   0.0   1   1   2.8e-30     1e-26   99.4   0.0     7   160     2   154     1   157 0.93 -
WP_001512984.1       -            199 dfra12               -            165   1.1e-26   99.3   0.0   1   1   3.5e-30   1.3e-26   99.1   0.0     6   160    43   196    38   199 0.93 -
YP_003937678.1       -            199 dfra12               -            165   1.1e-26   99.3   0.0   1   1   3.5e-30   1.3e-26   99.1   0.0     6   160    43   196    38   199 0.93 -
WP_000752532.1       -            210 dfra12               -            165   1.3e-26   99.1   0.0   1   1   4.2e-30   1.6e-26   98.8   0.0     6   160    54   207    49   210 0.93 -
YP_009061545.1       -            210 dfra12               -            165   1.3e-26   99.1   0.0   1   1   4.2e-30   1.6e-26   98.8   0.0     6   160    54   207    49   210 0.93 -
WP_012783970.1       -            224 dfra12               -            165   1.5e-26   98.8   0.0   1   1   5.2e-30   1.9e-26   98.5   0.0     6   160    68   221    63   224 0.93 -
YP_003108349.1       -            224 dfra12               -            165   1.5e-26   98.8   0.0   1   1   5.2e-30   1.9e-26   98.5   0.0     6   160    68   221    63   224 0.93 -
WP_013023850.1       -            233 dfra12               -            165   1.7e-26   98.7   0.0   1   1   5.9e-30   2.2e-26   98.3   0.0     6   160    77   230    72   233 0.93 -
YP_003517586.1       -            233 dfra12               -            165   1.7e-26   98.7   0.0   1   1   5.9e-30   2.2e-26   98.3   0.0     6   160    77   230    72   233 0.93 -
WP_063844368.1       -            157 dfra12               -            165   1.9e-26   98.6   0.0   1   1   5.4e-30     2e-26   98.5   0.0     7   160     2   154     1   157 0.93 -
WP_060850666.1       -            164 dfra12               -            165     2e-26   98.5   0.0   1   1   6.8e-30   2.5e-26   98.1   0.0     8   146     6   142     4   153 0.93 -
WP_063844340.1       -            157 dfra12               -            165   2.9e-26   97.9   0.0   1   1   8.4e-30   3.1e-26   97.8   0.0     7   160     2   154     1   157 0.92 -
WP_015058990.1       -            160 dfra12               -            165   3.3e-26   97.8   0.0   1   1   9.4e-30   3.5e-26   97.7   0.0     6   160     4   157     1   160 0.92 -
YP_006953259.1       -            160 dfra12               -            165   3.3e-26   97.8   0.0   1   1   9.4e-30   3.5e-26   97.7   0.0     6   160     4   157     1   160 0.92 -
WP_032488755.1       -            157 dfra12               -            165   5.2e-26   97.1   0.0   1   1   1.5e-29   5.7e-26   97.0   0.0     7   160     2   154     1   157 0.92 -
NP_569370.1          -            160 dfra12               -            165   5.4e-26   97.1   0.0   1   1   1.5e-29   5.7e-26   97.0   0.0     6   160     4   157     1   160 0.92 -
WP_001348218.1       -            160 dfra12               -            165   5.4e-26   97.1   0.0   1   1   1.5e-29   5.7e-26   97.0   0.0     6   160     4   157     1   160 0.92 -
YP_001966228.1       -            160 dfra12               -            165   5.4e-26   97.1   0.0   1   1   1.5e-29   5.7e-26   97.0   0.0     6   160     4   157     1   160 0.92 -
YP_002286929.1       -            160 dfra12               -            165   5.4e-26   97.1   0.0   1   1   1.5e-29   5.7e-26   97.0   0.0     6   160     4   157     1   160 0.92 -
YP_003675798.1       -            160 dfra12               -            165   5.4e-26   97.1   0.0   1   1   1.5e-29   5.7e-26   97.0   0.0     6   160     4   157     1   160 0.92 -
YP_006973755.1       -            160 dfra12               -            165   5.4e-26   97.1   0.0   1   1   1.5e-29   5.7e-26   97.0   0.0     6   160     4   157     1   160 0.92 -
YP_007195373.1       -            160 dfra12               -            165   5.4e-26   97.1   0.0   1   1   1.5e-29   5.7e-26   97.0   0.0     6   160     4   157     1   160 0.92 -
YP_007316691.1       -            160 dfra12               -            165   5.4e-26   97.1   0.0   1   1   1.5e-29   5.7e-26   97.0   0.0     6   160     4   157     1   160 0.92 -
YP_007349450.1       -            160 dfra12               -            165   5.4e-26   97.1   0.0   1   1   1.5e-29   5.7e-26   97.0   0.0     6   160     4   157     1   160 0.92 -
YP_007936888.1       -            160 dfra12               -            165   5.4e-26   97.1   0.0   1   1   1.5e-29   5.7e-26   97.0   0.0     6   160     4   157     1   160 0.92 -
YP_008144989.1       -            160 dfra12               -            165   5.4e-26   97.1   0.0   1   1   1.5e-29   5.7e-26   97.0   0.0     6   160     4   157     1   160 0.92 -
YP_008167114.1       -            160 dfra12               -            165   5.4e-26   97.1   0.0   1   1   1.5e-29   5.7e-26   97.0   0.0     6   160     4   157     1   160 0.92 -
YP_008999100.1       -            160 dfra12               -            165   5.4e-26   97.1   0.0   1   1   1.5e-29   5.7e-26   97.0   0.0     6   160     4   157     1   160 0.92 -
YP_009062884.1       -            160 dfra12               -            165   5.4e-26   97.1   0.0   1   1   1.5e-29   5.7e-26   97.0   0.0     6   160     4   157     1   160 0.92 -
YP_009067807.1       -            160 dfra12               -            165   5.4e-26   97.1   0.0   1   1   1.5e-29   5.7e-26   97.0   0.0     6   160     4   157     1   160 0.92 -
YP_009071436.1       -            160 dfra12               -            165   5.4e-26   97.1   0.0   1   1   1.5e-29   5.7e-26   97.0   0.0     6   160     4   157     1   160 0.92 -
YP_009071754.1       -            160 dfra12               -            165   5.4e-26   97.1   0.0   1   1   1.5e-29   5.7e-26   97.0   0.0     6   160     4   157     1   160 0.92 -
YP_009071771.1       -            160 dfra12               -            165   5.4e-26   97.1   0.0   1   1   1.5e-29   5.7e-26   97.0   0.0     6   160     4   157     1   160 0.92 -
WP_021529707.1       -            157 dfra12               -            165   5.7e-26   97.0   0.0   1   1   1.7e-29   6.2e-26   96.9   0.0     7   160     2   154     1   157 0.92 -
WP_001317507.1       -            157 dfra12               -            165   6.1e-26   96.9   0.0   1   1   1.8e-29   6.6e-26   96.8   0.0     7   160     2   154     1   157 0.93 -
YP_008864016.1       -            157 dfra12               -            165   6.1e-26   96.9   0.0   1   1   1.8e-29   6.6e-26   96.8   0.0     7   160     2   154     1   157 0.93 -
YP_008864683.1       -            157 dfra12               -            165   6.1e-26   96.9   0.0   1   1   1.8e-29   6.6e-26   96.8   0.0     7   160     2   154     1   157 0.93 -
WP_004201280.1       -            157 dfra12               -            165   9.3e-26   96.3   0.0   1   1   2.7e-29     1e-25   96.2   0.0     7   160     2   154     1   157 0.92 -
YP_009061925.1       -            157 dfra12               -            165   9.3e-26   96.3   0.0   1   1   2.7e-29     1e-25   96.2   0.0     7   160     2   154     1   157 0.92 -
WP_032084013.1       -            157 dfra12               -            165     1e-25   96.2   0.0   1   1     3e-29   1.1e-25   96.1   0.0     7   160     2   154     1   157 0.93 -
WP_066570481.1       -            171 dfra12               -            165   1.4e-25   95.8   0.0   1   1   4.4e-29   1.6e-25   95.5   0.0     7   142     2   141     1   150 0.94 -
WP_080626868.1       -            171 dfra12               -            165   1.7e-25   95.4   0.0   1   1   5.3e-29     2e-25   95.2   0.0     9   138     3   130     1   149 0.90 -
WP_015085260.1       -            155 dfra12               -            165   3.4e-25   94.5   0.0   1   1   1.1e-28   4.1e-25   94.2   0.0    14   159     1   147     1   153 0.91 -
YP_007016404.1       -            155 dfra12               -            165   3.4e-25   94.5   0.0   1   1   1.1e-28   4.1e-25   94.2   0.0    14   159     1   147     1   153 0.91 -
WP_032492241.1       -            152 dfra12               -            165   3.9e-25   94.3   0.0   1   1   1.1e-28   4.2e-25   94.2   0.0    12   160     2   149     1   152 0.91 -
WP_011742558.1       -            170 dfra12               -            165   5.8e-25   93.7   0.0   1   1     2e-28   7.4e-25   93.4   0.0     8   149     5   153     2   168 0.89 -
YP_908612.1          -            170 dfra12               -            165   5.8e-25   93.7   0.0   1   1     2e-28   7.4e-25   93.4   0.0     8   149     5   153     2   168 0.89 -
WP_000719074.1       -            152 dfra12               -            165   7.7e-25   93.3   0.0   1   1   2.2e-28   8.3e-25   93.2   0.0    12   160     2   149     1   152 0.92 -
YP_003377825.1       -            152 dfra12               -            165   7.7e-25   93.3   0.0   1   1   2.2e-28   8.3e-25   93.2   0.0    12   160     2   149     1   152 0.92 -
YP_007215134.1       -            152 dfra12               -            165   7.7e-25   93.3   0.0   1   1   2.2e-28   8.3e-25   93.2   0.0    12   160     2   149     1   152 0.92 -
WP_000719073.1       -            152 dfra12               -            165   1.2e-24   92.7   0.0   1   1   3.4e-28   1.3e-24   92.6   0.0    12   160     2   149     1   152 0.92 -
YP_008574968.1       -            152 dfra12               -            165   1.2e-24   92.7   0.0   1   1   3.4e-28   1.3e-24   92.6   0.0    12   160     2   149     1   152 0.92 -
YP_009060567.1       -            152 dfra12               -            165   1.2e-24   92.7   0.0   1   1   3.4e-28   1.3e-24   92.6   0.0    12   160     2   149     1   152 0.92 -
YP_009071467.1       -            152 dfra12               -            165   1.2e-24   92.7   0.0   1   1   3.4e-28   1.3e-24   92.6   0.0    12   160     2   149     1   152 0.92 -
WP_002888320.1       -            159 dfra12               -            165   1.4e-24   92.5   0.0   1   1   4.5e-28   1.7e-24   92.2   0.0     8   158     2   150     1   156 0.92 -
NP_877983.1          -            161 dfra12               -            165   2.9e-24   91.4   0.0   1   1   8.5e-28   3.2e-24   91.3   0.0    10   165     5   160     1   160 0.87 -
NP_976284.1          -            161 dfra12               -            165   2.9e-24   91.4   0.0   1   1   8.5e-28   3.2e-24   91.3   0.0    10   165     5   160     1   160 0.87 -
WP_000175735.1       -            161 dfra12               -            165   2.9e-24   91.4   0.0   1   1   8.5e-28   3.2e-24   91.3   0.0    10   165     5   160     1   160 0.87 -
YP_002790943.1       -            161 dfra12               -            165   2.9e-24   91.4   0.0   1   1   8.5e-28   3.2e-24   91.3   0.0    10   165     5   160     1   160 0.87 -
YP_003813115.1       -            161 dfra12               -            165   2.9e-24   91.4   0.0   1   1   8.5e-28   3.2e-24   91.3   0.0    10   165     5   160     1   160 0.87 -
YP_006937652.1       -            161 dfra12               -            165   2.9e-24   91.4   0.0   1   1   8.5e-28   3.2e-24   91.3   0.0    10   165     5   160     1   160 0.87 -
YP_006937707.1       -            161 dfra12               -            165   2.9e-24   91.4   0.0   1   1   8.5e-28   3.2e-24   91.3   0.0    10   165     5   160     1   160 0.87 -
YP_006938354.1       -            161 dfra12               -            165   2.9e-24   91.4   0.0   1   1   8.5e-28   3.2e-24   91.3   0.0    10   165     5   160     1   160 0.87 -
YP_006938562.1       -            161 dfra12               -            165   2.9e-24   91.4   0.0   1   1   8.5e-28   3.2e-24   91.3   0.0    10   165     5   160     1   160 0.87 -
YP_006939190.1       -            161 dfra12               -            165   2.9e-24   91.4   0.0   1   1   8.5e-28   3.2e-24   91.3   0.0    10   165     5   160     1   160 0.87 -
WP_001749985.1       -            157 dfra12               -            165   3.7e-24   91.1   0.0   1   1   1.1e-27   4.1e-24   91.0   0.0     7   162     2   156     1   157 0.93 -
WP_004729503.1       -            170 dfra12               -            165   4.7e-24   90.7   0.0   1   1   1.3e-27     5e-24   90.7   0.0     3   149     3   155     1   170 0.88 -
WP_032490158.1       -            157 dfra12               -            165   5.3e-24   90.6   0.0   1   1   1.5e-27   5.7e-24   90.5   0.0     7   160     2   154     1   157 0.93 -
WP_011222743.1       -            167 dfra12               -            165   8.2e-24   90.0   0.0   1   1   2.6e-27   9.6e-24   89.8   0.0     6   157     3   161     1   165 0.85 -
WP_000624378.1       -            159 dfra12               -            165   9.4e-24   89.8   0.0   1   1     3e-27   1.1e-23   89.5   0.0     8   158     2   150     1   156 0.91 -
WP_101905916.1       -            157 dfra12               -            165     1e-23   89.6   0.0   1   1     3e-27   1.1e-23   89.5   0.0     7   161     2   155     1   157 0.90 -
WP_063592888.1       -            158 dfra12               -            165   1.1e-23   89.6   0.0   1   1   5.5e-27     2e-23   88.7   0.0    10   135     3   124     1   142 0.88 -
WP_077266070.1       -            152 dfra12               -            165   1.1e-23   89.6   0.0   1   1   3.2e-27   1.2e-23   89.5   0.0    12   160     2   149     1   152 0.91 -
WP_031380727.1       -            170 dfra12               -            165   1.1e-23   89.5   0.0   1   1   3.4e-27   1.3e-23   89.4   0.0     6   147     6   152     1   169 0.87 -
WP_032491181.1       -            169 dfra12               -            165   1.2e-23   89.5   0.0   1   1   4.2e-27   1.6e-23   89.0   0.0     7   142     4   145     2   151 0.88 -
WP_032734165.1       -            158 dfra12               -            165   1.2e-23   89.4   0.0   1   1   4.1e-27   1.5e-23   89.1   0.0    10   150     3   141     1   157 0.86 -
WP_019704561.1       -            158 dfra12               -            165   1.2e-23   89.4   0.0   1   1   4.3e-27   1.6e-23   89.0   0.0    10   150     3   141     1   157 0.86 -
WP_040203768.1       -            158 dfra12               -            165   1.8e-23   88.8   0.0   1   1   6.8e-27   2.5e-23   88.4   0.0    10   137     3   128     1   145 0.86 -
WP_000703246.1       -            157 dfra12               -            165   1.9e-23   88.8   0.0   1   1   5.7e-27   2.1e-23   88.6   0.0     7   162     2   156     1   157 0.92 -
YP_002455775.1       -            157 dfra12               -            165   1.9e-23   88.8   0.0   1   1   5.7e-27   2.1e-23   88.6   0.0     7   162     2   156     1   157 0.92 -
YP_008047251.1       -            157 dfra12               -            165   1.9e-23   88.8   0.0   1   1   5.7e-27   2.1e-23   88.6   0.0     7   162     2   156     1   157 0.92 -
WP_032440507.1       -            158 dfra12               -            165   2.1e-23   88.6   0.0   1   1   7.9e-27   2.9e-23   88.2   0.0    10   137     3   128     1   145 0.86 -
WP_023279502.1       -            158 dfra12               -            165   2.1e-23   88.6   0.0   1   1   7.9e-27   2.9e-23   88.2   0.0    10   137     3   128     1   145 0.86 -
WP_014342177.1       -            156 dfra12               -            165   2.2e-23   88.6   0.0   1   1   7.7e-27   2.9e-23   88.2   0.0    10   150     1   139     1   155 0.86 -
YP_005220932.1       -            156 dfra12               -            165   2.2e-23   88.6   0.0   1   1   7.7e-27   2.9e-23   88.2   0.0    10   150     1   139     1   155 0.86 -
WP_063844364.1       -            157 dfra12               -            165   3.8e-23   87.8   0.0   1   1   1.1e-26   4.1e-23   87.7   0.0     7   160     2   154     1   157 0.93 -
WP_032491316.1       -            157 dfra12               -            165     4e-23   87.7   0.0   1   1   1.2e-26   4.4e-23   87.6   0.0     7   160     2   154     1   157 0.93 -
NP_569589.1          -            158 dfra12               -            165   4.6e-23   87.5   0.0   1   1   2.1e-26     8e-23   86.8   0.0    10   146     3   137     1   145 0.86 -
WP_000781812.1       -            158 dfra12               -            165   4.6e-23   87.5   0.0   1   1   2.1e-26     8e-23   86.8   0.0    10   146     3   137     1   145 0.86 -
YP_009328755.1       -            158 dfra12               -            165   4.6e-23   87.5   0.0   1   1   2.1e-26     8e-23   86.8   0.0    10   146     3   137     1   145 0.86 -
WP_099751991.1       -            158 dfra12               -            165   6.1e-23   87.1   0.0   1   1   2.2e-26   8.2e-23   86.7   0.0    10   138     3   129     1   151 0.86 -
WP_032423042.1       -            158 dfra12               -            165   6.4e-23   87.1   0.0   1   1   2.4e-26   8.9e-23   86.6   0.0    10   137     3   128     1   145 0.86 -
WP_047722245.1       -            158 dfra12               -            165     7e-23   86.9   0.0   1   1   3.1e-26   1.2e-22   86.2   0.0    10   146     3   137     1   145 0.86 -
WP_022649916.1       -            158 dfra12               -            165   9.1e-23   86.6   0.0   1   1   4.2e-26   1.6e-22   85.8   0.0    10   146     3   137     1   145 0.86 -
WP_087749599.1       -            158 dfra12               -            165   1.3e-22   86.1   0.0   1   1   4.8e-26   1.8e-22   85.6   0.0    10   137     3   128     1   145 0.86 -
WP_046882085.1       -            158 dfra12               -            165   1.4e-22   86.0   0.0   1   1   5.3e-26     2e-22   85.5   0.0    10   137     3   128     1   145 0.86 -
WP_014031190.1       -            165 dfra12               -            165   1.4e-22   85.9   0.0   1   1   4.3e-26   1.6e-22   85.8   0.0     7   138     2   138     1   161 0.87 -
WP_061811564.1       -            157 dfra12               -            165   1.9e-22   85.6   0.0   1   1   5.4e-26     2e-22   85.5   0.0     8   160     3   154     1   157 0.91 -
WP_029590259.1       -            158 dfra12               -            165   2.3e-22   85.3   0.0   1   1   9.1e-26   3.4e-22   84.7   0.0    10   140     3   129     1   144 0.86 -
WP_005742812.1       -            172 dfra12               -            165   2.4e-22   85.2   0.0   1   1   7.5e-26   2.8e-22   85.0   0.0     3   134     2   131     1   155 0.91 -
WP_064343503.1       -            158 dfra12               -            165   2.5e-22   85.1   0.0   1   1   1.2e-25   4.4e-22   84.3   0.0    10   145     3   136     1   144 0.86 -
WP_040120279.1       -            158 dfra12               -            165   2.7e-22   85.1   0.0   1   1   1.3e-25   4.9e-22   84.2   0.0    10   145     3   136     1   144 0.86 -
WP_001830196.1       -            157 dfra12               -            165   5.8e-22   84.0   0.0   1   1   1.8e-25   6.6e-22   83.8   0.0     7   157     2   151     1   156 0.87 -
WP_078207888.1       -            158 dfra12               -            165   6.7e-22   83.7   0.0   1   1   3.2e-25   1.2e-21   82.9   0.0    10   148     3   137     1   146 0.86 -
WP_000777555.1       -            157 dfra12               -            165   6.7e-22   83.7   0.0   1   1   1.9e-25   7.3e-22   83.6   0.0     8   160     3   154     1   157 0.91 -
YP_002527542.1       -            157 dfra12               -            165   6.7e-22   83.7   0.0   1   1   1.9e-25   7.3e-22   83.6   0.0     8   160     3   154     1   157 0.91 -
YP_003264404.1       -            157 dfra12               -            165   6.7e-22   83.7   0.0   1   1   1.9e-25   7.3e-22   83.6   0.0     8   160     3   154     1   157 0.91 -
YP_003813050.1       -            157 dfra12               -            165   6.7e-22   83.7   0.0   1   1   1.9e-25   7.3e-22   83.6   0.0     8   160     3   154     1   157 0.91 -
YP_003813063.1       -            157 dfra12               -            165   6.7e-22   83.7   0.0   1   1   1.9e-25   7.3e-22   83.6   0.0     8   160     3   154     1   157 0.91 -
YP_006162239.1       -            157 dfra12               -            165   6.7e-22   83.7   0.0   1   1   1.9e-25   7.3e-22   83.6   0.0     8   160     3   154     1   157 0.91 -
YP_006957932.1       -            157 dfra12               -            165   6.7e-22   83.7   0.0   1   1   1.9e-25   7.3e-22   83.6   0.0     8   160     3   154     1   157 0.91 -
YP_006965575.1       -            157 dfra12               -            165   6.7e-22   83.7   0.0   1   1   1.9e-25   7.3e-22   83.6   0.0     8   160     3   154     1   157 0.91 -
YP_008130452.1       -            157 dfra12               -            165   6.7e-22   83.7   0.0   1   1   1.9e-25   7.3e-22   83.6   0.0     8   160     3   154     1   157 0.91 -
YP_008998375.1       -            157 dfra12               -            165   6.7e-22   83.7   0.0   1   1   1.9e-25   7.3e-22   83.6   0.0     8   160     3   154     1   157 0.91 -
YP_009061438.1       -            157 dfra12               -            165   6.7e-22   83.7   0.0   1   1   1.9e-25   7.3e-22   83.6   0.0     8   160     3   154     1   157 0.91 -
YP_009061695.1       -            157 dfra12               -            165   6.7e-22   83.7   0.0   1   1   1.9e-25   7.3e-22   83.6   0.0     8   160     3   154     1   157 0.91 -
YP_009062579.1       -            157 dfra12               -            165   6.7e-22   83.7   0.0   1   1   1.9e-25   7.3e-22   83.6   0.0     8   160     3   154     1   157 0.91 -
YP_009068296.1       -            157 dfra12               -            165   6.7e-22   83.7   0.0   1   1   1.9e-25   7.3e-22   83.6   0.0     8   160     3   154     1   157 0.91 -
YP_009068490.1       -            157 dfra12               -            165   6.7e-22   83.7   0.0   1   1   1.9e-25   7.3e-22   83.6   0.0     8   160     3   154     1   157 0.91 -
YP_009070798.1       -            157 dfra12               -            165   6.7e-22   83.7   0.0   1   1   1.9e-25   7.3e-22   83.6   0.0     8   160     3   154     1   157 0.91 -
YP_009328655.1       -            157 dfra12               -            165   6.7e-22   83.7   0.0   1   1   1.9e-25   7.3e-22   83.6   0.0     8   160     3   154     1   157 0.91 -
WP_053900138.1       -            158 dfra12               -            165   6.8e-22   83.7   0.0   1   1   3.7e-25   1.4e-21   82.7   0.0    10   148     3   137     1   146 0.86 -
WP_073503557.1       -            158 dfra12               -            165   7.4e-22   83.6   0.0   1   1   3.4e-25   1.3e-21   82.8   0.0    10   148     3   137     1   144 0.86 -
WP_014962281.1       -            158 dfra12               -            165   8.6e-22   83.4   0.0   1   1   4.8e-25   1.8e-21   82.4   0.0    10   149     3   138     1   145 0.88 -
YP_009023920.1       -            158 dfra12               -            165   8.6e-22   83.4   0.0   1   1   4.8e-25   1.8e-21   82.4   0.0    10   149     3   138     1   145 0.88 -
WP_074014819.1       -            158 dfra12               -            165   9.9e-22   83.2   0.0   1   1   4.6e-25   1.7e-21   82.4   0.0    10   146     3   137     1   145 0.86 -
WP_003640578.1       -            163 dfra12               -            165   1.1e-21   83.1   0.0   1   1     3e-25   1.1e-21   83.0   0.0     8   147     2   143     1   163 0.86 -
WP_053764311.1       -            158 dfra12               -            165   1.1e-21   83.0   0.0   1   1   3.2e-25   1.2e-21   82.9   0.0     6   160     2   155     1   158 0.92 -
YP_009163989.1       -            158 dfra12               -            165   1.1e-21   83.0   0.0   1   1   3.2e-25   1.2e-21   82.9   0.0     6   160     2   155     1   158 0.92 -
WP_015345005.1       -            158 dfra12               -            165   1.2e-21   83.0   0.0   1   1   3.5e-25   1.3e-21   82.8   0.0    12   136     2   126     1   148 0.89 -
YP_007349716.1       -            158 dfra12               -            165   1.2e-21   83.0   0.0   1   1   3.5e-25   1.3e-21   82.8   0.0    12   136     2   126     1   148 0.89 -
WP_000781810.1       -            158 dfra12               -            165   1.4e-21   82.8   0.0   1   1   7.4e-25   2.8e-21   81.8   0.0    10   148     3   137     1   146 0.86 -
YP_002519364.1       -            158 dfra12               -            165   1.4e-21   82.8   0.0   1   1   7.4e-25   2.8e-21   81.8   0.0    10   148     3   137     1   146 0.86 -
WP_022644974.1       -            158 dfra12               -            165   1.5e-21   82.6   0.0   1   1   8.3e-25   3.1e-21   81.6   0.0    10   148     3   137     1   146 0.86 -
WP_001355915.1       -            157 dfra12               -            165   1.8e-21   82.3   0.0   1   1   5.7e-25   2.1e-21   82.1   0.0     7   158     2   152     1   156 0.88 -
NP_065309.1          -            157 dfra12               -            165   2.6e-21   81.8   0.0   1   1   7.6e-25   2.8e-21   81.7   0.0     8   160     3   154     1   157 0.92 -
WP_000777554.1       -            157 dfra12               -            165   2.6e-21   81.8   0.0   1   1   7.6e-25   2.8e-21   81.7   0.0     8   160     3   154     1   157 0.92 -
YP_004422906.1       -            157 dfra12               -            165   2.6e-21   81.8   0.0   1   1   7.6e-25   2.8e-21   81.7   0.0     8   160     3   154     1   157 0.92 -
YP_006961167.1       -            157 dfra12               -            165   2.6e-21   81.8   0.0   1   1   7.6e-25   2.8e-21   81.7   0.0     8   160     3   154     1   157 0.92 -
YP_190212.1          -            157 dfra12               -            165   2.6e-21   81.8   0.0   1   1   7.6e-25   2.8e-21   81.7   0.0     8   160     3   154     1   157 0.92 -
YP_758710.1          -            157 dfra12               -            165   2.6e-21   81.8   0.0   1   1   7.6e-25   2.8e-21   81.7   0.0     8   160     3   154     1   157 0.92 -
WP_011831584.1       -            259 dfra12               -            165   2.8e-21   81.7   0.0   1   1   9.5e-25   3.5e-21   81.4   0.0     9   156     4   154     1   165 0.87 -
WP_000225779.1       -            152 dfra12               -            165   4.4e-21   81.1   0.0   1   1   1.3e-24   4.7e-21   81.0   0.0    12   160     2   149     1   152 0.91 -
YP_001746867.1       -            152 dfra12               -            165   4.4e-21   81.1   0.0   1   1   1.3e-24   4.7e-21   81.0   0.0    12   160     2   149     1   152 0.91 -
WP_000225778.1       -            152 dfra12               -            165   1.7e-20   79.2   0.0   1   1     5e-24   1.8e-20   79.1   0.0    12   160     2   149     1   152 0.91 -
YP_007447593.1       -            152 dfra12               -            165   1.7e-20   79.2   0.0   1   1     5e-24   1.8e-20   79.1   0.0    12   160     2   149     1   152 0.91 -
WP_086371372.1       -            170 dfra12               -            165   1.8e-20   79.1   0.0   1   1     6e-24   2.2e-20   78.8   0.0     7   142     4   145     2   165 0.89 -
WP_096097038.1       -            158 dfra12               -            165   2.7e-20   78.5   0.0   1   1   1.5e-23   5.5e-20   77.5   0.0    10   148     3   137     1   146 0.86 -
WP_024160936.1       -            168 dfra12               -            165   2.8e-20   78.5   0.0   1   1   8.5e-24   3.2e-20   78.3   0.0     7   142     2   143     1   163 0.89 -
WP_085429203.1       -            176 dfra12               -            165   7.4e-20   77.1   0.0   1   1   2.3e-23   8.7e-20   76.9   0.0     6   143    13   151     7   159 0.85 -
WP_070180838.1       -            127 dfra12               -            165   2.7e-19   75.3   0.0   1   1   7.9e-23     3e-19   75.2   0.0     7   131     2   126     1   127 0.92 -
WP_060594333.1       -            171 dfra12               -            165   3.5e-19   74.9   0.0   1   1     1e-22   3.8e-19   74.8   0.0     8   136    10   139     1   165 0.92 -
WP_076752018.1       -            158 dfra12               -            165   3.6e-19   74.9   0.0   1   1     2e-22   7.3e-19   73.9   0.0    10   146     3   136     1   142 0.85 -
WP_079239577.1       -            168 dfra12               -            165     4e-19   74.7   0.0   1   1   2.3e-22   8.7e-19   73.6   0.0     8   143     7   152     3   163 0.83 -
WP_005640098.1       -            160 dfra12               -            165   4.4e-19   74.6   0.0   1   1   1.3e-22     5e-19   74.4   0.0     8   143     2   137     1   154 0.88 -
WP_087804815.1       -            163 dfra12               -            165   5.6e-19   74.2   0.0   1   1   1.7e-22   6.3e-19   74.1   0.0    10   137     3   130     1   159 0.88 -
WP_009484859.1       -            160 dfra12               -            165   7.2e-19   73.9   0.0   1   1   2.9e-22   1.1e-18   73.3   0.0    10   144     3   136     1   148 0.83 -
WP_000571065.1       -            169 dfra12               -            165   3.9e-18   71.5   0.0   1   1   1.2e-21   4.4e-18   71.4   0.0     9   136     5   140     1   162 0.86 -
YP_001569075.1       -            169 dfra12               -            165   3.9e-18   71.5   0.0   1   1   1.2e-21   4.4e-18   71.4   0.0     9   136     5   140     1   162 0.86 -
WP_052959170.1       -            158 dfra12               -            165     4e-18   71.5   0.0   1   1   1.7e-21   6.3e-18   70.8   0.0    10   147     3   137     1   151 0.84 -
WP_082321317.1       -            118 dfra12               -            165     6e-18   70.9   0.0   1   1   1.9e-21   7.1e-18   70.7   0.0    60   165     4   110     2   110 0.96 -
WP_086898905.1       -            105 dfra12               -            165   1.9e-17   69.3   0.1   1   1   5.5e-21   2.1e-17   69.2   0.1    12   115     2   105     1   105 0.91 -
WP_012622913.1       -            181 dfra12               -            165   2.2e-17   69.1   0.0   1   1   6.9e-21   2.6e-17   68.9   0.0     8   145     8   151     1   158 0.85 -
WP_089423129.1       -            158 dfra12               -            165   9.7e-17   67.0   0.0   1   1   2.9e-20   1.1e-16   66.8   0.0     8   138     2   132     1   151 0.92 -
WP_014568348.1       -            167 dfra12               -            165   1.8e-15   62.9   0.0   1   1   5.3e-19     2e-15   62.7   0.0    11   147     5   147     1   167 0.81 -
WP_069052634.1       -            169 dfra12               -            165   1.9e-15   62.8   0.0   1   1   5.9e-19   2.2e-15   62.6   0.0     7   149     2   145     1   151 0.93 -
WP_000624473.1       -            172 dfra12               -            165     3e-14   58.9   0.0   1   1   1.6e-17   5.8e-14   57.9   0.0     8   141     2   145     1   154 0.82 -
WP_085782729.1       -            172 dfra12               -            165   1.4e-13   56.7   0.0   1   1   8.2e-17   3.1e-13   55.6   0.0     8   141     2   145     1   155 0.82 -
WP_024266338.1       -            150 dfra12               -            165   2.6e-13   55.8   0.0   1   1   7.6e-17   2.8e-13   55.7   0.0     5    83     9    86     5   133 0.88 -
YP_009023553.1       -            150 dfra12               -            165   2.6e-13   55.8   0.0   1   1   7.6e-17   2.8e-13   55.7   0.0     5    83     9    86     5   133 0.88 -
WP_015059620.1       -             68 dfra12               -            165   6.4e-13   54.5   0.0   1   1   1.8e-16   6.8e-13   54.5   0.0     7    69     2    63     1    67 0.93 -
YP_006956899.1       -             68 dfra12               -            165   6.4e-13   54.5   0.0   1   1   1.8e-16   6.8e-13   54.5   0.0     7    69     2    63     1    67 0.93 -
WP_069954166.1       -            186 dfra12               -            165   7.4e-13   54.4   0.0   1   1   2.5e-16   9.3e-13   54.0   0.0     6   151     8   165     4   179 0.81 -
WP_024266188.1       -            141 dfra12               -            165   1.2e-12   53.6   0.0   1   1   3.3e-16   1.2e-12   53.6   0.0     7    83     2    77     1   125 0.88 -
YP_009023102.1       -            141 dfra12               -            165   1.2e-12   53.6   0.0   1   1   3.3e-16   1.2e-12   53.6   0.0     7    83     2    77     1   125 0.88 -
YP_009023191.1       -            141 dfra12               -            165   1.2e-12   53.6   0.0   1   1   3.3e-16   1.2e-12   53.6   0.0     7    83     2    77     1   125 0.88 -
WP_074325914.1       -            189 dfra12               -            165   1.3e-12   53.6   0.0   1   1     8e-16     3e-12   52.4   0.0    11   125    18   145    10   152 0.80 -
WP_082029197.1       -            224 dfra12               -            165   1.1e-11   50.5   0.0   1   1     4e-15   1.5e-11   50.1   0.0     9   134    24   154    19   176 0.86 -
#
# Program:         hmmsearch
# Version:         3.1b2 (February 2015)
# Pipeline mode:   SEARCH
# Query file:      /mnt/research/ShadeLab/Dunivin/gene_targeted_assembly/RDPTools/Xander_assembler/gene_resource/dfra12/originaldata/dfra12.hmm
# Target file:     /mnt/research/ShadeLab/Dunivin/hmmsearch/refseq/protein_files/plasmid.protein.fa
# Option settings: /opt/software/HMMER/3.1b2--GCC-4.8.3/bin/hmmsearch -o /mnt/research/ShadeLab/Dunivin/hmmsearch/refseq/hmm_outputs/dfra12.plasmid.protein.fa.stdout.txt -A /mnt/research/ShadeLab/Dunivin/hmmsearch/refseq/hmm_outputs/dfra12.plasmid.protein.fa.alignment.0.0000000001.txt --domtblout /mnt/research/ShadeLab/Dunivin/hmmsearch/refseq/hmm_outputs/dfra12.plasmid.protein.fa.0.0000000001.tbl.txt -E 0.0000000001 --cpu 8 /mnt/research/ShadeLab/Dunivin/gene_targeted_assembly/RDPTools/Xander_assembler/gene_resource/dfra12/originaldata/dfra12.hmm /mnt/research/ShadeLab/Dunivin/hmmsearch/refseq/protein_files/plasmid.protein.fa 
# Current dir:     /mnt/research/ShadeLab/Dunivin/hmmsearch/bin
# Date:            Wed Jul 25 14:08:00 2018
# [ok]
