#                                                                            --- full sequence --- -------------- this domain -------------   hmm coord   ali coord   env coord
# target name        accession   tlen query name           accession   qlen   E-value  score  bias   #  of  c-Evalue  i-Evalue  score  bias  from    to  from    to  from    to  acc description of target
#------------------- ---------- ----- -------------------- ---------- ----- --------- ------ ----- --- --- --------- --------- ------ ----- ----- ----- ----- ----- ----- ----- ---- ---------------------
NP_065309.1          -            157 dfra1                -            157  5.3e-109  366.6   0.3   1   1  1.4e-112  5.9e-109  366.5   0.3     1   157     1   157     1   157 1.00 -
WP_000777554.1       -            157 dfra1                -            157  5.3e-109  366.6   0.3   1   1  1.4e-112  5.9e-109  366.5   0.3     1   157     1   157     1   157 1.00 -
YP_004422906.1       -            157 dfra1                -            157  5.3e-109  366.6   0.3   1   1  1.4e-112  5.9e-109  366.5   0.3     1   157     1   157     1   157 1.00 -
YP_006961167.1       -            157 dfra1                -            157  5.3e-109  366.6   0.3   1   1  1.4e-112  5.9e-109  366.5   0.3     1   157     1   157     1   157 1.00 -
YP_190212.1          -            157 dfra1                -            157  5.3e-109  366.6   0.3   1   1  1.4e-112  5.9e-109  366.5   0.3     1   157     1   157     1   157 1.00 -
YP_758710.1          -            157 dfra1                -            157  5.3e-109  366.6   0.3   1   1  1.4e-112  5.9e-109  366.5   0.3     1   157     1   157     1   157 1.00 -
WP_000777555.1       -            157 dfra1                -            157  5.6e-109  366.5   0.3   1   1  1.5e-112  6.3e-109  366.4   0.3     1   157     1   157     1   157 1.00 -
YP_002527542.1       -            157 dfra1                -            157  5.6e-109  366.5   0.3   1   1  1.5e-112  6.3e-109  366.4   0.3     1   157     1   157     1   157 1.00 -
YP_003264404.1       -            157 dfra1                -            157  5.6e-109  366.5   0.3   1   1  1.5e-112  6.3e-109  366.4   0.3     1   157     1   157     1   157 1.00 -
YP_003813050.1       -            157 dfra1                -            157  5.6e-109  366.5   0.3   1   1  1.5e-112  6.3e-109  366.4   0.3     1   157     1   157     1   157 1.00 -
YP_003813063.1       -            157 dfra1                -            157  5.6e-109  366.5   0.3   1   1  1.5e-112  6.3e-109  366.4   0.3     1   157     1   157     1   157 1.00 -
YP_006162239.1       -            157 dfra1                -            157  5.6e-109  366.5   0.3   1   1  1.5e-112  6.3e-109  366.4   0.3     1   157     1   157     1   157 1.00 -
YP_006957932.1       -            157 dfra1                -            157  5.6e-109  366.5   0.3   1   1  1.5e-112  6.3e-109  366.4   0.3     1   157     1   157     1   157 1.00 -
YP_006965575.1       -            157 dfra1                -            157  5.6e-109  366.5   0.3   1   1  1.5e-112  6.3e-109  366.4   0.3     1   157     1   157     1   157 1.00 -
YP_008130452.1       -            157 dfra1                -            157  5.6e-109  366.5   0.3   1   1  1.5e-112  6.3e-109  366.4   0.3     1   157     1   157     1   157 1.00 -
YP_008998375.1       -            157 dfra1                -            157  5.6e-109  366.5   0.3   1   1  1.5e-112  6.3e-109  366.4   0.3     1   157     1   157     1   157 1.00 -
YP_009061438.1       -            157 dfra1                -            157  5.6e-109  366.5   0.3   1   1  1.5e-112  6.3e-109  366.4   0.3     1   157     1   157     1   157 1.00 -
YP_009061695.1       -            157 dfra1                -            157  5.6e-109  366.5   0.3   1   1  1.5e-112  6.3e-109  366.4   0.3     1   157     1   157     1   157 1.00 -
YP_009062579.1       -            157 dfra1                -            157  5.6e-109  366.5   0.3   1   1  1.5e-112  6.3e-109  366.4   0.3     1   157     1   157     1   157 1.00 -
YP_009068296.1       -            157 dfra1                -            157  5.6e-109  366.5   0.3   1   1  1.5e-112  6.3e-109  366.4   0.3     1   157     1   157     1   157 1.00 -
YP_009068490.1       -            157 dfra1                -            157  5.6e-109  366.5   0.3   1   1  1.5e-112  6.3e-109  366.4   0.3     1   157     1   157     1   157 1.00 -
YP_009070798.1       -            157 dfra1                -            157  5.6e-109  366.5   0.3   1   1  1.5e-112  6.3e-109  366.4   0.3     1   157     1   157     1   157 1.00 -
YP_009328655.1       -            157 dfra1                -            157  5.6e-109  366.5   0.3   1   1  1.5e-112  6.3e-109  366.4   0.3     1   157     1   157     1   157 1.00 -
WP_053764311.1       -            158 dfra1                -            157  1.5e-108  365.2   0.3   1   1  4.2e-112  1.7e-108  365.0   0.3     1   157     2   158     2   158 0.99 -
YP_009163989.1       -            158 dfra1                -            157  1.5e-108  365.2   0.3   1   1  4.2e-112  1.7e-108  365.0   0.3     1   157     2   158     2   158 0.99 -
WP_061811564.1       -            157 dfra1                -            157  5.1e-108  363.4   0.4   1   1  1.4e-111  5.6e-108  363.3   0.4     1   157     1   157     1   157 1.00 -
WP_000225778.1       -            152 dfra1                -            157  5.1e-106  356.9   0.3   1   1  1.4e-109  5.6e-106  356.8   0.3     6   157     1   152     1   152 1.00 -
YP_007447593.1       -            152 dfra1                -            157  5.1e-106  356.9   0.3   1   1  1.4e-109  5.6e-106  356.8   0.3     6   157     1   152     1   152 1.00 -
WP_000225779.1       -            152 dfra1                -            157  5.5e-106  356.8   0.4   1   1  1.5e-109  6.1e-106  356.7   0.4     6   157     1   152     1   152 1.00 -
YP_001746867.1       -            152 dfra1                -            157  5.5e-106  356.8   0.4   1   1  1.5e-109  6.1e-106  356.7   0.4     6   157     1   152     1   152 1.00 -
WP_001355915.1       -            157 dfra1                -            157   1.2e-99  336.2   0.2   1   1  3.4e-103   1.4e-99  336.0   0.2     1   157     1   157     1   157 1.00 -
WP_001830196.1       -            157 dfra1                -            157   4.1e-98  331.3   0.1   1   1  1.1e-101   4.5e-98  331.1   0.1     1   157     1   157     1   157 1.00 -
WP_032490158.1       -            157 dfra1                -            157   5.7e-87  295.1   0.2   1   1   1.5e-90   6.3e-87  294.9   0.2     1   156     1   156     1   157 0.99 -
WP_032491316.1       -            157 dfra1                -            157   4.2e-86  292.2   0.2   1   1   1.1e-89   4.6e-86  292.1   0.2     1   156     1   156     1   157 0.99 -
WP_063844364.1       -            157 dfra1                -            157   4.4e-85  288.9   0.2   1   1   1.2e-88   4.9e-85  288.8   0.2     1   156     1   156     1   157 0.99 -
WP_001317507.1       -            157 dfra1                -            157   2.8e-81  276.6   0.0   1   1   7.5e-85   3.1e-81  276.4   0.0     1   157     1   157     1   157 1.00 -
YP_008864016.1       -            157 dfra1                -            157   2.8e-81  276.6   0.0   1   1   7.5e-85   3.1e-81  276.4   0.0     1   157     1   157     1   157 1.00 -
YP_008864683.1       -            157 dfra1                -            157   2.8e-81  276.6   0.0   1   1   7.5e-85   3.1e-81  276.4   0.0     1   157     1   157     1   157 1.00 -
WP_000719074.1       -            152 dfra1                -            157   9.3e-79  268.4   0.0   1   1   2.5e-82     1e-78  268.2   0.0     6   157     1   152     1   152 0.99 -
YP_003377825.1       -            152 dfra1                -            157   9.3e-79  268.4   0.0   1   1   2.5e-82     1e-78  268.2   0.0     6   157     1   152     1   152 0.99 -
YP_007215134.1       -            152 dfra1                -            157   9.3e-79  268.4   0.0   1   1   2.5e-82     1e-78  268.2   0.0     6   157     1   152     1   152 0.99 -
WP_001749985.1       -            157 dfra1                -            157   2.7e-78  266.9   0.0   1   1   7.3e-82     3e-78  266.7   0.0     1   157     1   157     1   157 1.00 -
WP_032492241.1       -            152 dfra1                -            157     1e-77  265.0   0.0   1   1   2.8e-81   1.1e-77  264.8   0.0     6   157     1   152     1   152 0.99 -
WP_004201280.1       -            157 dfra1                -            157   1.2e-77  264.8   0.0   1   1   3.1e-81   1.3e-77  264.7   0.0     1   157     1   157     1   157 1.00 -
YP_009061925.1       -            157 dfra1                -            157   1.2e-77  264.8   0.0   1   1   3.1e-81   1.3e-77  264.7   0.0     1   157     1   157     1   157 1.00 -
NP_569370.1          -            160 dfra1                -            157   3.1e-77  263.4   0.0   1   1   8.5e-81   3.5e-77  263.3   0.0     1   157     4   160     4   160 0.99 -
WP_001348218.1       -            160 dfra1                -            157   3.1e-77  263.4   0.0   1   1   8.5e-81   3.5e-77  263.3   0.0     1   157     4   160     4   160 0.99 -
YP_001966228.1       -            160 dfra1                -            157   3.1e-77  263.4   0.0   1   1   8.5e-81   3.5e-77  263.3   0.0     1   157     4   160     4   160 0.99 -
YP_002286929.1       -            160 dfra1                -            157   3.1e-77  263.4   0.0   1   1   8.5e-81   3.5e-77  263.3   0.0     1   157     4   160     4   160 0.99 -
YP_003675798.1       -            160 dfra1                -            157   3.1e-77  263.4   0.0   1   1   8.5e-81   3.5e-77  263.3   0.0     1   157     4   160     4   160 0.99 -
YP_006973755.1       -            160 dfra1                -            157   3.1e-77  263.4   0.0   1   1   8.5e-81   3.5e-77  263.3   0.0     1   157     4   160     4   160 0.99 -
YP_007195373.1       -            160 dfra1                -            157   3.1e-77  263.4   0.0   1   1   8.5e-81   3.5e-77  263.3   0.0     1   157     4   160     4   160 0.99 -
YP_007316691.1       -            160 dfra1                -            157   3.1e-77  263.4   0.0   1   1   8.5e-81   3.5e-77  263.3   0.0     1   157     4   160     4   160 0.99 -
YP_007349450.1       -            160 dfra1                -            157   3.1e-77  263.4   0.0   1   1   8.5e-81   3.5e-77  263.3   0.0     1   157     4   160     4   160 0.99 -
YP_007936888.1       -            160 dfra1                -            157   3.1e-77  263.4   0.0   1   1   8.5e-81   3.5e-77  263.3   0.0     1   157     4   160     4   160 0.99 -
YP_008144989.1       -            160 dfra1                -            157   3.1e-77  263.4   0.0   1   1   8.5e-81   3.5e-77  263.3   0.0     1   157     4   160     4   160 0.99 -
YP_008167114.1       -            160 dfra1                -            157   3.1e-77  263.4   0.0   1   1   8.5e-81   3.5e-77  263.3   0.0     1   157     4   160     4   160 0.99 -
YP_008999100.1       -            160 dfra1                -            157   3.1e-77  263.4   0.0   1   1   8.5e-81   3.5e-77  263.3   0.0     1   157     4   160     4   160 0.99 -
YP_009062884.1       -            160 dfra1                -            157   3.1e-77  263.4   0.0   1   1   8.5e-81   3.5e-77  263.3   0.0     1   157     4   160     4   160 0.99 -
YP_009067807.1       -            160 dfra1                -            157   3.1e-77  263.4   0.0   1   1   8.5e-81   3.5e-77  263.3   0.0     1   157     4   160     4   160 0.99 -
YP_009071436.1       -            160 dfra1                -            157   3.1e-77  263.4   0.0   1   1   8.5e-81   3.5e-77  263.3   0.0     1   157     4   160     4   160 0.99 -
YP_009071754.1       -            160 dfra1                -            157   3.1e-77  263.4   0.0   1   1   8.5e-81   3.5e-77  263.3   0.0     1   157     4   160     4   160 0.99 -
YP_009071771.1       -            160 dfra1                -            157   3.1e-77  263.4   0.0   1   1   8.5e-81   3.5e-77  263.3   0.0     1   157     4   160     4   160 0.99 -
WP_021529707.1       -            157 dfra1                -            157   6.4e-77  262.4   0.0   1   1   1.7e-80   7.1e-77  262.2   0.0     1   157     1   157     1   157 1.00 -
WP_015058990.1       -            160 dfra1                -            157   1.7e-76  261.0   0.0   1   1   4.7e-80   1.9e-76  260.8   0.0     1   157     4   160     4   160 0.99 -
YP_006953259.1       -            160 dfra1                -            157   1.7e-76  261.0   0.0   1   1   4.7e-80   1.9e-76  260.8   0.0     1   157     4   160     4   160 0.99 -
WP_077266070.1       -            152 dfra1                -            157   3.8e-76  259.9   0.0   1   1     1e-79   4.2e-76  259.7   0.0     6   157     1   152     1   152 0.99 -
WP_000703418.1       -            157 dfra1                -            157   7.6e-76  258.9   0.3   1   1   2.1e-79   8.5e-76  258.8   0.3     1   157     1   157     1   157 1.00 -
YP_006953993.1       -            157 dfra1                -            157   7.6e-76  258.9   0.3   1   1   2.1e-79   8.5e-76  258.8   0.3     1   157     1   157     1   157 1.00 -
WP_063844340.1       -            157 dfra1                -            157   3.1e-75  256.9   0.0   1   1   8.3e-79   3.4e-75  256.8   0.0     1   157     1   157     1   157 1.00 -
WP_000719073.1       -            152 dfra1                -            157   3.9e-75  256.6   0.0   1   1     1e-78   4.3e-75  256.5   0.0     6   157     1   152     1   152 0.99 -
YP_008574968.1       -            152 dfra1                -            157   3.9e-75  256.6   0.0   1   1     1e-78   4.3e-75  256.5   0.0     6   157     1   152     1   152 0.99 -
YP_009060567.1       -            152 dfra1                -            157   3.9e-75  256.6   0.0   1   1     1e-78   4.3e-75  256.5   0.0     6   157     1   152     1   152 0.99 -
YP_009071467.1       -            152 dfra1                -            157   3.9e-75  256.6   0.0   1   1     1e-78   4.3e-75  256.5   0.0     6   157     1   152     1   152 0.99 -
WP_032488755.1       -            157 dfra1                -            157     6e-75  256.0   0.0   1   1   1.6e-78   6.6e-75  255.9   0.0     1   157     1   157     1   157 1.00 -
WP_070180838.1       -            127 dfra1                -            157   6.7e-75  255.8   0.1   1   1   1.8e-78   7.4e-75  255.7   0.1     1   126     1   126     1   127 0.99 -
WP_001389366.1       -            157 dfra1                -            157     2e-74  254.3   0.6   1   1   5.4e-78   2.2e-74  254.2   0.6     1   157     1   157     1   157 1.00 -
WP_000964757.1       -            182 dfra1                -            157   7.9e-74  252.4   0.6   1   1   2.3e-77   9.4e-74  252.1   0.6     1   157    26   182    26   182 0.99 -
YP_001816601.1       -            182 dfra1                -            157   7.9e-74  252.4   0.6   1   1   2.3e-77   9.4e-74  252.1   0.6     1   157    26   182    26   182 0.99 -
WP_099147863.1       -            172 dfra1                -            157     9e-74  252.2   0.7   1   1   2.5e-77     1e-73  252.0   0.7     1   156     1   156     1   157 0.99 -
WP_001512984.1       -            199 dfra1                -            157     1e-73  252.0   0.6   1   1   3.1e-77   1.3e-73  251.7   0.6     1   157    43   199    43   199 0.99 -
YP_003937678.1       -            199 dfra1                -            157     1e-73  252.0   0.6   1   1   3.1e-77   1.3e-73  251.7   0.6     1   157    43   199    43   199 0.99 -
WP_000752532.1       -            210 dfra1                -            157   1.2e-73  251.7   0.6   1   1   3.7e-77   1.5e-73  251.4   0.6     1   157    54   210    54   210 0.99 -
YP_009061545.1       -            210 dfra1                -            157   1.2e-73  251.7   0.6   1   1   3.7e-77   1.5e-73  251.4   0.6     1   157    54   210    54   210 0.99 -
WP_063844368.1       -            157 dfra1                -            157   1.5e-73  251.5   0.5   1   1     4e-77   1.6e-73  251.3   0.5     1   157     1   157     1   157 1.00 -
WP_012783970.1       -            224 dfra1                -            157   1.5e-73  251.5   0.6   1   1   4.6e-77   1.9e-73  251.1   0.6     1   157    68   224    68   224 0.99 -
YP_003108349.1       -            224 dfra1                -            157   1.5e-73  251.5   0.6   1   1   4.6e-77   1.9e-73  251.1   0.6     1   157    68   224    68   224 0.99 -
WP_013023850.1       -            233 dfra1                -            157   1.7e-73  251.3   0.6   1   1   5.2e-77   2.1e-73  251.0   0.6     1   157    77   233    77   233 0.99 -
YP_003517586.1       -            233 dfra1                -            157   1.7e-73  251.3   0.6   1   1   5.2e-77   2.1e-73  251.0   0.6     1   157    77   233    77   233 0.99 -
WP_032084013.1       -            157 dfra1                -            157   2.1e-73  251.0   0.4   1   1   5.7e-77   2.3e-73  250.8   0.4     1   157     1   157     1   157 1.00 -
WP_000703246.1       -            157 dfra1                -            157   4.1e-66  227.3   0.3   1   1   1.1e-69   4.5e-66  227.2   0.3     1   157     1   157     1   157 1.00 -
YP_002455775.1       -            157 dfra1                -            157   4.1e-66  227.3   0.3   1   1   1.1e-69   4.5e-66  227.2   0.3     1   157     1   157     1   157 1.00 -
YP_008047251.1       -            157 dfra1                -            157   4.1e-66  227.3   0.3   1   1   1.1e-69   4.5e-66  227.2   0.3     1   157     1   157     1   157 1.00 -
WP_101905916.1       -            157 dfra1                -            157   6.3e-65  223.4   0.4   1   1   1.7e-68     7e-65  223.3   0.4     1   157     1   157     1   157 1.00 -
WP_015345005.1       -            158 dfra1                -            157   5.9e-60  207.3   0.0   1   1   1.7e-63   7.1e-60  207.0   0.0     6   130     1   125     1   134 0.98 -
YP_007349716.1       -            158 dfra1                -            157   5.9e-60  207.3   0.0   1   1   1.7e-63   7.1e-60  207.0   0.0     6   130     1   125     1   134 0.98 -
WP_086898905.1       -            105 dfra1                -            157   2.8e-50  175.8   0.0   1   1   7.7e-54   3.2e-50  175.7   0.0     6   105     1   100     1   104 0.97 -
WP_015059620.1       -             68 dfra1                -            157   1.8e-38  137.5   0.1   1   1   4.8e-42     2e-38  137.4   0.1     1    63     1    63     1    67 0.98 -
YP_006956899.1       -             68 dfra1                -            157   1.8e-38  137.5   0.1   1   1   4.8e-42     2e-38  137.4   0.1     1    63     1    63     1    67 0.98 -
WP_024266188.1       -            141 dfra1                -            157   2.3e-38  137.2   0.0   1   1   7.1e-42   2.9e-38  136.8   0.0     1    85     1    85     1    95 0.97 -
YP_009023102.1       -            141 dfra1                -            157   2.3e-38  137.2   0.0   1   1   7.1e-42   2.9e-38  136.8   0.0     1    85     1    85     1    95 0.97 -
YP_009023191.1       -            141 dfra1                -            157   2.3e-38  137.2   0.0   1   1   7.1e-42   2.9e-38  136.8   0.0     1    85     1    85     1    95 0.97 -
WP_024266338.1       -            150 dfra1                -            157   7.3e-38  135.5   0.0   1   1   2.3e-41   9.6e-38  135.1   0.0     2    85    11    94    10   103 0.97 -
YP_009023553.1       -            150 dfra1                -            157   7.3e-38  135.5   0.0   1   1   2.3e-41   9.6e-38  135.1   0.0     2    85    11    94    10   103 0.97 -
WP_012655890.1       -            164 dfra1                -            157   1.1e-26   99.2   0.1   1   1   3.2e-30   1.3e-26   99.0   0.1     1   155     1   155     1   157 0.91 -
WP_025906304.1       -            163 dfra1                -            157   2.2e-26   98.2   0.1   1   1   6.3e-30   2.6e-26   98.0   0.1     3   155     2   154     1   156 0.91 -
WP_106669569.1       -            170 dfra1                -            157     7e-25   93.3   0.1   1   1     2e-28   8.4e-25   93.1   0.1     3   133     2   131     1   148 0.89 -
WP_032667553.1       -            165 dfra1                -            157   1.8e-22   85.5   0.0   1   1     5e-26   2.1e-22   85.3   0.0     3   155     8   161     6   163 0.90 -
WP_032492456.1       -            165 dfra1                -            157     1e-21   83.0   0.0   1   1   2.9e-25   1.2e-21   82.8   0.0     3   155     8   161     6   163 0.92 -
WP_101087469.1       -            163 dfra1                -            157   1.8e-21   82.3   0.1   1   1     5e-25     2e-21   82.1   0.1     1   138     1   141     1   161 0.90 -
NP_775043.1          -            165 dfra1                -            157   2.1e-21   82.0   0.0   1   1   5.9e-25   2.4e-21   81.8   0.0     3   155     8   161     6   163 0.92 -
WP_001083725.1       -            165 dfra1                -            157   2.1e-21   82.0   0.0   1   1   5.9e-25   2.4e-21   81.8   0.0     3   155     8   161     6   163 0.92 -
YP_001096357.1       -            165 dfra1                -            157   2.1e-21   82.0   0.0   1   1   5.9e-25   2.4e-21   81.8   0.0     3   155     8   161     6   163 0.92 -
YP_001551922.1       -            165 dfra1                -            157   2.1e-21   82.0   0.0   1   1   5.9e-25   2.4e-21   81.8   0.0     3   155     8   161     6   163 0.92 -
YP_003813043.1       -            165 dfra1                -            157   2.1e-21   82.0   0.0   1   1   5.9e-25   2.4e-21   81.8   0.0     3   155     8   161     6   163 0.92 -
YP_004032856.1       -            165 dfra1                -            157   2.1e-21   82.0   0.0   1   1   5.9e-25   2.4e-21   81.8   0.0     3   155     8   161     6   163 0.92 -
YP_005351440.1       -            165 dfra1                -            157   2.1e-21   82.0   0.0   1   1   5.9e-25   2.4e-21   81.8   0.0     3   155     8   161     6   163 0.92 -
YP_006939953.1       -            165 dfra1                -            157   2.1e-21   82.0   0.0   1   1   5.9e-25   2.4e-21   81.8   0.0     3   155     8   161     6   163 0.92 -
YP_006953616.1       -            165 dfra1                -            157   2.1e-21   82.0   0.0   1   1   5.9e-25   2.4e-21   81.8   0.0     3   155     8   161     6   163 0.92 -
YP_006953867.1       -            165 dfra1                -            157   2.1e-21   82.0   0.0   1   1   5.9e-25   2.4e-21   81.8   0.0     3   155     8   161     6   163 0.92 -
YP_006964884.1       -            165 dfra1                -            157   2.1e-21   82.0   0.0   1   1   5.9e-25   2.4e-21   81.8   0.0     3   155     8   161     6   163 0.92 -
YP_006964896.1       -            165 dfra1                -            157   2.1e-21   82.0   0.0   1   1   5.9e-25   2.4e-21   81.8   0.0     3   155     8   161     6   163 0.92 -
YP_006965591.1       -            165 dfra1                -            157   2.1e-21   82.0   0.0   1   1   5.9e-25   2.4e-21   81.8   0.0     3   155     8   161     6   163 0.92 -
YP_007173663.1       -            165 dfra1                -            157   2.1e-21   82.0   0.0   1   1   5.9e-25   2.4e-21   81.8   0.0     3   155     8   161     6   163 0.92 -
YP_007349537.1       -            165 dfra1                -            157   2.1e-21   82.0   0.0   1   1   5.9e-25   2.4e-21   81.8   0.0     3   155     8   161     6   163 0.92 -
YP_007969566.1       -            165 dfra1                -            157   2.1e-21   82.0   0.0   1   1   5.9e-25   2.4e-21   81.8   0.0     3   155     8   161     6   163 0.92 -
YP_008146259.1       -            165 dfra1                -            157   2.1e-21   82.0   0.0   1   1   5.9e-25   2.4e-21   81.8   0.0     3   155     8   161     6   163 0.92 -
YP_009066448.1       -            165 dfra1                -            157   2.1e-21   82.0   0.0   1   1   5.9e-25   2.4e-21   81.8   0.0     3   155     8   161     6   163 0.92 -
WP_012221074.1       -            177 dfra1                -            157   2.6e-21   81.8   0.0   1   1   7.4e-25   3.1e-21   81.5   0.0     3   155     8   161     6   163 0.92 -
YP_001598129.1       -            177 dfra1                -            157   2.6e-21   81.8   0.0   1   1   7.4e-25   3.1e-21   81.5   0.0     3   155     8   161     6   163 0.92 -
WP_004187529.1       -            165 dfra1                -            157     3e-21   81.5   0.0   1   1   8.6e-25   3.6e-21   81.3   0.0     3   155     8   161     6   163 0.91 -
WP_060850666.1       -            164 dfra1                -            157   3.3e-20   78.2   0.0   1   1     1e-23   4.3e-20   77.8   0.0     4   140     7   142     5   148 0.91 -
WP_031380727.1       -            170 dfra1                -            157   5.7e-20   77.4   0.0   1   1   1.5e-23   6.3e-20   77.3   0.0     4   143     9   154     6   170 0.85 -
WP_014342209.1       -            151 dfra1                -            157   9.6e-20   76.7   0.0   1   1   2.7e-23   1.1e-19   76.4   0.0     3   132     8   137     6   145 0.91 -
YP_005221020.1       -            151 dfra1                -            157   9.6e-20   76.7   0.0   1   1   2.7e-23   1.1e-19   76.4   0.0     3   132     8   137     6   145 0.91 -
WP_000868795.1       -            165 dfra1                -            157   3.6e-19   74.8   0.0   1   1     1e-22   4.2e-19   74.6   0.0     1   151     1   151     1   160 0.88 -
YP_002274348.1       -            165 dfra1                -            157   3.6e-19   74.8   0.0   1   1     1e-22   4.2e-19   74.6   0.0     1   151     1   151     1   160 0.88 -
WP_049581834.1       -            164 dfra1                -            157   6.1e-19   74.0   0.0   1   1   1.6e-22   6.5e-19   74.0   0.0     1   134     1   136     1   162 0.91 -
WP_004729503.1       -            170 dfra1                -            157   9.9e-19   73.4   0.1   1   1   2.7e-22   1.1e-18   73.2   0.1     5   141    10   152     6   170 0.83 -
NP_877983.1          -            161 dfra1                -            157   1.5e-18   72.8   0.0   1   1   4.7e-22   1.9e-18   72.4   0.0     1   130     1   126     1   135 0.90 -
NP_976284.1          -            161 dfra1                -            157   1.5e-18   72.8   0.0   1   1   4.7e-22   1.9e-18   72.4   0.0     1   130     1   126     1   135 0.90 -
WP_000175735.1       -            161 dfra1                -            157   1.5e-18   72.8   0.0   1   1   4.7e-22   1.9e-18   72.4   0.0     1   130     1   126     1   135 0.90 -
YP_002790943.1       -            161 dfra1                -            157   1.5e-18   72.8   0.0   1   1   4.7e-22   1.9e-18   72.4   0.0     1   130     1   126     1   135 0.90 -
YP_003813115.1       -            161 dfra1                -            157   1.5e-18   72.8   0.0   1   1   4.7e-22   1.9e-18   72.4   0.0     1   130     1   126     1   135 0.90 -
YP_006937652.1       -            161 dfra1                -            157   1.5e-18   72.8   0.0   1   1   4.7e-22   1.9e-18   72.4   0.0     1   130     1   126     1   135 0.90 -
YP_006937707.1       -            161 dfra1                -            157   1.5e-18   72.8   0.0   1   1   4.7e-22   1.9e-18   72.4   0.0     1   130     1   126     1   135 0.90 -
YP_006938354.1       -            161 dfra1                -            157   1.5e-18   72.8   0.0   1   1   4.7e-22   1.9e-18   72.4   0.0     1   130     1   126     1   135 0.90 -
YP_006938562.1       -            161 dfra1                -            157   1.5e-18   72.8   0.0   1   1   4.7e-22   1.9e-18   72.4   0.0     1   130     1   126     1   135 0.90 -
YP_006939190.1       -            161 dfra1                -            157   1.5e-18   72.8   0.0   1   1   4.7e-22   1.9e-18   72.4   0.0     1   130     1   126     1   135 0.90 -
WP_066570481.1       -            171 dfra1                -            157   5.2e-18   71.0   0.0   1   1   1.5e-21   6.3e-18   70.8   0.0     1   132     1   136     1   147 0.91 -
WP_012779617.1       -            163 dfra1                -            157   1.8e-17   69.3   0.0   1   1   4.9e-21     2e-17   69.1   0.0     1   146     1   147     1   160 0.86 -
YP_003084336.1       -            163 dfra1                -            157   1.8e-17   69.3   0.0   1   1   4.9e-21     2e-17   69.1   0.0     1   146     1   147     1   160 0.86 -
YP_003644922.1       -            163 dfra1                -            157   1.8e-17   69.3   0.0   1   1   4.9e-21     2e-17   69.1   0.0     1   146     1   147     1   160 0.86 -
YP_004264380.1       -            163 dfra1                -            157   1.8e-17   69.3   0.0   1   1   4.9e-21     2e-17   69.1   0.0     1   146     1   147     1   160 0.86 -
YP_008719889.1       -            163 dfra1                -            157   1.8e-17   69.3   0.0   1   1   4.9e-21     2e-17   69.1   0.0     1   146     1   147     1   160 0.86 -
WP_063844403.1       -            162 dfra1                -            157   6.3e-17   67.5   0.0   1   1   1.9e-20   7.8e-17   67.2   0.0     1   131     1   130     1   137 0.92 -
WP_033637073.1       -            160 dfra1                -            157   1.6e-16   66.2   0.0   1   1     4e-20   1.7e-16   66.1   0.0     1   141     1   140     1   160 0.84 -
WP_002888320.1       -            159 dfra1                -            157   1.5e-15   63.0   0.0   1   1   4.1e-19   1.7e-15   62.9   0.0     3   145     2   143     1   158 0.85 -
WP_020277969.1       -            166 dfra1                -            157   3.5e-15   61.8   0.1   1   1   9.7e-19     4e-15   61.7   0.1     1   132     5   135     5   162 0.90 -
YP_008119855.1       -            166 dfra1                -            157   3.5e-15   61.8   0.1   1   1   9.7e-19     4e-15   61.7   0.1     1   132     5   135     5   162 0.90 -
WP_015085260.1       -            155 dfra1                -            157   4.7e-15   61.4   0.0   1   1   1.3e-18   5.2e-15   61.3   0.0    10   139     2   131     1   153 0.80 -
YP_007016404.1       -            155 dfra1                -            157   4.7e-15   61.4   0.0   1   1   1.3e-18   5.2e-15   61.3   0.0    10   139     2   131     1   153 0.80 -
WP_000624378.1       -            159 dfra1                -            157   5.9e-15   61.1   0.0   1   1   1.6e-18   6.6e-15   60.9   0.0     3   145     2   143     1   158 0.85 -
WP_063592888.1       -            158 dfra1                -            157   1.7e-14   59.6   0.0   1   1   6.2e-18   2.5e-14   59.0   0.0     5   133     3   127     1   145 0.85 -
WP_037433877.1       -            180 dfra1                -            157   1.8e-14   59.5   0.0   1   1   5.1e-18   2.1e-14   59.3   0.0     4   137     5   139     1   159 0.85 -
WP_024127801.1       -            128 dfra1                -            157   2.3e-14   59.2   0.1   1   1   7.3e-18     3e-14   58.8   0.1    41   155     5   119     2   121 0.88 -
YP_008997255.1       -            128 dfra1                -            157   2.3e-14   59.2   0.1   1   1   7.3e-18     3e-14   58.8   0.1    41   155     5   119     2   121 0.88 -
YP_008997308.1       -            128 dfra1                -            157   2.3e-14   59.2   0.1   1   1   7.3e-18     3e-14   58.8   0.1    41   155     5   119     2   121 0.88 -
WP_011872849.1       -            191 dfra1                -            157   4.2e-14   58.3   0.0   1   1   1.2e-17   5.1e-14   58.1   0.0     3   155    28   188    26   190 0.86 -
YP_001101808.1       -            191 dfra1                -            157   4.2e-14   58.3   0.0   1   1   1.2e-17   5.1e-14   58.1   0.0     3   155    28   188    26   190 0.86 -
WP_099595307.1       -            170 dfra1                -            157   1.4e-13   56.7   0.1   1   1   3.6e-17   1.5e-13   56.6   0.1     3   130     2   133     1   159 0.89 -
WP_011831584.1       -            259 dfra1                -            157   1.7e-13   56.4   0.0   1   1   5.7e-17   2.3e-13   55.9   0.0     1   132     1   135     1   162 0.91 -
WP_014031190.1       -            165 dfra1                -            157   1.8e-13   56.3   0.0   1   1   5.2e-17   2.1e-13   56.0   0.0     1   131     1   136     1   152 0.89 -
WP_078223549.1       -            167 dfra1                -            157   2.2e-13   56.0   0.0   1   1   7.3e-17     3e-13   55.6   0.0     3   130     4   130     2   161 0.89 -
WP_011742558.1       -            170 dfra1                -            157   2.5e-13   55.8   0.0   1   1   1.1e-16   4.4e-13   55.0   0.0     3   155     5   168     3   170 0.79 -
YP_908612.1          -            170 dfra1                -            157   2.5e-13   55.8   0.0   1   1   1.1e-16   4.4e-13   55.0   0.0     3   155     5   168     3   170 0.79 -
WP_011222743.1       -            167 dfra1                -            157   4.8e-13   54.9   0.0   1   1   1.4e-16   5.9e-13   54.6   0.0     1   132     3   139     3   158 0.86 -
WP_029590259.1       -            158 dfra1                -            157   7.3e-13   54.3   0.0   1   1   2.9e-16   1.2e-12   53.6   0.0     5   131     3   125     1   144 0.85 -
WP_085429203.1       -            176 dfra1                -            157     8e-13   54.2   0.0   1   1   2.3e-16   9.3e-13   54.0   0.0     1   150    13   164    13   172 0.91 -
WP_034655968.1       -            161 dfra1                -            157     1e-12   53.8   0.0   1   1   2.8e-16   1.1e-12   53.7   0.0     1   133     1   131     1   159 0.86 -
WP_006493548.1       -            166 dfra1                -            157   1.2e-12   53.6   0.0   1   1   3.3e-16   1.4e-12   53.4   0.0     3   130     4   132     2   159 0.90 -
WP_019704561.1       -            158 dfra1                -            157   1.2e-12   53.6   0.0   1   1     4e-16   1.6e-12   53.2   0.0     5   140     3   137     1   145 0.86 -
WP_079239577.1       -            168 dfra1                -            157   1.2e-12   53.6   0.0   1   1   7.5e-16   3.1e-12   52.3   0.0     3   131     7   145     5   157 0.83 -
WP_023279502.1       -            158 dfra1                -            157   1.3e-12   53.4   0.0   1   1   4.6e-16   1.9e-12   53.0   0.0     5   140     3   137     1   144 0.86 -
WP_032734165.1       -            158 dfra1                -            157   1.3e-12   53.4   0.0   1   1   4.4e-16   1.8e-12   53.0   0.0     5   140     3   137     1   145 0.86 -
WP_032440507.1       -            158 dfra1                -            157   1.4e-12   53.4   0.0   1   1   4.6e-16   1.9e-12   53.0   0.0     5   140     3   137     1   144 0.86 -
WP_040203768.1       -            158 dfra1                -            157   1.7e-12   53.1   0.0   1   1   5.5e-16   2.2e-12   52.7   0.0     5   140     3   137     1   144 0.86 -
WP_087749599.1       -            158 dfra1                -            157   1.7e-12   53.1   0.0   1   1   5.7e-16   2.3e-12   52.7   0.0     5   140     3   137     1   145 0.86 -
WP_047722245.1       -            158 dfra1                -            157   1.9e-12   52.9   0.0   1   1   6.2e-16   2.6e-12   52.5   0.0     5   130     3   124     1   144 0.85 -
WP_046882085.1       -            158 dfra1                -            157   2.1e-12   52.8   0.0   1   1   6.7e-16   2.8e-12   52.4   0.0     5   140     3   137     1   144 0.86 -
WP_014342177.1       -            156 dfra1                -            157   2.3e-12   52.7   0.0   1   1   7.6e-16   3.1e-12   52.2   0.0     6   140     2   135     1   143 0.86 -
YP_005220932.1       -            156 dfra1                -            157   2.3e-12   52.7   0.0   1   1   7.6e-16   3.1e-12   52.2   0.0     6   140     2   135     1   143 0.86 -
WP_014837929.1       -             43 dfra1                -            157   2.7e-12   52.4   0.2   1   1   7.1e-16   2.9e-12   52.4   0.2   115   157     1    43     1    43 0.98 -
YP_009068729.1       -             43 dfra1                -            157   2.7e-12   52.4   0.2   1   1   7.1e-16   2.9e-12   52.4   0.2   115   157     1    43     1    43 0.98 -
YP_009068857.1       -             43 dfra1                -            157   2.7e-12   52.4   0.2   1   1   7.1e-16   2.9e-12   52.4   0.2   115   157     1    43     1    43 0.98 -
YP_009069125.1       -             43 dfra1                -            157   2.7e-12   52.4   0.2   1   1   7.1e-16   2.9e-12   52.4   0.2   115   157     1    43     1    43 0.98 -
YP_009070863.1       -             43 dfra1                -            157   2.7e-12   52.4   0.2   1   1   7.1e-16   2.9e-12   52.4   0.2   115   157     1    43     1    43 0.98 -
NP_569589.1          -            158 dfra1                -            157   3.1e-12   52.2   0.0   1   1   1.1e-15   4.7e-12   51.7   0.0     5   130     3   124     1   144 0.85 -
WP_000781812.1       -            158 dfra1                -            157   3.1e-12   52.2   0.0   1   1   1.1e-15   4.7e-12   51.7   0.0     5   130     3   124     1   144 0.85 -
YP_009328755.1       -            158 dfra1                -            157   3.1e-12   52.2   0.0   1   1   1.1e-15   4.7e-12   51.7   0.0     5   130     3   124     1   144 0.85 -
WP_099751991.1       -            158 dfra1                -            157     4e-12   51.9   0.0   1   1   1.3e-15   5.4e-12   51.5   0.0     5   140     3   137     1   146 0.86 -
WP_032423042.1       -            158 dfra1                -            157   4.2e-12   51.8   0.0   1   1   1.4e-15   5.6e-12   51.4   0.0     5   140     3   137     1   144 0.86 -
WP_052959170.1       -            158 dfra1                -            157   4.3e-12   51.8   0.0   1   1   5.4e-15   2.2e-11   49.5   0.0     5   130     3   123     1   151 0.83 -
WP_022649916.1       -            158 dfra1                -            157     6e-12   51.3   0.0   1   1   2.2e-15   8.9e-12   50.8   0.0     5   130     3   124     1   144 0.85 -
WP_086371372.1       -            170 dfra1                -            157   6.9e-12   51.1   0.0   1   1     2e-15   8.1e-12   50.9   0.0     1   149     3   160     3   167 0.82 -
WP_024160936.1       -            168 dfra1                -            157   7.6e-12   51.0   0.0   1   1   2.2e-15   8.9e-12   50.8   0.0     1   149     1   158     1   165 0.82 -
WP_060498085.1       -            171 dfra1                -            157   1.1e-11   50.4   0.0   1   1   3.1e-15   1.3e-11   50.3   0.0     3   133     7   144     5   171 0.80 -
WP_064343503.1       -            158 dfra1                -            157   1.2e-11   50.4   0.0   1   1   4.2e-15   1.7e-11   49.8   0.0     6   130     4   124     1   144 0.84 -
WP_076752018.1       -            158 dfra1                -            157   1.2e-11   50.3   0.0   1   1   1.5e-14   6.2e-11   48.0   0.0     5   129     3   122     1   144 0.85 -
WP_040120279.1       -            158 dfra1                -            157   1.8e-11   49.8   0.0   1   1   6.5e-15   2.7e-11   49.2   0.0     5   130     3   124     1   145 0.85 -
WP_078207888.1       -            158 dfra1                -            157     6e-11   48.1   0.0   1   1   2.1e-14   8.6e-11   47.6   0.0     5   131     3   125     1   146 0.84 -
WP_022644974.1       -            158 dfra1                -            157   7.1e-11   47.8   0.0   1   1   2.9e-14   1.2e-10   47.1   0.0     5   131     3   125     1   144 0.85 -
WP_053900138.1       -            158 dfra1                -            157   7.7e-11   47.7   0.0   1   1   3.2e-14   1.3e-10   47.0   0.0     5   131     3   125     1   144 0.85 -
#
# Program:         hmmsearch
# Version:         3.1b2 (February 2015)
# Pipeline mode:   SEARCH
# Query file:      /mnt/research/ShadeLab/Dunivin/gene_targeted_assembly/RDPTools/Xander_assembler/gene_resource/dfra1/originaldata/dfra1.hmm
# Target file:     /mnt/research/ShadeLab/Dunivin/hmmsearch/refseq/protein_files/plasmid.protein.fa
# Option settings: /opt/software/HMMER/3.1b2--GCC-4.8.3/bin/hmmsearch -o /mnt/research/ShadeLab/Dunivin/hmmsearch/refseq/hmm_outputs/dfra1.plasmid.protein.fa.stdout.txt -A /mnt/research/ShadeLab/Dunivin/hmmsearch/refseq/hmm_outputs/dfra1.plasmid.protein.fa.alignment.0.0000000001.txt --domtblout /mnt/research/ShadeLab/Dunivin/hmmsearch/refseq/hmm_outputs/dfra1.plasmid.protein.fa.0.0000000001.tbl.txt -E 0.0000000001 --cpu 8 /mnt/research/ShadeLab/Dunivin/gene_targeted_assembly/RDPTools/Xander_assembler/gene_resource/dfra1/originaldata/dfra1.hmm /mnt/research/ShadeLab/Dunivin/hmmsearch/refseq/protein_files/plasmid.protein.fa 
# Current dir:     /mnt/research/ShadeLab/Dunivin/hmmsearch/bin
# Date:            Wed Jul 25 14:07:58 2018
# [ok]
