#                                                                            --- full sequence --- -------------- this domain -------------   hmm coord   ali coord   env coord
# target name        accession   tlen query name           accession   qlen   E-value  score  bias   #  of  c-Evalue  i-Evalue  score  bias  from    to  from    to  from    to  acc description of target
#------------------- ---------- ----- -------------------- ---------- ----- --------- ------ ----- --- --- --------- --------- ------ ----- ----- ----- ----- ----- ----- ----- ---- ---------------------
WP_002292226.1       -            245 Resfam_ErmB          -            245  6.9e-170  568.4  16.0   1   1  1.6e-173  7.7e-170  568.3  16.0     1   245     1   245     1   245 1.00 -
YP_001798641.1       -            245 Resfam_ErmB          -            245  6.9e-170  568.4  16.0   1   1  1.6e-173  7.7e-170  568.3  16.0     1   245     1   245     1   245 1.00 -
YP_003305352.1       -            245 Resfam_ErmB          -            245  6.9e-170  568.4  16.0   1   1  1.6e-173  7.7e-170  568.3  16.0     1   245     1   245     1   245 1.00 -
YP_004032993.1       -            245 Resfam_ErmB          -            245  6.9e-170  568.4  16.0   1   1  1.6e-173  7.7e-170  568.3  16.0     1   245     1   245     1   245 1.00 -
NP_863164.1          -            245 Resfam_ErmB          -            245  8.1e-170  568.2  16.1   1   1  1.8e-173    9e-170  568.0  16.1     1   245     1   245     1   245 1.00 -
WP_001038792.1       -            245 Resfam_ErmB          -            245  8.1e-170  568.2  16.1   1   1  1.8e-173    9e-170  568.0  16.1     1   245     1   245     1   245 1.00 -
YP_004172630.1       -            245 Resfam_ErmB          -            245  8.1e-170  568.2  16.1   1   1  1.8e-173    9e-170  568.0  16.1     1   245     1   245     1   245 1.00 -
YP_006377410.1       -            245 Resfam_ErmB          -            245  8.1e-170  568.2  16.1   1   1  1.8e-173    9e-170  568.0  16.1     1   245     1   245     1   245 1.00 -
YP_007908279.1       -            245 Resfam_ErmB          -            245  8.1e-170  568.2  16.1   1   1  1.8e-173    9e-170  568.0  16.1     1   245     1   245     1   245 1.00 -
WP_015141733.1       -            257 Resfam_ErmB          -            245  8.3e-170  568.1  16.0   1   1  1.9e-173  9.3e-170  568.0  16.0     1   245    13   257    13   257 1.00 -
YP_007078965.1       -            257 Resfam_ErmB          -            245  8.3e-170  568.1  16.0   1   1  1.9e-173  9.3e-170  568.0  16.0     1   245    13   257    13   257 1.00 -
WP_002321849.1       -            245 Resfam_ErmB          -            245  8.6e-170  568.1  16.3   1   1    2e-173  9.6e-170  567.9  16.3     1   245     1   245     1   245 1.00 -
YP_002842047.1       -            245 Resfam_ErmB          -            245  8.6e-170  568.1  16.3   1   1    2e-173  9.6e-170  567.9  16.3     1   245     1   245     1   245 1.00 -
NP_816938.1          -            245 Resfam_ErmB          -            245    1e-169  567.9  16.3   1   1  2.3e-173  1.1e-169  567.7  16.3     1   245     1   245     1   245 1.00 -
WP_001038790.1       -            245 Resfam_ErmB          -            245    1e-169  567.9  16.3   1   1  2.3e-173  1.1e-169  567.7  16.3     1   245     1   245     1   245 1.00 -
YP_001798654.1       -            245 Resfam_ErmB          -            245    1e-169  567.9  16.3   1   1  2.3e-173  1.1e-169  567.7  16.3     1   245     1   245     1   245 1.00 -
YP_003533080.1       -            245 Resfam_ErmB          -            245    1e-169  567.9  16.3   1   1  2.3e-173  1.1e-169  567.7  16.3     1   245     1   245     1   245 1.00 -
YP_006937611.1       -            245 Resfam_ErmB          -            245    1e-169  567.9  16.3   1   1  2.3e-173  1.1e-169  567.7  16.3     1   245     1   245     1   245 1.00 -
WP_001038796.1       -            245 Resfam_ErmB          -            245  1.2e-169  567.6  15.9   1   1  2.8e-173  1.4e-169  567.4  15.9     1   245     1   245     1   245 1.00 -
NP_053005.1          -            245 Resfam_ErmB          -            245  1.5e-169  567.4  15.9   1   1  3.3e-173  1.6e-169  567.2  15.9     1   245     1   245     1   245 1.00 -
WP_001038795.1       -            245 Resfam_ErmB          -            245  1.5e-169  567.4  15.9   1   1  3.3e-173  1.6e-169  567.2  15.9     1   245     1   245     1   245 1.00 -
YP_004033002.1       -            245 Resfam_ErmB          -            245  1.5e-169  567.4  15.9   1   1  3.3e-173  1.6e-169  567.2  15.9     1   245     1   245     1   245 1.00 -
YP_783898.1          -            245 Resfam_ErmB          -            245  1.5e-169  567.4  15.9   1   1  3.3e-173  1.6e-169  567.2  15.9     1   245     1   245     1   245 1.00 -
WP_013362818.1       -            245 Resfam_ErmB          -            245    2e-169  566.9  15.8   1   1  4.6e-173  2.3e-169  566.7  15.8     1   245     1   245     1   245 1.00 -
YP_003937705.1       -            245 Resfam_ErmB          -            245    2e-169  566.9  15.8   1   1  4.6e-173  2.3e-169  566.7  15.8     1   245     1   245     1   245 1.00 -
WP_024418925.1       -            245 Resfam_ErmB          -            245  3.3e-169  566.2  15.8   1   1  7.5e-173  3.7e-169  566.0  15.8     1   245     1   245     1   245 1.00 -
WP_083578816.1       -            245 Resfam_ErmB          -            245  3.7e-169  566.0  15.2   1   1  8.5e-173  4.2e-169  565.9  15.2     1   245     1   245     1   245 1.00 -
WP_011266109.1       -            253 Resfam_ErmB          -            245    6e-169  565.3  16.6   1   1  1.4e-172  6.7e-169  565.2  16.6     1   245     9   253     9   253 1.00 -
YP_232739.1          -            253 Resfam_ErmB          -            245    6e-169  565.3  16.6   1   1  1.4e-172  6.7e-169  565.2  16.6     1   245     9   253     9   253 1.00 -
YP_232761.1          -            253 Resfam_ErmB          -            245    6e-169  565.3  16.6   1   1  1.4e-172  6.7e-169  565.2  16.6     1   245     9   253     9   253 1.00 -
WP_100185212.1       -            254 Resfam_ErmB          -            245  6.9e-169  565.1  16.5   1   1  1.6e-172  7.9e-169  565.0  16.5     2   245    11   254    10   254 1.00 -
WP_013641313.1       -            245 Resfam_ErmB          -            245  7.9e-169  564.9  15.9   1   1  1.8e-172  8.8e-169  564.8  15.9     1   245     1   245     1   245 1.00 -
WP_015382135.1       -            245 Resfam_ErmB          -            245  9.6e-169  564.7  15.8   1   1  2.2e-172  1.1e-168  564.5  15.8     1   245     1   245     1   245 1.00 -
YP_007419106.1       -            245 Resfam_ErmB          -            245  9.6e-169  564.7  15.8   1   1  2.2e-172  1.1e-168  564.5  15.8     1   245     1   245     1   245 1.00 -
NP_613080.1          -            250 Resfam_ErmB          -            245  1.2e-168  564.4  16.1   1   1  2.7e-172  1.3e-168  564.2  16.1     1   245     1   245     1   245 1.00 -
NP_776205.1          -            250 Resfam_ErmB          -            245  1.2e-168  564.4  16.1   1   1  2.7e-172  1.3e-168  564.2  16.1     1   245     1   245     1   245 1.00 -
WP_011018369.1       -            250 Resfam_ErmB          -            245  1.2e-168  564.4  16.1   1   1  2.7e-172  1.3e-168  564.2  16.1     1   245     1   245     1   245 1.00 -
WP_063844619.1       -            245 Resfam_ErmB          -            245  1.6e-168  564.0  15.6   1   1  3.6e-172  1.7e-168  563.8  15.6     1   245     1   245     1   245 1.00 -
WP_001038794.1       -            245 Resfam_ErmB          -            245  2.6e-168  563.3  15.5   1   1  5.8e-172  2.9e-168  563.1  15.5     1   245     1   245     1   245 1.00 -
YP_003864117.1       -            245 Resfam_ErmB          -            245  2.6e-168  563.3  15.5   1   1  5.8e-172  2.9e-168  563.1  15.5     1   245     1   245     1   245 1.00 -
YP_006960571.1       -            245 Resfam_ErmB          -            245  2.6e-168  563.3  15.5   1   1  5.8e-172  2.9e-168  563.1  15.5     1   245     1   245     1   245 1.00 -
YP_006961932.1       -            245 Resfam_ErmB          -            245  2.6e-168  563.3  15.5   1   1  5.8e-172  2.9e-168  563.1  15.5     1   245     1   245     1   245 1.00 -
WP_084197563.1       -            245 Resfam_ErmB          -            245  2.9e-168  563.1  15.6   1   1  6.6e-172  3.2e-168  562.9  15.6     1   245     1   245     1   245 1.00 -
WP_063844614.1       -            245 Resfam_ErmB          -            245  1.1e-167  561.2  16.3   1   1  2.4e-171  1.2e-167  561.1  16.3     1   245     1   245     1   245 1.00 -
WP_075140343.1       -            245 Resfam_ErmB          -            245  1.2e-167  561.1  15.5   1   1  2.7e-171  1.3e-167  560.9  15.5     1   245     1   245     1   245 1.00 -
WP_063844850.1       -            248 Resfam_ErmB          -            245  4.8e-167  559.1  16.2   1   1  1.1e-170  5.4e-167  558.9  16.2     1   245     1   245     1   245 1.00 -
WP_012477196.1       -            245 Resfam_ErmB          -            245  8.6e-167  558.3  15.1   1   1    2e-170  9.6e-167  558.1  15.1     1   245     1   245     1   245 1.00 -
YP_001965493.1       -            245 Resfam_ErmB          -            245  8.6e-167  558.3  15.1   1   1    2e-170  9.6e-167  558.1  15.1     1   245     1   245     1   245 1.00 -
WP_041152457.1       -            245 Resfam_ErmB          -            245    8e-166  555.1  15.5   1   1  1.8e-169  8.9e-166  554.9  15.5     1   245     1   245     1   245 1.00 -
WP_105459789.1       -            229 Resfam_ErmB          -            245  1.2e-158  531.6  13.2   1   1  2.7e-162  1.3e-158  531.4  13.2    17   245     1   229     1   229 1.00 -
WP_106914398.1       -            233 Resfam_ErmB          -            245    3e-157  527.0  13.7   1   1  7.4e-161  3.6e-157  526.8  13.7     1   227     1   227     1   231 0.99 -
WP_084812618.1       -            225 Resfam_ErmB          -            245  1.1e-155  521.9  12.3   1   1  2.5e-159  1.2e-155  521.7  12.3    21   245     1   225     1   225 1.00 -
WP_105475211.1       -            211 Resfam_ErmB          -            245  1.9e-145  488.4  12.3   1   1  4.4e-149  2.1e-145  488.2  12.3     1   211     1   211     1   211 1.00 -
WP_105467055.1       -            188 Resfam_ErmB          -            245  2.8e-130  438.7  10.1   1   1  6.3e-134  3.1e-130  438.6  10.1    58   245     1   188     1   188 1.00 -
WP_002371379.1       -            171 Resfam_ErmB          -            245  3.6e-113  382.7   8.0   1   1  8.1e-117    4e-113  382.5   8.0     1   170     1   170     1   171 1.00 -
NP_783844.1          -            245 Resfam_ErmB          -            245  5.9e-109  368.9  12.6   1   1  1.4e-112  6.6e-109  368.7  12.6     1   245     1   245     1   245 1.00 -
WP_011100845.1       -            245 Resfam_ErmB          -            245  5.9e-109  368.9  12.6   1   1  1.4e-112  6.6e-109  368.7  12.6     1   245     1   245     1   245 1.00 -
NP_862543.1          -            244 Resfam_ErmB          -            245     1e-78  269.9  11.9   1   1   2.3e-82   1.1e-78  269.7  11.9     2   242     3   243     1   244 0.99 -
WP_011117197.1       -            244 Resfam_ErmB          -            245     1e-78  269.9  11.9   1   1   2.3e-82   1.1e-78  269.7  11.9     2   242     3   243     1   244 0.99 -
WP_034984371.1       -            249 Resfam_ErmB          -            245   4.5e-78  267.7  14.0   1   1   1.1e-81   5.2e-78  267.5  14.0     2   242     8   248     7   249 0.99 -
WP_002503928.1       -            244 Resfam_ErmB          -            245   1.4e-77  266.1  14.1   1   1   3.2e-81   1.6e-77  266.0  14.1     2   242     3   243     1   244 0.99 -
YP_006938617.1       -            244 Resfam_ErmB          -            245   1.4e-77  266.1  14.1   1   1   3.2e-81   1.6e-77  266.0  14.1     2   242     3   243     1   244 0.99 -
WP_032492416.1       -            244 Resfam_ErmB          -            245   1.7e-77  265.9  14.1   1   1   3.9e-81   1.9e-77  265.7  14.1     2   242     3   243     1   244 0.99 -
WP_007410443.1       -            244 Resfam_ErmB          -            245     2e-77  265.6  14.3   1   1   4.6e-81   2.3e-77  265.5  14.3     2   242     3   243     1   244 0.99 -
YP_009060503.1       -            244 Resfam_ErmB          -            245     2e-77  265.6  14.3   1   1   4.6e-81   2.3e-77  265.5  14.3     2   242     3   243     1   244 0.99 -
YP_025321.1          -            244 Resfam_ErmB          -            245     2e-77  265.6  14.3   1   1   4.6e-81   2.3e-77  265.5  14.3     2   242     3   243     1   244 0.99 -
WP_002345002.1       -            244 Resfam_ErmB          -            245   2.2e-77  265.5  12.3   1   1   4.9e-81   2.4e-77  265.4  12.3     2   242     3   243     1   244 0.99 -
YP_001716198.2       -            244 Resfam_ErmB          -            245   2.2e-77  265.5  12.3   1   1   4.9e-81   2.4e-77  265.4  12.3     2   242     3   243     1   244 0.99 -
YP_004831081.1       -            244 Resfam_ErmB          -            245   2.2e-77  265.5  12.3   1   1   4.9e-81   2.4e-77  265.4  12.3     2   242     3   243     1   244 0.99 -
YP_004831117.1       -            244 Resfam_ErmB          -            245   2.2e-77  265.5  12.3   1   1   4.9e-81   2.4e-77  265.4  12.3     2   242     3   243     1   244 0.99 -
YP_006961083.1       -            244 Resfam_ErmB          -            245   2.2e-77  265.5  12.3   1   1   4.9e-81   2.4e-77  265.4  12.3     2   242     3   243     1   244 0.99 -
YP_009061010.1       -            244 Resfam_ErmB          -            245   2.2e-77  265.5  12.3   1   1   4.9e-81   2.4e-77  265.4  12.3     2   242     3   243     1   244 0.99 -
WP_012301161.1       -            242 Resfam_ErmB          -            245   3.3e-77  264.9  12.2   1   1   7.4e-81   3.6e-77  264.8  12.2     2   242     3   241     1   242 0.98 -
YP_006965543.1       -            242 Resfam_ErmB          -            245   3.3e-77  264.9  12.2   1   1   7.4e-81   3.6e-77  264.8  12.2     2   242     3   241     1   242 0.98 -
WP_001035822.1       -            244 Resfam_ErmB          -            245   5.8e-77  264.1  11.7   1   1   1.3e-80   6.4e-77  264.0  11.7     2   241     3   242     1   244 0.99 -
YP_007391618.2       -            244 Resfam_ErmB          -            245   5.8e-77  264.1  11.7   1   1   1.3e-80   6.4e-77  264.0  11.7     2   241     3   242     1   244 0.99 -
WP_063844825.1       -            244 Resfam_ErmB          -            245   5.8e-77  264.1  11.8   1   1   1.3e-80   6.5e-77  264.0  11.8     2   242     3   243     1   244 0.99 -
WP_032489010.1       -            244 Resfam_ErmB          -            245     7e-77  263.8  14.0   1   1   1.6e-80   7.8e-77  263.7  14.0     2   242     3   243     1   244 0.99 -
NP_040475.1          -            244 Resfam_ErmB          -            245   7.2e-77  263.8  13.8   1   1   1.6e-80     8e-77  263.7  13.8     2   242     3   243     1   244 0.99 -
WP_001003264.1       -            244 Resfam_ErmB          -            245   7.2e-77  263.8  13.8   1   1   1.6e-80     8e-77  263.7  13.8     2   242     3   243     1   244 0.99 -
WP_021286044.1       -            244 Resfam_ErmB          -            245   1.4e-76  262.9  13.6   1   1   3.1e-80   1.5e-76  262.7  13.6     2   242     3   243     1   244 0.99 -
WP_014158490.1       -            244 Resfam_ErmB          -            245   1.6e-76  262.7  13.6   1   1   3.6e-80   1.8e-76  262.5  13.6     2   242     3   243     1   244 0.99 -
YP_004928113.1       -            244 Resfam_ErmB          -            245   1.6e-76  262.7  13.6   1   1   3.6e-80   1.8e-76  262.5  13.6     2   242     3   243     1   244 0.99 -
WP_014158488.1       -            244 Resfam_ErmB          -            245     2e-76  262.4  14.4   1   1   4.5e-80   2.2e-76  262.2  14.4     2   242     3   243     1   244 0.99 -
YP_004927973.1       -            244 Resfam_ErmB          -            245     2e-76  262.4  14.4   1   1   4.5e-80   2.2e-76  262.2  14.4     2   242     3   243     1   244 0.99 -
NP_040407.1          -            244 Resfam_ErmB          -            245   2.6e-76  262.0  13.9   1   1   5.8e-80   2.8e-76  261.9  13.9     2   242     3   243     1   244 0.99 -
WP_001003263.1       -            244 Resfam_ErmB          -            245   2.6e-76  262.0  13.9   1   1   5.8e-80   2.8e-76  261.9  13.9     2   242     3   243     1   244 0.99 -
YP_001901402.1       -            244 Resfam_ErmB          -            245   2.6e-76  262.0  13.9   1   1   5.8e-80   2.8e-76  261.9  13.9     2   242     3   243     1   244 0.99 -
YP_001901404.1       -            244 Resfam_ErmB          -            245   2.6e-76  262.0  13.9   1   1   5.8e-80   2.8e-76  261.9  13.9     2   242     3   243     1   244 0.99 -
YP_004928116.1       -            244 Resfam_ErmB          -            245   2.6e-76  262.0  13.9   1   1   5.8e-80   2.8e-76  261.9  13.9     2   242     3   243     1   244 0.99 -
YP_006937187.1       -            244 Resfam_ErmB          -            245   2.6e-76  262.0  13.9   1   1   5.8e-80   2.8e-76  261.9  13.9     2   242     3   243     1   244 0.99 -
YP_006937474.1       -            244 Resfam_ErmB          -            245   2.6e-76  262.0  13.9   1   1   5.8e-80   2.8e-76  261.9  13.9     2   242     3   243     1   244 0.99 -
YP_006958101.1       -            244 Resfam_ErmB          -            245   2.6e-76  262.0  13.9   1   1   5.8e-80   2.8e-76  261.9  13.9     2   242     3   243     1   244 0.99 -
YP_006958110.1       -            244 Resfam_ErmB          -            245   2.6e-76  262.0  13.9   1   1   5.8e-80   2.8e-76  261.9  13.9     2   242     3   243     1   244 0.99 -
YP_006958492.1       -            244 Resfam_ErmB          -            245   2.6e-76  262.0  13.9   1   1   5.8e-80   2.8e-76  261.9  13.9     2   242     3   243     1   244 0.99 -
YP_009060500.1       -            244 Resfam_ErmB          -            245   2.6e-76  262.0  13.9   1   1   5.8e-80   2.8e-76  261.9  13.9     2   242     3   243     1   244 0.99 -
YP_209657.1          -            244 Resfam_ErmB          -            245   2.6e-76  262.0  13.9   1   1   5.8e-80   2.8e-76  261.9  13.9     2   242     3   243     1   244 0.99 -
WP_095286329.1       -            244 Resfam_ErmB          -            245   3.7e-76  261.5  13.6   1   1   8.3e-80   4.1e-76  261.4  13.6     2   242     3   243     1   244 0.99 -
WP_095321120.1       -            244 Resfam_ErmB          -            245   3.7e-76  261.5  13.5   1   1   8.5e-80   4.1e-76  261.3  13.5     2   242     3   243     1   244 0.99 -
WP_095241969.1       -            244 Resfam_ErmB          -            245   4.6e-76  261.2  13.6   1   1     1e-79   5.1e-76  261.0  13.6     2   242     3   243     1   244 0.99 -
WP_063844768.1       -            244 Resfam_ErmB          -            245     6e-76  260.8  13.4   1   1   1.3e-79   6.6e-76  260.7  13.4     2   242     3   243     1   244 0.99 -
NP_040462.1          -            244 Resfam_ErmB          -            245   9.1e-76  260.2  13.9   1   1   2.1e-79     1e-75  260.1  13.9     2   242     3   243     1   244 0.99 -
WP_010889933.1       -            244 Resfam_ErmB          -            245   9.1e-76  260.2  13.9   1   1   2.1e-79     1e-75  260.1  13.9     2   242     3   243     1   244 0.99 -
WP_011282421.1       -            244 Resfam_ErmB          -            245   9.8e-76  260.1  13.5   1   1   2.2e-79   1.1e-75  259.9  13.5     2   242     3   243     1   244 0.99 -
YP_271816.1          -            244 Resfam_ErmB          -            245   9.8e-76  260.1  13.5   1   1   2.2e-79   1.1e-75  259.9  13.5     2   242     3   243     1   244 0.99 -
WP_014125936.1       -            244 Resfam_ErmB          -            245   1.2e-75  259.9  13.6   1   1   2.6e-79   1.3e-75  259.7  13.6     2   242     3   243     1   244 0.99 -
YP_004888093.1       -            244 Resfam_ErmB          -            245   1.2e-75  259.9  13.6   1   1   2.6e-79   1.3e-75  259.7  13.6     2   242     3   243     1   244 0.99 -
WP_095257063.1       -            244 Resfam_ErmB          -            245   1.3e-75  259.6  13.8   1   1     3e-79   1.5e-75  259.5  13.8     2   242     3   243     1   244 0.99 -
WP_032489009.1       -            244 Resfam_ErmB          -            245   1.5e-75  259.5  14.5   1   1   3.3e-79   1.6e-75  259.4  14.5     2   242     3   243     1   244 0.99 -
WP_031929051.1       -            244 Resfam_ErmB          -            245   1.6e-75  259.4  13.4   1   1   3.5e-79   1.7e-75  259.3  13.4     2   242     3   243     1   244 0.99 -
WP_095280164.1       -            244 Resfam_ErmB          -            245   1.8e-75  259.2  14.0   1   1   4.1e-79     2e-75  259.1  14.0     2   242     3   243     1   244 0.99 -
NP_899170.1          -            243 Resfam_ErmB          -            245   1.9e-75  259.1  13.0   1   1   4.3e-79   2.1e-75  259.0  13.0     2   241     3   242     1   243 0.99 -
WP_011133550.1       -            243 Resfam_ErmB          -            245   1.9e-75  259.1  13.0   1   1   4.3e-79   2.1e-75  259.0  13.0     2   241     3   242     1   243 0.99 -
WP_011276921.1       -            244 Resfam_ErmB          -            245   2.4e-75  258.8  13.3   1   1   5.4e-79   2.6e-75  258.7  13.3     2   242     3   243     1   244 0.99 -
WP_011382144.1       -            244 Resfam_ErmB          -            245   2.8e-75  258.6  13.9   1   1   6.3e-79   3.1e-75  258.5  13.9     2   242     3   243     1   244 0.99 -
YP_415516.1          -            244 Resfam_ErmB          -            245   2.8e-75  258.6  13.9   1   1   6.3e-79   3.1e-75  258.5  13.9     2   242     3   243     1   244 0.99 -
WP_095256749.1       -            244 Resfam_ErmB          -            245   3.3e-75  258.4  13.5   1   1   7.5e-79   3.7e-75  258.2  13.5     2   242     3   243     1   244 0.99 -
WP_001003260.1       -            244 Resfam_ErmB          -            245   3.4e-75  258.3  14.3   1   1   7.6e-79   3.7e-75  258.2  14.3     2   242     3   243     1   244 0.99 -
WP_095327504.1       -            244 Resfam_ErmB          -            245   3.7e-75  258.2  14.5   1   1   8.4e-79   4.1e-75  258.1  14.5     2   242     3   243     1   244 0.99 -
WP_095258643.1       -            244 Resfam_ErmB          -            245     4e-75  258.1  13.4   1   1   9.1e-79   4.4e-75  257.9  13.4     2   242     3   243     1   244 0.99 -
WP_015618040.1       -            244 Resfam_ErmB          -            245   4.2e-75  258.0  12.5   1   1   9.5e-79   4.7e-75  257.9  12.5     1   242     1   243     1   244 0.99 -
YP_007947671.1       -            244 Resfam_ErmB          -            245   4.2e-75  258.0  12.5   1   1   9.5e-79   4.7e-75  257.9  12.5     1   242     1   243     1   244 0.99 -
WP_095341278.1       -            244 Resfam_ErmB          -            245   4.8e-75  257.8  14.7   1   1   1.1e-78   5.3e-75  257.7  14.7     2   242     3   243     1   244 0.99 -
WP_032489016.1       -            244 Resfam_ErmB          -            245   5.2e-75  257.7  14.5   1   1   1.2e-78   5.8e-75  257.6  14.5     2   242     3   243     1   244 0.99 -
WP_001072201.1       -            243 Resfam_ErmB          -            245   5.6e-75  257.6  11.2   1   1   1.3e-78   6.2e-75  257.5  11.2     2   241     3   242     1   243 0.99 -
YP_006958113.1       -            243 Resfam_ErmB          -            245   5.6e-75  257.6  11.2   1   1   1.3e-78   6.2e-75  257.5  11.2     2   241     3   242     1   243 0.99 -
WP_095303470.1       -            244 Resfam_ErmB          -            245   2.1e-74  255.8  13.3   1   1   4.7e-78   2.3e-74  255.6  13.3     2   242     3   243     1   244 0.99 -
WP_032489011.1       -            244 Resfam_ErmB          -            245   2.1e-74  255.7  13.7   1   1   4.8e-78   2.4e-74  255.6  13.7     2   242     3   243     1   244 0.99 -
WP_002360844.1       -            243 Resfam_ErmB          -            245   2.6e-74  255.5  13.6   1   1   5.8e-78   2.8e-74  255.3  13.6     2   241     3   242     1   243 0.99 -
WP_095231779.1       -            244 Resfam_ErmB          -            245   3.2e-74  255.2  13.7   1   1   7.1e-78   3.5e-74  255.0  13.7     2   242     3   243     1   244 0.99 -
WP_095315731.1       -            244 Resfam_ErmB          -            245   5.7e-74  254.3  15.0   1   1   1.3e-77   6.3e-74  254.2  15.0     2   242     3   243     1   244 0.99 -
WP_095251374.1       -            244 Resfam_ErmB          -            245   1.6e-73  252.9  14.3   1   1   3.6e-77   1.8e-73  252.7  14.3     2   242     3   243     1   244 0.99 -
WP_095316456.1       -            244 Resfam_ErmB          -            245   3.8e-73  251.6  14.1   1   1   8.5e-77   4.2e-73  251.5  14.1     2   242     3   243     1   244 0.99 -
WP_095276589.1       -            244 Resfam_ErmB          -            245   4.8e-71  244.8  15.2   1   1   1.1e-74   5.3e-71  244.6  15.2     2   242     3   243     1   244 0.99 -
WP_095315968.1       -            244 Resfam_ErmB          -            245   5.9e-71  244.4  14.1   1   1   1.3e-74   6.6e-71  244.3  14.1     2   242     3   243     1   244 0.99 -
WP_095292735.1       -            235 Resfam_ErmB          -            245     7e-71  244.2  11.6   1   1   1.6e-74   7.8e-71  244.1  11.6     2   234     3   235     1   235 0.99 -
WP_095257151.1       -            244 Resfam_ErmB          -            245   1.1e-70  243.6  15.8   1   1   2.5e-74   1.2e-70  243.4  15.8     2   242     3   243     1   244 0.99 -
WP_095315204.1       -            244 Resfam_ErmB          -            245   6.3e-70  241.1  15.0   1   1   1.4e-73     7e-70  240.9  15.0     2   242     3   243     1   244 0.99 -
WP_087587948.1       -            243 Resfam_ErmB          -            245     2e-69  239.4  14.4   1   1   4.6e-73   2.3e-69  239.3  14.4     2   242     3   243     1   243 0.99 -
WP_020277967.1       -            215 Resfam_ErmB          -            245   3.8e-69  238.5   5.8   1   1   9.6e-73   4.7e-69  238.2   5.8    31   241     4   214     2   215 0.99 -
YP_008119853.1       -            215 Resfam_ErmB          -            245   3.8e-69  238.5   5.8   1   1   9.6e-73   4.7e-69  238.2   5.8    31   241     4   214     2   215 0.99 -
WP_095257751.1       -            244 Resfam_ErmB          -            245   7.2e-69  237.6  14.0   1   1   1.6e-72     8e-69  237.5  14.0     2   242     3   243     1   244 0.99 -
WP_095341279.1       -            221 Resfam_ErmB          -            245   1.1e-68  237.1   7.9   1   1   2.4e-72   1.2e-68  236.9   7.9    25   242     3   220     1   221 0.99 -
WP_095303474.1       -            213 Resfam_ErmB          -            245   5.3e-68  234.8   7.4   1   1   1.2e-71   5.9e-68  234.6   7.4    31   242     1   212     1   213 0.99 -
WP_095300542.1       -            244 Resfam_ErmB          -            245   1.3e-67  233.5  15.9   1   1   2.9e-71   1.4e-67  233.4  15.9     2   242     3   243     1   244 0.99 -
WP_095315729.1       -            244 Resfam_ErmB          -            245   2.6e-67  232.5  15.2   1   1   6.3e-71   3.1e-67  232.3  15.2     2   242     3   243     2   244 0.99 -
WP_095259940.1       -            222 Resfam_ErmB          -            245   5.4e-66  228.2   8.7   1   1   1.2e-69     6e-66  228.1   8.7    24   242     3   221     1   222 0.99 -
WP_095283064.1       -            205 Resfam_ErmB          -            245   5.9e-64  221.5   8.5   1   1   1.3e-67   6.5e-64  221.4   8.5    39   242     1   204     1   205 0.99 -
WP_095325450.1       -            244 Resfam_ErmB          -            245   1.8e-63  219.9  16.1   1   1   4.2e-67     2e-63  219.8  16.1     2   242     3   243     1   244 0.99 -
WP_095300544.1       -            198 Resfam_ErmB          -            245     2e-61  213.2   8.9   1   1   4.6e-65   2.2e-61  213.1   8.9    51   242     6   197     1   198 0.98 -
WP_095292743.1       -            197 Resfam_ErmB          -            245   8.9e-60  207.8   9.2   1   1     2e-63   9.7e-60  207.7   9.2    52   242     6   196     1   197 0.98 -
WP_001570860.1       -            173 Resfam_ErmB          -            245   1.2e-57  200.8   7.1   1   1     3e-61   1.4e-57  200.6   7.1    79   242     9   172     4   173 0.98 -
WP_095257065.1       -            160 Resfam_ErmB          -            245   5.9e-56  195.3   6.4   1   1   1.3e-59   6.5e-56  195.2   6.4    84   242     1   159     1   160 0.99 -
WP_075560452.1       -            167 Resfam_ErmB          -            245   3.1e-55  193.0   8.5   1   1     7e-59   3.4e-55  192.8   8.5    77   241     2   166     1   167 0.99 -
WP_095259634.1       -            190 Resfam_ErmB          -            245   3.9e-53  186.1   6.2   1   1   9.2e-57   4.5e-53  185.9   6.2     2   185     3   186     1   189 0.97 -
WP_039110121.1       -            289 Resfam_ErmB          -            245   6.1e-27  100.3   4.8   1   1   1.6e-30   7.9e-27  100.0   4.8     1   241     1   255     1   259 0.84 -
WP_052259183.1       -            301 Resfam_ErmB          -            245   2.2e-20   78.8   6.4   1   1   6.2e-24     3e-20   78.4   6.4     2   238    11   261     9   271 0.80 -
WP_069985726.1       -            301 Resfam_ErmB          -            245     3e-20   78.4   6.4   1   1   8.4e-24   4.1e-20   78.0   6.4     2   238    11   261     9   271 0.80 -
WP_014325825.1       -            301 Resfam_ErmB          -            245   3.2e-20   78.3   6.2   1   1     9e-24   4.4e-20   77.9   6.2     2   238    11   261     9   271 0.80 -
WP_032488512.1       -            266 Resfam_ErmB          -            245   4.4e-19   74.6   0.7   1   1   1.2e-22   5.8e-19   74.2   0.7     6   216     9   221     4   248 0.81 -
WP_002682030.1       -            266 Resfam_ErmB          -            245   6.3e-19   74.1   0.8   1   1   1.7e-22   8.4e-19   73.7   0.8     6   217     9   222     4   242 0.83 -
WP_063844879.1       -            284 Resfam_ErmB          -            245   2.2e-16   65.8   0.0   1   1   5.7e-20   2.8e-16   65.4   0.0     7   178    11   181     7   230 0.78 -
WP_032488331.1       -            253 Resfam_ErmB          -            245   3.5e-16   65.1   0.0   1   1   9.5e-20   4.7e-16   64.7   0.0     7   178    11   181     8   230 0.76 -
NP_862223.1          -            253 Resfam_ErmB          -            245     6e-16   64.3   0.0   1   1   1.6e-19     8e-16   63.9   0.0     7   177    11   180     8   229 0.76 -
WP_011116967.1       -            253 Resfam_ErmB          -            245     6e-16   64.3   0.0   1   1   1.6e-19     8e-16   63.9   0.0     7   177    11   180     8   229 0.76 -
NP_863178.1          -            284 Resfam_ErmB          -            245   8.7e-16   63.8   0.0   1   1   2.4e-19   1.2e-15   63.3   0.0     7   176    11   179     8   204 0.79 -
WP_011117480.1       -            284 Resfam_ErmB          -            245   8.7e-16   63.8   0.0   1   1   2.4e-19   1.2e-15   63.3   0.0     7   176    11   179     8   204 0.79 -
YP_003657307.1       -            284 Resfam_ErmB          -            245   8.7e-16   63.8   0.0   1   1   2.4e-19   1.2e-15   63.3   0.0     7   176    11   179     8   204 0.79 -
NP_940746.1          -            284 Resfam_ErmB          -            245   1.6e-15   62.9   0.0   1   1   4.5e-19   2.2e-15   62.5   0.0     7   177    11   180     8   211 0.79 -
WP_011152925.1       -            284 Resfam_ErmB          -            245   1.6e-15   62.9   0.0   1   1   4.5e-19   2.2e-15   62.5   0.0     7   177    11   180     8   211 0.79 -
WP_015345217.1       -            281 Resfam_ErmB          -            245   2.6e-15   62.2   0.0   1   1   7.2e-19   3.5e-15   61.8   0.0     7   179    11   185     8   208 0.86 -
YP_007353743.1       -            281 Resfam_ErmB          -            245   2.6e-15   62.2   0.0   1   1   7.2e-19   3.5e-15   61.8   0.0     7   179    11   185     8   208 0.86 -
WP_089031111.1       -            266 Resfam_ErmB          -            245   3.3e-14   58.6   0.0   1   1   8.9e-18   4.3e-14   58.2   0.0     6   180     9   192     5   216 0.84 -
WP_005717594.1       -            288 Resfam_ErmB          -            245     4e-14   58.3   0.0   1   1   1.1e-17   5.5e-14   57.9   0.0     6   188    14   215    10   267 0.78 -
WP_028699058.1       -            266 Resfam_ErmB          -            245   9.8e-14   57.1   0.0   1   1   2.9e-17   1.4e-13   56.6   0.0     6   204    12   221     8   238 0.85 -
WP_002888324.1       -            273 Resfam_ErmB          -            245   7.3e-12   50.9   0.0   1   1   2.1e-15     1e-11   50.4   0.0     6   186    14   206    11   238 0.82 -
WP_029332205.1       -            292 Resfam_ErmB          -            245   1.4e-11   50.0   0.0   1   1   4.5e-15   2.2e-11   49.4   0.0     8   192    26   227    21   261 0.76 -
WP_101456599.1       -            272 Resfam_ErmB          -            245   2.7e-11   49.1   0.0   1   1   7.3e-15   3.6e-11   48.7   0.0     6   179    14   198    11   236 0.86 -
WP_001065397.1       -            273 Resfam_ErmB          -            245   6.2e-11   47.9   0.0   1   1   1.8e-14   8.7e-11   47.4   0.0     6   185    14   205    11   237 0.82 -
#
# Program:         hmmsearch
# Version:         3.1b2 (February 2015)
# Pipeline mode:   SEARCH
# Query file:      /mnt/research/ShadeLab/Dunivin/gene_targeted_assembly/RDPTools/Xander_assembler/gene_resource/ermB/originaldata/ermB.hmm
# Target file:     /mnt/research/ShadeLab/Dunivin/hmmsearch/refseq/protein_files/plasmid.protein.fa
# Option settings: /opt/software/HMMER/3.1b2--GCC-4.8.3/bin/hmmsearch -o /mnt/research/ShadeLab/Dunivin/hmmsearch/refseq/hmm_outputs/ermB.plasmid.protein.fa.stdout.txt -A /mnt/research/ShadeLab/Dunivin/hmmsearch/refseq/hmm_outputs/ermB.plasmid.protein.fa.alignment.0.0000000001.txt --domtblout /mnt/research/ShadeLab/Dunivin/hmmsearch/refseq/hmm_outputs/ermB.plasmid.protein.fa.0.0000000001.tbl.txt -E 0.0000000001 --cpu 8 /mnt/research/ShadeLab/Dunivin/gene_targeted_assembly/RDPTools/Xander_assembler/gene_resource/ermB/originaldata/ermB.hmm /mnt/research/ShadeLab/Dunivin/hmmsearch/refseq/protein_files/plasmid.protein.fa 
# Current dir:     /mnt/research/ShadeLab/Dunivin/hmmsearch/bin
# Date:            Wed Jul 25 14:07:10 2018
# [ok]
