#                                                                            --- full sequence --- -------------- this domain -------------   hmm coord   ali coord   env coord
# target name        accession   tlen query name           accession   qlen   E-value  score  bias   #  of  c-Evalue  i-Evalue  score  bias  from    to  from    to  from    to  acc description of target
#------------------- ---------- ----- -------------------- ---------- ----- --------- ------ ----- --- --- --------- --------- ------ ----- ----- ----- ----- ----- ----- ----- ---- ---------------------
WP_088539138.1       -            287 Resfam_ErmB          -            245   2.9e-25   95.3   3.2   1   1   8.7e-29   6.1e-25   94.3   3.2     6   191    26   215    22   270 0.87 -
WP_042707207.1       -            287 Resfam_ErmB          -            245   1.1e-23   90.2   1.3   1   2   1.6e-27   1.1e-23   90.2   1.3     6   179    26   203    21   225 0.86 -
WP_042707207.1       -            287 Resfam_ErmB          -            245   1.1e-23   90.2   1.3   2   2       4.2   2.9e+04    0.4   0.2     5    71   205   276   201   286 0.69 -
WP_018154682.1       -            272 Resfam_ErmB          -            245     3e-22   85.5   0.2   1   1   9.8e-26   6.8e-22   84.3   0.1     1   178     1   182     1   190 0.90 -
WP_091699284.1       -            290 Resfam_ErmB          -            245     2e-21   82.8   6.5   1   1   3.8e-25   2.7e-21   82.4   6.5     4   198    25   223    22   270 0.85 -
WP_069574953.1       -            290 Resfam_ErmB          -            245     2e-21   82.8   6.5   1   1   3.8e-25   2.7e-21   82.4   6.5     4   198    25   223    22   270 0.85 -
WP_013179589.1       -            275 Resfam_ErmB          -            245   2.1e-21   82.7   1.6   1   1     4e-25   2.8e-21   82.3   1.6     5   184    14   201     9   242 0.85 -
WP_058740167.1       -            290 Resfam_ErmB          -            245   4.2e-21   81.7   2.9   1   1   8.1e-25   5.6e-21   81.3   2.9     2   198    25   223    22   254 0.84 -
WP_063720400.1       -            289 Resfam_ErmB          -            245   7.8e-21   80.8   3.6   1   1   1.5e-24     1e-20   80.5   3.6     4   198    25   223    22   268 0.82 -
WP_104837114.1       -            267 Resfam_ErmB          -            245   8.8e-21   80.7   0.5   1   1   1.6e-24   1.1e-20   80.4   0.5     1   180     1   184     1   222 0.85 -
WP_016359215.1       -            287 Resfam_ErmB          -            245   1.6e-20   79.8   0.3   1   1     3e-24   2.1e-20   79.4   0.3     4   191    23   215    20   270 0.78 -
WP_011170931.1       -            267 Resfam_ErmB          -            245   1.8e-20   79.6   0.3   1   1   3.2e-24   2.3e-20   79.3   0.3     2   200     2   207     1   225 0.83 -
WP_048191882.1       -            278 Resfam_ErmB          -            245     3e-20   78.9   3.2   1   1   5.8e-24     4e-20   78.5   3.2     7   179    20   196    14   242 0.84 -
WP_012194399.1       -            263 Resfam_ErmB          -            245   3.5e-20   78.7   0.4   1   1   6.1e-24   4.2e-20   78.4   0.4     2   190     2   194     1   225 0.83 -
WP_004069134.1       -            273 Resfam_ErmB          -            245   5.7e-20   78.0   0.1   1   1     1e-23   7.1e-20   77.7   0.1     4   181    17   195    14   239 0.81 -
WP_087035604.1       -            272 Resfam_ErmB          -            245   5.9e-20   78.0   0.1   1   1   1.1e-23   7.3e-20   77.7   0.1     4   181    17   195    14   239 0.82 -
WP_011976635.1       -            263 Resfam_ErmB          -            245   7.6e-20   77.6   0.1   1   1   1.8e-23   1.2e-19   76.9   0.1     2   181     2   185     1   218 0.84 -
WP_019265261.1       -            303 Resfam_ErmB          -            245   9.3e-20   77.3   2.5   1   1   1.8e-23   1.2e-19   76.9   2.0     2   211    26   236    23   256 0.79 -
WP_011868570.1       -            263 Resfam_ErmB          -            245   1.1e-19   77.0   0.6   1   1     2e-23   1.4e-19   76.7   0.6     2   185     2   189     1   232 0.82 -
WP_067039939.1       -            290 Resfam_ErmB          -            245   1.2e-19   77.0   1.3   1   1   2.2e-23   1.5e-19   76.6   1.3     4   195    25   220    22   261 0.83 -
WP_012819603.1       -            274 Resfam_ErmB          -            245   1.9e-19   76.3   3.3   1   1   2.8e-23     2e-19   76.2   2.2     6   176     7   181     2   216 0.84 -
WP_048057920.1       -            272 Resfam_ErmB          -            245   2.1e-19   76.1   1.5   1   1     3e-23   2.1e-19   76.1   1.5     1   179     1   183     1   222 0.87 -
WP_011972125.1       -            267 Resfam_ErmB          -            245   2.2e-19   76.1   0.4   1   1   3.9e-23   2.7e-19   75.8   0.4     1   178     1   182     1   233 0.90 -
WP_040682143.1       -            287 Resfam_ErmB          -            245   2.7e-19   75.8   0.4   1   1   5.1e-23   3.5e-19   75.4   0.4     4   190    23   214    20   272 0.80 -
WP_011954469.1       -            303 Resfam_ErmB          -            245   3.1e-19   75.6   2.4   1   1   6.7e-23   4.7e-19   75.0   2.4     2   213    26   238    23   279 0.79 -
WP_019262469.1       -            303 Resfam_ErmB          -            245   3.2e-19   75.6   2.5   1   1   6.6e-23   4.6e-19   75.0   2.1     2   212    26   237    23   255 0.77 -
WP_048202775.1       -            303 Resfam_ErmB          -            245   3.2e-19   75.5   2.4   1   1   6.7e-23   4.7e-19   75.0   2.1     2   212    26   237    23   255 0.77 -
WP_013099809.1       -            269 Resfam_ErmB          -            245   3.8e-19   75.3   1.2   1   1     8e-23   5.6e-19   74.8   1.2     7   179     8   184     1   214 0.86 -
WP_012954966.1       -            298 Resfam_ErmB          -            245   4.7e-19   75.0   4.1   1   1   9.1e-23   6.3e-19   74.6   4.1     5   189    24   215    20   248 0.78 -
WP_042701004.1       -            273 Resfam_ErmB          -            245   5.4e-19   74.8   0.1   1   1   9.8e-23   6.8e-19   74.5   0.1     5   177    18   191    14   237 0.84 -
WP_048081684.1       -            275 Resfam_ErmB          -            245   6.1e-19   74.6   0.4   1   1   1.2e-22   8.6e-19   74.2   0.4     7   194    21   212    16   253 0.81 -
WP_082090741.1       -            269 Resfam_ErmB          -            245   8.8e-19   74.1   0.0   1   1   1.5e-22   1.1e-18   73.8   0.0     7   179    12   186     6   232 0.85 -
WP_011973095.1       -            271 Resfam_ErmB          -            245   9.6e-19   74.0   2.6   1   1   1.7e-22   1.2e-18   73.7   2.6     1   194     1   199     1   244 0.82 -
WP_013826796.1       -            280 Resfam_ErmB          -            245   1.4e-18   73.5   0.8   1   1   2.5e-22   1.7e-18   73.1   0.8     7   179    20   196    14   250 0.84 -
WP_010870542.1       -            275 Resfam_ErmB          -            245   2.3e-18   72.8   0.6   1   1     6e-22   4.2e-18   71.9   0.2     6   176     7   181     2   198 0.86 -
WP_069591947.1       -            271 Resfam_ErmB          -            245   2.3e-18   72.7   1.4   1   1   4.6e-22   3.2e-18   72.3   1.0     7   183    20   200    13   223 0.83 -
WP_013195042.1       -            269 Resfam_ErmB          -            245   2.6e-18   72.6   0.1   1   1   5.3e-22   3.7e-18   72.1   0.1     8   188    17   201    14   239 0.79 -
WP_042702864.1       -            298 Resfam_ErmB          -            245   3.4e-18   72.2   2.5   1   1   7.2e-22     5e-18   71.6   2.5     2   177    29   209    27   230 0.84 -
WP_080459698.1       -            298 Resfam_ErmB          -            245   3.7e-18   72.1   2.9   1   1   8.1e-22   5.7e-18   71.5   2.9     2   176    29   208    27   221 0.84 -
WP_048055459.1       -            264 Resfam_ErmB          -            245   7.5e-18   71.1   0.2   1   1   1.2e-21   8.3e-18   70.9   0.2     5   178     5   182     1   242 0.87 -
WP_008083701.1       -            238 Resfam_ErmB          -            245   8.2e-18   71.0   0.1   1   1   1.5e-21     1e-17   70.6   0.1     6   186     3   187     1   212 0.79 -
WP_012794984.1       -            268 Resfam_ErmB          -            245     9e-18   70.8   0.5   1   1   2.3e-21   1.6e-17   70.0   0.2     6   176     7   181     2   215 0.84 -
WP_071907788.1       -            282 Resfam_ErmB          -            245   9.6e-18   70.7   0.1   1   1   1.8e-21   1.2e-17   70.4   0.1     7   178    22   197    14   242 0.87 -
WP_058946172.1       -            272 Resfam_ErmB          -            245   1.1e-17   70.5   0.1   1   1     2e-21   1.4e-17   70.2   0.1     4   179    17   193    14   236 0.84 -
WP_066970525.1       -            293 Resfam_ErmB          -            245   1.2e-17   70.4   2.3   1   1   2.5e-21   1.7e-17   69.9   2.3     5   178    33   210    27   273 0.85 -
WP_048115473.1       -            265 Resfam_ErmB          -            245   1.2e-17   70.4   0.4   1   1   3.3e-21   2.3e-17   69.5   0.2     6   177     7   182     2   189 0.85 -
WP_067148075.1       -            300 Resfam_ErmB          -            245   1.7e-17   69.9   2.9   1   1   4.6e-21   3.2e-17   69.0   2.9     3   178    26   203    24   247 0.80 -
WP_013414083.1       -            283 Resfam_ErmB          -            245   2.3e-17   69.5   4.2   1   1   4.7e-21   3.3e-17   69.0   4.2     7   185    26   202    19   250 0.82 -
WP_081955698.1       -            260 Resfam_ErmB          -            245   2.3e-17   69.5   0.0   1   1   4.4e-21   3.1e-17   69.1   0.0     8   177     7   178     4   226 0.85 -
WP_054835110.1       -            303 Resfam_ErmB          -            245   2.7e-17   69.2   2.6   1   1   5.7e-21     4e-17   68.7   2.6     2   178    29   211    27   233 0.83 -
WP_067259781.1       -            293 Resfam_ErmB          -            245   2.9e-17   69.2   5.6   1   1   5.3e-21   3.7e-17   68.8   5.6     4   180    26   206    23   261 0.80 -
WP_008082620.1       -            238 Resfam_ErmB          -            245   3.9e-17   68.7   0.0   1   1     7e-21   4.9e-17   68.4   0.0     6   186     3   187     1   212 0.79 -
WP_042679866.1       -            274 Resfam_ErmB          -            245   4.1e-17   68.6   0.4   1   1   7.9e-21   5.5e-17   68.2   0.4     5   175    19   190    15   239 0.85 -
WP_094227010.1       -            269 Resfam_ErmB          -            245   6.1e-17   68.1   0.0   1   1   1.5e-20     1e-16   67.4   0.0     8   194    17   205    12   233 0.78 -
WP_095607950.1       -            273 Resfam_ErmB          -            245   6.6e-17   68.0   0.3   1   1   1.9e-20   1.3e-16   67.0   0.1     7   184    20   202    13   228 0.80 -
WP_100905361.1       -            280 Resfam_ErmB          -            245   1.2e-16   67.1   0.3   1   1   2.5e-20   1.7e-16   66.6   0.3     4   184    18   203    15   229 0.83 -
WP_048201910.1       -            275 Resfam_ErmB          -            245   1.2e-16   67.1   2.0   1   1     3e-20   2.1e-16   66.4   0.4     6   176     7   181     2   192 0.84 -
WP_080565436.1       -            277 Resfam_ErmB          -            245   1.4e-16   67.0   0.0   1   1   3.2e-20   2.3e-16   66.2   0.0     6   202    15   213     8   236 0.82 -
WP_048164714.1       -            275 Resfam_ErmB          -            245   1.5e-16   66.9   0.1   1   1     3e-20   2.1e-16   66.3   0.1     4   175    18   190    15   240 0.85 -
WP_082087376.1       -            260 Resfam_ErmB          -            245   1.6e-16   66.7   0.0   1   1   3.1e-20   2.2e-16   66.3   0.0     8   177     7   178     4   221 0.85 -
WP_080941634.1       -            278 Resfam_ErmB          -            245   1.7e-16   66.6   0.0   1   1   3.9e-20   2.7e-16   66.0   0.0     6   205    15   216     8   239 0.83 -
WP_080943735.1       -            278 Resfam_ErmB          -            245   1.7e-16   66.6   0.0   1   1   3.9e-20   2.7e-16   66.0   0.0     6   205    15   216     8   239 0.83 -
WP_100907161.1       -            280 Resfam_ErmB          -            245   1.8e-16   66.6   0.2   1   1   3.7e-20   2.6e-16   66.0   0.2     4   186    18   205    15   230 0.83 -
WP_080925781.1       -            269 Resfam_ErmB          -            245   2.1e-16   66.4   0.0   1   1   7.1e-20     5e-16   65.1   0.0     6   179    15   190     8   222 0.80 -
WP_004589930.1       -            263 Resfam_ErmB          -            245   3.1e-16   65.8   0.3   1   1   7.5e-20   5.2e-16   65.0   0.3     7   207     8   212     3   245 0.80 -
WP_084630342.1       -            265 Resfam_ErmB          -            245   3.2e-16   65.7   0.0   1   1   8.3e-20   5.8e-16   64.9   0.0     7   178    12   185     4   222 0.82 -
WP_075049205.1       -            254 Resfam_ErmB          -            245   3.3e-16   65.7   0.0   1   1   6.2e-20   4.4e-16   65.3   0.0     8   201    21   212    17   224 0.85 -
WP_015590082.1       -            256 Resfam_ErmB          -            245   4.5e-16   65.2   0.1   1   1   8.7e-20   6.1e-16   64.8   0.1     8   177     8   182     2   211 0.83 -
WP_091690789.1       -            260 Resfam_ErmB          -            245     5e-16   65.1   0.0   1   1     1e-19     7e-16   64.6   0.0     8   177     7   178     4   221 0.84 -
WP_069584350.1       -            275 Resfam_ErmB          -            245     5e-16   65.1   1.2   1   1   9.8e-20   6.8e-16   64.7   1.2     7   187    21   205    16   252 0.78 -
WP_011407110.1       -            271 Resfam_ErmB          -            245   5.4e-16   65.0   2.9   1   1   1.1e-19   7.9e-16   64.4   2.9     6   188    18   204    11   253 0.80 -
WP_082107574.1       -            259 Resfam_ErmB          -            245   5.5e-16   65.0   0.0   1   1   1.3e-19   8.9e-16   64.3   0.0     7   179     6   180     1   225 0.81 -
WP_082106033.1       -            259 Resfam_ErmB          -            245   5.6e-16   64.9   0.0   1   1   1.6e-19   1.1e-15   63.9   0.0     7   178     6   179     1   215 0.80 -
WP_048105723.1       -            234 Resfam_ErmB          -            245     6e-16   64.8   4.0   1   1     1e-19     7e-16   64.6   4.0     5   180     5   179     1   217 0.90 -
WP_015324138.1       -            274 Resfam_ErmB          -            245   7.4e-16   64.5   0.0   1   1   1.8e-19   1.2e-15   63.8   0.0     7   202    20   217    17   241 0.79 -
WP_082108131.1       -            259 Resfam_ErmB          -            245   7.7e-16   64.5   0.0   1   1     2e-19   1.4e-15   63.6   0.0     7   179     6   180     1   224 0.80 -
WP_080927505.1       -            269 Resfam_ErmB          -            245   9.1e-16   64.2   0.0   1   1   3.6e-19   2.5e-15   62.8   0.0     6   193    15   204     8   218 0.80 -
WP_013466666.1       -            280 Resfam_ErmB          -            245   1.1e-15   63.9   0.1   1   1   2.7e-19   1.9e-15   63.2   0.1     5   176    19   191    15   236 0.84 -
WP_082088060.1       -            269 Resfam_ErmB          -            245   1.1e-15   63.9   0.0   1   1   2.9e-19     2e-15   63.1   0.0     6   178    15   189     8   223 0.83 -
WP_056933311.1       -            280 Resfam_ErmB          -            245   1.2e-15   63.9   0.1   1   1   2.9e-19     2e-15   63.1   0.1     5   176    19   191    15   236 0.84 -
WP_015492924.1       -            263 Resfam_ErmB          -            245   1.3e-15   63.7   0.0   1   1   2.4e-19   1.7e-15   63.4   0.0     8   194    22   208    18   227 0.86 -
WP_082086863.1       -            268 Resfam_ErmB          -            245   1.3e-15   63.7   0.0   1   1     3e-19   2.1e-15   63.1   0.0     7   196     6   197     1   224 0.81 -
WP_086636485.1       -            276 Resfam_ErmB          -            245   1.4e-15   63.6   2.0   1   1   3.1e-19   2.1e-15   63.0   1.5     7   196    18   207    11   241 0.79 -
WP_082091244.1       -            278 Resfam_ErmB          -            245   1.5e-15   63.6   0.0   1   1   3.6e-19   2.5e-15   62.8   0.0     6   197    15   208     8   236 0.81 -
WP_015282823.1       -            238 Resfam_ErmB          -            245   1.8e-15   63.3   0.1   1   1   3.4e-19   2.4e-15   62.9   0.1     6   178     3   179     2   213 0.81 -
WP_004029379.1       -            284 Resfam_ErmB          -            245   1.9e-15   63.2   0.0   1   1   4.1e-19   2.9e-15   62.6   0.0     7   188    21   206    16   225 0.86 -
WP_082089371.1       -            269 Resfam_ErmB          -            245   2.2e-15   63.0   0.0   1   1   5.8e-19   4.1e-15   62.1   0.0     6   178    15   189     8   221 0.82 -
WP_013898560.1       -            271 Resfam_ErmB          -            245   2.3e-15   62.9   0.0   1   1   4.9e-19   3.4e-15   62.4   0.0     8   177    17   188    12   230 0.84 -
WP_080932914.1       -            269 Resfam_ErmB          -            245   2.3e-15   62.9   0.0   1   1     8e-19   5.6e-15   61.7   0.0     6   179    15   190     8   222 0.80 -
WP_080503070.1       -            271 Resfam_ErmB          -            245   2.4e-15   62.9   0.0   1   1   8.2e-19   5.7e-15   61.6   0.0     6   179    15   190     8   222 0.80 -
WP_095643719.1       -            274 Resfam_ErmB          -            245   2.4e-15   62.9   0.0   1   1   7.7e-19   5.4e-15   61.7   0.0     6   222    15   231     8   252 0.78 -
WP_011499002.1       -            270 Resfam_ErmB          -            245   2.5e-15   62.8   0.0   1   1   4.9e-19   3.4e-15   62.4   0.0     8   177    17   188    13   228 0.82 -
WP_012981219.1       -            274 Resfam_ErmB          -            245   2.8e-15   62.7   0.6   1   1   7.1e-19     5e-15   61.8   0.3     6   176     7   181     2   215 0.83 -
WP_055283181.1       -            274 Resfam_ErmB          -            245   2.8e-15   62.6   0.2   1   1   5.8e-19   4.1e-15   62.1   0.2     5   175    19   190    15   239 0.85 -
WP_082384104.1       -            267 Resfam_ErmB          -            245   3.1e-15   62.5   0.0   1   1   7.3e-19   5.1e-15   61.8   0.0     7   199     6   200     1   226 0.81 -
WP_013747894.1       -            271 Resfam_ErmB          -            245   3.4e-15   62.4   0.6   1   1     7e-19   4.9e-15   61.9   0.6     8   176    21   190    17   242 0.79 -
WP_082098608.1       -            259 Resfam_ErmB          -            245   3.7e-15   62.2   0.0   1   1   1.1e-18   7.5e-15   61.3   0.0     7   178     6   179     1   218 0.80 -
WP_015848887.1       -            273 Resfam_ErmB          -            245   3.9e-15   62.2   0.1   1   1   7.4e-19   5.2e-15   61.8   0.1     4   175    17   189    14   225 0.84 -
WP_084626234.1       -            278 Resfam_ErmB          -            245   4.1e-15   62.1   0.0   1   1   1.1e-18     8e-15   61.2   0.0     6   196    15   207     8   225 0.80 -
WP_014406817.1       -            270 Resfam_ErmB          -            245   5.8e-15   61.6   0.0   1   1   1.1e-18   7.6e-15   61.2   0.0     7   188    11   193     5   227 0.83 -
WP_091932053.1       -            269 Resfam_ErmB          -            245   1.1e-14   60.8   0.0   1   1   2.1e-18   1.4e-14   60.3   0.0     8   182    17   193    12   230 0.84 -
WP_080942172.1       -            261 Resfam_ErmB          -            245   1.1e-14   60.6   0.0   1   1   3.1e-18   2.2e-14   59.7   0.0     7   211     6   210     1   235 0.78 -
WP_020449224.1       -            263 Resfam_ErmB          -            245   1.4e-14   60.4   0.0   1   1   2.7e-18   1.9e-14   60.0   0.0     8   175    22   189    18   227 0.82 -
WP_015505408.1       -            265 Resfam_ErmB          -            245   1.8e-14   60.0   0.0   1   1   3.4e-18   2.4e-14   59.6   0.0     8   176    20   188    15   203 0.88 -
WP_048053485.1       -            268 Resfam_ErmB          -            245   1.9e-14   59.9   0.1   1   1   3.8e-18   2.7e-14   59.4   0.1     8   175    21   189    17   217 0.83 -
WP_082092961.1       -            274 Resfam_ErmB          -            245     2e-14   59.9   0.0   1   1   5.9e-18   4.1e-14   58.8   0.0     6   178    15   189     8   221 0.81 -
WP_011021455.1       -            269 Resfam_ErmB          -            245     2e-14   59.8   0.0   1   1   6.1e-18   4.2e-14   58.8   0.0     6   178    15   189     7   229 0.80 -
WP_013643794.1       -            273 Resfam_ErmB          -            245   2.1e-14   59.7   0.2   1   1   5.6e-18   3.9e-14   58.9   0.1     7   178    20   195    14   229 0.83 -
WP_048092228.1       -            243 Resfam_ErmB          -            245   2.4e-14   59.6   0.1   1   1   4.2e-18     3e-14   59.3   0.1     5   174     5   178     1   198 0.83 -
WP_010189880.1       -            235 Resfam_ErmB          -            245     3e-14   59.3   1.8   1   1   5.2e-18   3.6e-14   59.0   1.8     2   192     2   195     1   219 0.80 -
WP_042687808.1       -            234 Resfam_ErmB          -            245   3.4e-14   59.1   0.5   1   1     6e-18   4.2e-14   58.8   0.5     1   184     1   184     1   215 0.84 -
WP_082088916.1       -            274 Resfam_ErmB          -            245     8e-14   57.9   0.0   1   1   2.4e-17   1.7e-13   56.8   0.0     6   178    15   189     8   221 0.81 -
WP_091709756.1       -            269 Resfam_ErmB          -            245   8.2e-14   57.8   0.0   1   1   1.5e-17   1.1e-13   57.5   0.0     8   189    17   203    12   234 0.81 -
WP_010867501.1       -            269 Resfam_ErmB          -            245   9.7e-14   57.6   0.1   1   1   1.7e-17   1.2e-13   57.3   0.1     6   178    19   192    14   244 0.81 -
WP_069807537.1       -            281 Resfam_ErmB          -            245   1.1e-13   57.5   0.0   1   1     2e-17   1.4e-13   57.1   0.0     8   216    32   241    27   268 0.85 -
WP_011013003.1       -            273 Resfam_ErmB          -            245   1.3e-13   57.2   0.1   1   1   2.4e-17   1.7e-13   56.8   0.1     6   176    19   190    15   226 0.84 -
WP_066073373.1       -            264 Resfam_ErmB          -            245   1.3e-13   57.2   0.0   1   1   2.4e-17   1.6e-13   56.9   0.0     8   181    22   195    18   222 0.85 -
WP_068579265.1       -            273 Resfam_ErmB          -            245   1.4e-13   57.1   0.0   1   1     3e-17   2.1e-13   56.5   0.0     8   176    22   191    14   201 0.83 -
WP_015858521.1       -            278 Resfam_ErmB          -            245   1.7e-13   56.8   0.0   1   1   3.7e-17   2.6e-13   56.2   0.0     6   175    19   189    14   195 0.84 -
WP_048148082.1       -            274 Resfam_ErmB          -            245   1.9e-13   56.6   0.0   1   1   4.1e-17   2.9e-13   56.1   0.0     8   175    22   190    16   207 0.85 -
WP_068666472.1       -            273 Resfam_ErmB          -            245   2.9e-13   56.1   0.0   1   1   6.4e-17   4.5e-13   55.4   0.0     4   176    17   190    14   218 0.84 -
WP_023993038.1       -            279 Resfam_ErmB          -            245   3.3e-13   55.9   0.4   1   1   6.4e-17   4.4e-13   55.4   0.4     7   183    21   201    16   246 0.85 -
WP_048085804.1       -            279 Resfam_ErmB          -            245     4e-13   55.6   0.1   1   1   9.2e-17   6.4e-13   54.9   0.1     7   186    21   204    15   229 0.85 -
WP_012035134.1       -            260 Resfam_ErmB          -            245   4.1e-13   55.6   0.0   1   1   7.9e-17   5.5e-13   55.1   0.0     7   179     9   182     4   211 0.81 -
WP_010916573.1       -            237 Resfam_ErmB          -            245   4.9e-13   55.3   0.5   1   1   8.4e-17   5.8e-13   55.1   0.5     6   193     6   194     1   205 0.80 -
WP_019177958.1       -            265 Resfam_ErmB          -            245   5.3e-13   55.2   0.0   1   1     1e-16     7e-13   54.8   0.0     8   196    22   210    18   228 0.84 -
WP_048072746.1       -            279 Resfam_ErmB          -            245   8.1e-13   54.6   0.0   1   1   1.9e-16   1.3e-12   53.9   0.0     7   178    21   196    15   224 0.85 -
WP_010876939.1       -            273 Resfam_ErmB          -            245   8.6e-13   54.5   0.0   1   1   1.9e-16   1.4e-12   53.9   0.0     8   176    24   193    19   229 0.87 -
WP_097299564.1       -            252 Resfam_ErmB          -            245   8.9e-13   54.4   0.0   1   1   1.5e-16   1.1e-12   54.2   0.0     5   178     4   175     1   212 0.80 -
WP_083858171.1       -            294 Resfam_ErmB          -            245   9.7e-13   54.3   0.0   1   1   2.1e-16   1.5e-12   53.8   0.0     7   195    40   230    36   257 0.78 -
WP_067088990.1       -            306 Resfam_ErmB          -            245   9.9e-13   54.3  10.0   1   1   1.9e-16   1.4e-12   53.9   9.3     4   200    31   232    28   266 0.80 -
WP_023844193.1       -            269 Resfam_ErmB          -            245   1.1e-12   54.2   0.0   1   1   2.1e-16   1.5e-12   53.7   0.0     8   188    17   201    12   233 0.81 -
WP_062372630.1       -            276 Resfam_ErmB          -            245   1.3e-12   53.9   0.0   1   1   2.8e-16   1.9e-12   53.3   0.0     5   173    18   187    14   193 0.83 -
WP_048175855.1       -            273 Resfam_ErmB          -            245   1.3e-12   53.9   0.0   1   1   2.5e-16   1.7e-12   53.5   0.0     8   176    24   193    19   240 0.87 -
WP_058747476.1       -            260 Resfam_ErmB          -            245   1.4e-12   53.8   0.0   1   1   2.7e-16   1.9e-12   53.4   0.0     8   183    20   195    16   219 0.81 -
WP_014734837.1       -            274 Resfam_ErmB          -            245   1.5e-12   53.7   0.0   1   1     3e-16   2.1e-12   53.2   0.0     8   175    21   189    14   221 0.82 -
WP_013604181.1       -            276 Resfam_ErmB          -            245   1.7e-12   53.5   0.0   1   1   3.4e-16   2.4e-12   53.0   0.0     6   210    27   232    22   260 0.83 -
WP_088819693.1       -            268 Resfam_ErmB          -            245   1.8e-12   53.5   0.0   1   1   5.4e-16   3.8e-12   52.4   0.0    29   182    31   187     7   199 0.80 -
WP_014965666.1       -            235 Resfam_ErmB          -            245     2e-12   53.3   4.6   1   1   3.5e-16   2.4e-12   53.0   4.6     1   192     1   195     1   226 0.80 -
WP_088856163.1       -            276 Resfam_ErmB          -            245   2.2e-12   53.2   0.0   1   1   4.7e-16   3.3e-12   52.6   0.0     4   175    17   189    14   194 0.82 -
WP_068323115.1       -            272 Resfam_ErmB          -            245   2.8e-12   52.8   0.1   1   1   5.7e-16     4e-12   52.3   0.1     8   175    22   190    13   200 0.81 -
WP_074631288.1       -            273 Resfam_ErmB          -            245   3.6e-12   52.5   0.0   1   1   6.5e-16   4.6e-12   52.1   0.0     7   176    20   190    12   224 0.83 -
WP_048150794.1       -            257 Resfam_ErmB          -            245   3.9e-12   52.3   0.0   1   1   7.2e-16     5e-12   52.0   0.0     8   178     6   180     2   212 0.84 -
WP_007551221.1       -            235 Resfam_ErmB          -            245   4.4e-12   52.2   1.6   1   1   7.8e-16   5.4e-12   51.9   1.6     2   182     2   182     1   218 0.76 -
WP_074359562.1       -            275 Resfam_ErmB          -            245   4.8e-12   52.1   0.0   1   1     1e-15   7.2e-12   51.5   0.0     8   179    24   196    19   228 0.84 -
WP_014121390.1       -            283 Resfam_ErmB          -            245     5e-12   52.0   0.0   1   1   9.9e-16   6.9e-12   51.5   0.0     5   174    18   188    14   196 0.86 -
WP_012939485.1       -            251 Resfam_ErmB          -            245   5.5e-12   51.9   0.1   1   1   1.2e-15   8.7e-12   51.2   0.1     8   175     8   180     2   211 0.81 -
WP_012571366.1       -            272 Resfam_ErmB          -            245   6.6e-12   51.6   0.0   1   1   1.3e-15   9.2e-12   51.1   0.0     4   175    17   189    14   200 0.85 -
WP_052884693.1       -            253 Resfam_ErmB          -            245   8.2e-12   51.3   0.0   1   1   1.6e-15   1.1e-11   50.9   0.0    28   178    16   170    10   195 0.86 -
WP_088336055.1       -            278 Resfam_ErmB          -            245   8.3e-12   51.3   0.0   1   1   1.8e-15   1.3e-11   50.7   0.0     8   178    23   196    18   209 0.84 -
WP_050003109.1       -            273 Resfam_ErmB          -            245   9.2e-12   51.1   0.0   1   1   2.1e-15   1.5e-11   50.5   0.0     6   175    19   189    14   202 0.84 -
WP_086907184.1       -            234 Resfam_ErmB          -            245   9.4e-12   51.1   3.1   1   1     2e-15   1.4e-11   50.5   3.2     7   183     7   181     1   220 0.83 -
WP_101476637.1       -            235 Resfam_ErmB          -            245   1.2e-11   50.8   5.2   1   1   2.1e-15   1.5e-11   50.5   5.2     4   179     4   180     1   202 0.83 -
WP_088885118.1       -            283 Resfam_ErmB          -            245   1.2e-11   50.8   0.0   1   1   2.5e-15   1.7e-11   50.2   0.0     6   175    19   189    14   199 0.86 -
WP_099210274.1       -            277 Resfam_ErmB          -            245   1.3e-11   50.7   0.0   1   1   2.5e-15   1.8e-11   50.2   0.0     6   174    19   188    14   197 0.83 -
WP_088180134.1       -            273 Resfam_ErmB          -            245   1.5e-11   50.5   0.0   1   1   3.3e-15   2.3e-11   49.8   0.0     4   176    17   190    14   198 0.82 -
WP_048095151.1       -            245 Resfam_ErmB          -            245   1.6e-11   50.3   0.0   1   1   2.9e-15     2e-11   50.0   0.0     8   175     8   180     1   204 0.81 -
WP_081227072.1       -            287 Resfam_ErmB          -            245   1.7e-11   50.3   0.0   1   1   3.2e-15   2.2e-11   49.9   0.0     6   208    27   230    22   242 0.80 -
WP_013296491.1       -            273 Resfam_ErmB          -            245   1.9e-11   50.1   0.0   1   1   4.5e-15   3.1e-11   49.4   0.0     8   175    24   192     3   222 0.86 -
WP_048089918.1       -            259 Resfam_ErmB          -            245   2.4e-11   49.8   0.0   1   1   4.1e-15   2.9e-11   49.5   0.0     3   182     2   179     1   216 0.81 -
WP_081844893.1       -            234 Resfam_ErmB          -            245   2.6e-11   49.7   0.1   1   1   5.6e-15   3.9e-11   49.1   0.1     4   179     6   180     3   206 0.82 -
WP_014788133.1       -            272 Resfam_ErmB          -            245   3.4e-11   49.3   0.0   1   1   7.7e-15   5.4e-11   48.6   0.0     4   175    17   189    14   194 0.83 -
WP_013337548.1       -            276 Resfam_ErmB          -            245   3.4e-11   49.3   0.0   1   1   6.4e-15   4.5e-11   48.9   0.0     7   180    28   201    22   246 0.84 -
WP_042689187.1       -            277 Resfam_ErmB          -            245   3.9e-11   49.1   0.0   1   1   7.8e-15   5.4e-11   48.6   0.0     6   174    19   188    14   197 0.85 -
WP_100181708.1       -            233 Resfam_ErmB          -            245     4e-11   49.1   0.2   1   1     7e-15   4.9e-11   48.8   0.2     2   178     4   179     1   223 0.84 -
WP_048089651.1       -            203 Resfam_ErmB          -            245     4e-11   49.0   2.9   1   1   7.1e-15     5e-11   48.7   2.9     7   179     7   178     1   195 0.83 -
WP_048069539.1       -            234 Resfam_ErmB          -            245   4.2e-11   49.0   3.2   1   1   7.5e-15   5.2e-11   48.7   3.2     7   184     7   182     1   228 0.80 -
WP_096205454.1       -            251 Resfam_ErmB          -            245   4.6e-11   48.8   0.0   1   1   8.2e-15   5.7e-11   48.5   0.0     5   180     4   177     1   211 0.81 -
WP_109876866.1       -            235 Resfam_ErmB          -            245   4.8e-11   48.8   3.8   1   1     9e-15   6.3e-11   48.4   3.8     1   192     1   195     1   226 0.79 -
WP_013329789.1       -            257 Resfam_ErmB          -            245   4.8e-11   48.8   0.0   1   1     9e-15   6.3e-11   48.4   0.0     8   178     6   180     2   214 0.84 -
WP_054964519.1       -            239 Resfam_ErmB          -            245   5.4e-11   48.6   2.4   1   1   9.6e-15   6.7e-11   48.3   2.4     4   190     6   197     1   218 0.80 -
WP_088858497.1       -            276 Resfam_ErmB          -            245   5.7e-11   48.5   0.0   1   1   1.2e-14   8.2e-11   48.0   0.0     7   175    20   189    14   196 0.84 -
WP_048187206.1       -            232 Resfam_ErmB          -            245     6e-11   48.5   0.3   1   1   1.1e-14   7.5e-11   48.1   0.3     2   178     2   177     1   202 0.83 -
WP_013720171.1       -            247 Resfam_ErmB          -            245   6.1e-11   48.5   0.0   1   1   1.8e-14   1.3e-10   47.4   0.0     7   179     3   174     1   187 0.85 -
WP_013037489.1       -            229 Resfam_ErmB          -            245   6.1e-11   48.4   0.0   1   1   1.1e-14   7.8e-11   48.1   0.0     8   176    17   187    13   219 0.87 -
WP_014012218.1       -            273 Resfam_ErmB          -            245   6.6e-11   48.3   0.0   1   1   1.4e-14   9.8e-11   47.8   0.0     4   176    17   190    14   202 0.83 -
WP_008299660.1       -            235 Resfam_ErmB          -            245   6.9e-11   48.3   5.1   1   1   1.2e-14   8.1e-11   48.0   5.1     3   186     3   186     1   233 0.77 -
WP_048101929.1       -            239 Resfam_ErmB          -            245   7.1e-11   48.2   2.3   1   1   1.3e-14   8.9e-11   47.9   2.3     4   190     6   197     1   218 0.80 -
WP_048083565.1       -            219 Resfam_ErmB          -            245   7.2e-11   48.2   3.9   1   1   1.3e-14   8.9e-11   47.9   3.9     7   182     7   180     1   214 0.81 -
WP_012609072.1       -            278 Resfam_ErmB          -            245   7.6e-11   48.1   0.2   1   1   1.6e-14   1.1e-10   47.6   0.2     6   180    33   205    29   223 0.85 -
WP_101009556.1       -            234 Resfam_ErmB          -            245   8.4e-11   48.0   1.7   1   1   1.6e-14   1.1e-10   47.6   1.7     7   192     7   195     1   204 0.77 -
WP_042666825.1       -            278 Resfam_ErmB          -            245   9.2e-11   47.9   0.2   1   1   1.9e-14   1.3e-10   47.3   0.2     6   179    33   204    29   220 0.85 -
#
# Program:         hmmsearch
# Version:         3.1b2 (February 2015)
# Pipeline mode:   SEARCH
# Query file:      /mnt/research/ShadeLab/Dunivin/gene_targeted_assembly/RDPTools/Xander_assembler/gene_resource/ermB/originaldata/ermB.hmm
# Target file:     /mnt/research/ShadeLab/Dunivin/hmmsearch/refseq/protein_files/archaea.protein.fa
# Option settings: /opt/software/HMMER/3.1b2--GCC-4.8.3/bin/hmmsearch -o /mnt/research/ShadeLab/Dunivin/hmmsearch/refseq/hmm_outputs/ermB.archaea.protein.fa.stdout.txt -A /mnt/research/ShadeLab/Dunivin/hmmsearch/refseq/hmm_outputs/ermB.archaea.protein.fa.alignment.0.0000000001.txt --domtblout /mnt/research/ShadeLab/Dunivin/hmmsearch/refseq/hmm_outputs/ermB.archaea.protein.fa.0.0000000001.tbl.txt -E 0.0000000001 --cpu 8 /mnt/research/ShadeLab/Dunivin/gene_targeted_assembly/RDPTools/Xander_assembler/gene_resource/ermB/originaldata/ermB.hmm /mnt/research/ShadeLab/Dunivin/hmmsearch/refseq/protein_files/archaea.protein.fa 
# Current dir:     /mnt/research/ShadeLab/Dunivin/hmmsearch/bin
# Date:            Wed Jul 25 17:21:02 2018
# [ok]
