#                                                                            --- full sequence --- -------------- this domain -------------   hmm coord   ali coord   env coord
# target name        accession   tlen query name           accession   qlen   E-value  score  bias   #  of  c-Evalue  i-Evalue  score  bias  from    to  from    to  from    to  acc description of target
#------------------- ---------- ----- -------------------- ---------- ----- --------- ------ ----- --- --- --------- --------- ------ ----- ----- ----- ----- ----- ----- ----- ---- ---------------------
WP_091699284.1       -            290 Resfam_ErmC          -            244   6.7e-24   90.8  14.6   1   1   1.4e-27   8.7e-24   90.4  14.6     7   207    27   231    17   268 0.87 -
WP_069574953.1       -            290 Resfam_ErmC          -            244   7.1e-24   90.7  14.6   1   1   1.6e-27   9.7e-24   90.3  14.6     7   207    27   231    18   268 0.87 -
WP_063720400.1       -            289 Resfam_ErmC          -            244   1.1e-23   90.1  12.8   1   1   2.3e-27   1.4e-23   89.7  12.8     7   233    27   262    17   271 0.84 -
WP_008082620.1       -            238 Resfam_ErmC          -            244   2.2e-23   89.1   1.5   1   1   4.3e-27   2.7e-23   88.9   1.5     7   206     3   204     1   209 0.86 -
WP_008083701.1       -            238 Resfam_ErmC          -            244   3.9e-23   88.3   2.4   1   1   7.5e-27   4.7e-23   88.1   2.4     7   206     3   204     1   211 0.86 -
WP_013195042.1       -            269 Resfam_ErmC          -            244   1.5e-22   86.4   0.8   1   1     3e-26   1.9e-22   86.1   0.8     7   224    15   232    12   245 0.86 -
WP_058740167.1       -            290 Resfam_ErmC          -            244   2.1e-22   85.9  11.1   1   1   4.8e-26     3e-22   85.4  11.1     8   207    28   231    22   266 0.86 -
WP_019262469.1       -            303 Resfam_ErmC          -            244   4.6e-22   84.8   8.5   1   1   1.1e-25   6.8e-22   84.2   8.5     7   223    28   250    18   274 0.77 -
WP_018154682.1       -            272 Resfam_ErmC          -            244   4.8e-22   84.7   5.2   1   1   9.4e-26   5.8e-22   84.5   5.2     4   226     3   230     1   247 0.87 -
WP_011954469.1       -            303 Resfam_ErmC          -            244   4.9e-22   84.7   8.6   1   1   1.2e-25   7.6e-22   84.1   8.5     7   223    28   250    18   270 0.77 -
WP_048202775.1       -            303 Resfam_ErmC          -            244   5.2e-22   84.6   8.7   1   1   1.2e-25   7.7e-22   84.1   8.7     7   223    28   250    18   274 0.77 -
WP_048055459.1       -            264 Resfam_ErmC          -            244   7.9e-22   84.0   2.1   1   1   2.5e-25   1.6e-21   83.1   2.2     7   196     6   199     2   244 0.83 -
WP_083858171.1       -            294 Resfam_ErmC          -            244   8.1e-22   84.0   0.0   1   1   1.8e-25   1.1e-21   83.6   0.0     7   225    39   257    35   262 0.89 -
WP_023844193.1       -            269 Resfam_ErmC          -            244   1.4e-21   83.2   0.0   1   1     3e-25   1.9e-21   82.8   0.0     8   225    16   233    11   244 0.86 -
WP_019265261.1       -            303 Resfam_ErmC          -            244   1.8e-21   82.9   9.8   1   1   4.3e-25   2.6e-21   82.3   9.8     7   223    28   250    18   273 0.79 -
WP_067039939.1       -            290 Resfam_ErmC          -            244   2.4e-21   82.4   6.3   1   1   5.1e-25   3.2e-21   82.0   6.3     7   206    27   230    21   265 0.88 -
WP_042707207.1       -            287 Resfam_ErmC          -            244     4e-21   81.7  10.2   1   1     1e-24   6.3e-21   81.1  10.2     9   223    28   244    19   267 0.77 -
WP_015324138.1       -            274 Resfam_ErmC          -            244   8.7e-21   80.6   0.0   1   1   1.9e-24   1.2e-20   80.2   0.0     7   226    19   238    16   244 0.90 -
WP_012194399.1       -            263 Resfam_ErmC          -            244   1.6e-20   79.8   2.6   1   1   3.3e-24   2.1e-20   79.4   2.6     7   197     6   199     2   238 0.85 -
WP_082091244.1       -            278 Resfam_ErmC          -            244   1.9e-20   79.5   0.2   1   1   4.1e-24   2.5e-20   79.1   0.2     7   221    15   232     7   246 0.86 -
WP_012819603.1       -            274 Resfam_ErmC          -            244   2.4e-20   79.2   7.0   1   1   3.8e-24   2.4e-20   79.2   7.0     7   194     7   198     1   222 0.82 -
WP_080941634.1       -            278 Resfam_ErmC          -            244   2.6e-20   79.1   0.2   1   1   5.6e-24   3.5e-20   78.7   0.2     7   219    15   230     7   245 0.85 -
WP_080943735.1       -            278 Resfam_ErmC          -            244   2.7e-20   79.0   0.2   1   1   5.7e-24   3.5e-20   78.6   0.2     7   219    15   230     7   245 0.85 -
WP_082090741.1       -            269 Resfam_ErmC          -            244   2.8e-20   79.0   0.0   1   1   5.7e-24   3.5e-20   78.6   0.0     9   207    13   213     6   240 0.87 -
WP_080942172.1       -            261 Resfam_ErmC          -            244   2.9e-20   78.9   0.1   1   1     6e-24   3.7e-20   78.6   0.1     9   223     7   224     2   236 0.87 -
WP_104837114.1       -            267 Resfam_ErmC          -            244     4e-20   78.4   4.6   1   1   7.9e-24   4.9e-20   78.2   4.6     4   197     3   199     1   240 0.85 -
WP_011021455.1       -            269 Resfam_ErmC          -            244   4.7e-20   78.2   0.0   1   1   9.4e-24   5.8e-20   77.9   0.0     4   225     9   236     6   246 0.84 -
WP_048201910.1       -            275 Resfam_ErmC          -            244   5.1e-20   78.1  11.1   1   1   1.9e-23   1.2e-19   76.9  11.1     7   205     7   212     1   274 0.84 -
WP_080565436.1       -            277 Resfam_ErmC          -            244   6.7e-20   77.7   0.2   1   1   1.4e-23   8.8e-20   77.3   0.2     7   207    15   217     7   244 0.87 -
WP_013099809.1       -            269 Resfam_ErmC          -            244   8.2e-20   77.4   5.1   1   1   1.6e-23   9.7e-20   77.2   5.1     9   193     9   196     1   257 0.86 -
WP_082092961.1       -            274 Resfam_ErmC          -            244   8.9e-20   77.3   0.0   1   1   1.9e-23   1.2e-19   76.9   0.0     7   232    15   243     7   248 0.85 -
WP_082088916.1       -            274 Resfam_ErmC          -            244   1.2e-19   76.9   0.0   1   1   2.5e-23   1.6e-19   76.5   0.0     7   232    15   243     7   248 0.85 -
WP_082098608.1       -            259 Resfam_ErmC          -            244   1.2e-19   76.9   0.0   1   1   2.4e-23   1.5e-19   76.6   0.0     9   227     7   228     2   238 0.85 -
WP_084626234.1       -            278 Resfam_ErmC          -            244   1.2e-19   76.8   0.1   1   1   2.6e-23   1.6e-19   76.5   0.1     7   207    15   217     7   244 0.87 -
WP_013826796.1       -            280 Resfam_ErmC          -            244   1.3e-19   76.8   5.8   1   1   2.8e-23   1.7e-19   76.4   5.8     7   242    19   253    14   255 0.82 -
WP_082384104.1       -            267 Resfam_ErmC          -            244   1.3e-19   76.8   0.1   1   1   2.8e-23   1.7e-19   76.4   0.1     9   207     7   207     2   228 0.87 -
WP_069591947.1       -            271 Resfam_ErmC          -            244   1.3e-19   76.7   8.3   1   1   2.8e-23   1.7e-19   76.4   8.3     7   210    19   225    12   255 0.81 -
WP_004589930.1       -            263 Resfam_ErmC          -            244   1.4e-19   76.7   0.3   1   1   7.3e-23   4.5e-19   75.0   0.0     9   177     9   181     2   190 0.87 -
WP_082089371.1       -            269 Resfam_ErmC          -            244   1.5e-19   76.5   0.0   1   1   3.2e-23     2e-19   76.2   0.0     7   228    15   239     7   249 0.84 -
WP_095643719.1       -            274 Resfam_ErmC          -            244   1.6e-19   76.5   0.2   1   1   3.4e-23   2.1e-19   76.1   0.2     7   223    15   234     7   246 0.86 -
WP_011973095.1       -            271 Resfam_ErmC          -            244   1.8e-19   76.3   8.7   1   1   3.6e-23   2.2e-19   76.0   8.7     4   223     3   230     1   255 0.83 -
WP_048115473.1       -            265 Resfam_ErmC          -            244   2.1e-19   76.1   7.0   1   1   1.4e-22   8.4e-19   74.1   7.2     7   210     7   217     1   245 0.79 -
WP_080925781.1       -            269 Resfam_ErmC          -            244   2.2e-19   76.0   0.0   1   1   4.7e-23   2.9e-19   75.6   0.0     7   211    15   219     7   245 0.84 -
WP_082107574.1       -            259 Resfam_ErmC          -            244   2.3e-19   76.0   0.0   1   1   4.6e-23   2.9e-19   75.6   0.0     9   227     7   228     2   238 0.85 -
WP_016359215.1       -            287 Resfam_ErmC          -            244   2.4e-19   75.9   4.1   1   1   7.9e-23   4.9e-19   74.9   4.1     5   215    23   236    16   266 0.80 -
WP_040682143.1       -            287 Resfam_ErmC          -            244   3.2e-19   75.5   5.7   1   1   7.1e-23   4.4e-19   75.0   5.7     5   225    23   246    16   262 0.84 -
WP_010870542.1       -            275 Resfam_ErmC          -            244   3.6e-19   75.3   7.9   1   1   5.8e-23   3.6e-19   75.3   7.9     7   202     7   206     1   247 0.81 -
WP_048089918.1       -            259 Resfam_ErmC          -            244   4.2e-19   75.1   0.0   1   1   9.5e-23   5.9e-19   74.6   0.0     4   224     2   218     1   234 0.84 -
WP_082108131.1       -            259 Resfam_ErmC          -            244   4.6e-19   75.0   0.0   1   1   9.4e-23   5.8e-19   74.6   0.0     9   227     7   228     2   238 0.85 -
WP_011972125.1       -            267 Resfam_ErmC          -            244   5.2e-19   74.8   4.2   1   1     1e-22   6.4e-19   74.5   4.2     7   191     6   193     1   241 0.85 -
WP_011976635.1       -            263 Resfam_ErmC          -            244     6e-19   74.6   3.4   1   1   1.3e-22   8.2e-19   74.2   3.4     7   222     6   215     2   238 0.83 -
WP_084630342.1       -            265 Resfam_ErmC          -            244   6.3e-19   74.5   0.1   1   1   1.2e-22   7.5e-19   74.3   0.1     8   223    12   230     2   242 0.84 -
WP_004029379.1       -            284 Resfam_ErmC          -            244   6.4e-19   74.5   0.2   1   1   1.4e-22   8.7e-19   74.1   0.2     7   184    20   201    16   232 0.85 -
WP_011170931.1       -            267 Resfam_ErmC          -            244   6.4e-19   74.5   3.1   1   1   1.4e-22   8.8e-19   74.1   3.1     7   204     6   206     2   243 0.85 -
WP_012794984.1       -            268 Resfam_ErmC          -            244   8.5e-19   74.1   4.4   1   1   1.4e-22   8.5e-19   74.1   4.4     7   195     7   199     1   222 0.85 -
WP_088539138.1       -            287 Resfam_ErmC          -            244   8.5e-19   74.1  12.2   1   1   1.8e-22   1.1e-18   73.7  12.2     8   225    27   246    22   266 0.78 -
WP_094227010.1       -            269 Resfam_ErmC          -            244   8.5e-19   74.1   0.1   1   1   1.8e-22   1.1e-18   73.7   0.1     8   226    16   234    11   244 0.86 -
WP_082106033.1       -            259 Resfam_ErmC          -            244   8.9e-19   74.0   0.0   1   1   1.8e-22   1.1e-18   73.7   0.0     9   227     7   228     2   238 0.85 -
WP_082086863.1       -            268 Resfam_ErmC          -            244     1e-18   73.8   0.0   1   1   2.2e-22   1.4e-18   73.4   0.0     9   207     7   207     2   228 0.88 -
WP_058946172.1       -            272 Resfam_ErmC          -            244   1.1e-18   73.8   0.1   1   1   2.3e-22   1.4e-18   73.3   0.1     8   184    20   199    15   235 0.86 -
WP_011868570.1       -            263 Resfam_ErmC          -            244   1.4e-18   73.4   3.8   1   1   3.1e-22   1.9e-18   72.9   3.8     7   202     6   204     2   245 0.84 -
WP_013414083.1       -            283 Resfam_ErmC          -            244   2.2e-18   72.7   9.3   1   1   5.1e-22   3.2e-18   72.2   9.3     9   184    27   207    17   250 0.84 -
WP_080932914.1       -            269 Resfam_ErmC          -            244   2.4e-18   72.6   0.0   1   1   5.1e-22   3.2e-18   72.2   0.0     7   211    15   219     7   245 0.84 -
WP_091932053.1       -            269 Resfam_ErmC          -            244   2.5e-18   72.6   0.0   1   1   5.2e-22   3.2e-18   72.2   0.0     8   226    16   234    11   244 0.86 -
WP_080503070.1       -            271 Resfam_ErmC          -            244   2.5e-18   72.6   0.0   1   1   5.3e-22   3.3e-18   72.2   0.0     7   211    15   219     7   245 0.84 -
WP_080927505.1       -            269 Resfam_ErmC          -            244   2.7e-18   72.5   0.0   1   1   5.6e-22   3.5e-18   72.1   0.0     7   211    15   219     7   245 0.84 -
WP_013179589.1       -            275 Resfam_ErmC          -            244     3e-18   72.3   5.4   1   1   5.7e-22   3.5e-18   72.1   5.4     4   195    11   209     5   247 0.84 -
WP_015282823.1       -            238 Resfam_ErmC          -            244   3.2e-18   72.2   0.5   1   1   6.7e-22   4.1e-18   71.9   0.5     8   206     4   204     2   210 0.84 -
WP_088336055.1       -            278 Resfam_ErmC          -            244   3.3e-18   72.2   0.0   1   1   1.2e-21   7.7e-18   71.0   0.0    10   179    24   196    19   201 0.84 -
WP_048057920.1       -            272 Resfam_ErmC          -            244   3.5e-18   72.1  10.6   1   1     7e-22   4.3e-18   71.8  10.6     4   232     3   244     1   253 0.81 -
WP_013747894.1       -            271 Resfam_ErmC          -            244   3.7e-18   72.0   1.3   1   1   7.9e-22   4.9e-18   71.6   1.3     9   186    21   199    17   238 0.84 -
WP_091709756.1       -            269 Resfam_ErmC          -            244   5.2e-18   71.5   0.0   1   1   1.1e-21   6.7e-18   71.2   0.0     8   227    16   235    11   245 0.85 -
WP_082088060.1       -            269 Resfam_ErmC          -            244   6.4e-18   71.2   0.0   1   1   1.3e-21   8.3e-18   70.9   0.0     7   207    15   217     7   245 0.85 -
WP_013898560.1       -            271 Resfam_ErmC          -            244   7.7e-18   71.0   0.0   1   1   1.6e-21   9.8e-18   70.6   0.0     7   217    15   226    11   240 0.84 -
WP_010916573.1       -            237 Resfam_ErmC          -            244   1.3e-17   70.2   2.2   1   1   2.7e-21   1.6e-17   69.9   2.2    29   182    26   178     6   206 0.84 -
WP_048053485.1       -            268 Resfam_ErmC          -            244   1.7e-17   69.8   0.5   1   1   3.7e-21   2.3e-17   69.4   0.5    10   186    22   199    17   219 0.85 -
WP_012981219.1       -            274 Resfam_ErmC          -            244   1.9e-17   69.7   7.5   1   2   3.1e-21   1.9e-17   69.7   7.5     7   213     7   216     1   247 0.81 -
WP_012981219.1       -            274 Resfam_ErmC          -            244   1.9e-17   69.7   7.5   2   2       7.2   4.4e+04   -0.3   1.2   181   232   213   266   200   271 0.65 -
WP_015848887.1       -            273 Resfam_ErmC          -            244     3e-17   69.1   0.6   1   1   5.9e-21   3.7e-17   68.8   0.6     8   179    20   192    13   256 0.88 -
WP_011499002.1       -            270 Resfam_ErmC          -            244   3.6e-17   68.8   0.0   1   1     7e-21   4.3e-17   68.5   0.0     8   200    16   210    11   245 0.84 -
WP_088819693.1       -            268 Resfam_ErmC          -            244     4e-17   68.6   3.2   1   1   7.8e-21   4.8e-17   68.4   3.2     7   219     9   222     3   240 0.78 -
WP_068323115.1       -            272 Resfam_ErmC          -            244   4.1e-17   68.6   0.2   1   1   8.9e-21   5.5e-17   68.2   0.2     9   183    22   199    14   221 0.86 -
WP_010867501.1       -            269 Resfam_ErmC          -            244   4.2e-17   68.5   0.4   1   1   8.7e-21   5.4e-17   68.2   0.4     8   188    20   201    15   240 0.84 -
WP_087035604.1       -            272 Resfam_ErmC          -            244   4.3e-17   68.5   0.2   1   1   1.1e-20   6.9e-17   67.9   0.2     8   179    20   192    15   238 0.88 -
WP_042701004.1       -            273 Resfam_ErmC          -            244   4.4e-17   68.5   0.4   1   1   9.8e-21   6.1e-17   68.0   0.4     8   179    20   192    14   240 0.87 -
WP_013643794.1       -            273 Resfam_ErmC          -            244   4.7e-17   68.4   1.4   1   1   1.8e-20   1.1e-16   67.2   1.4     7   179    19   195    14   268 0.88 -
WP_067088990.1       -            306 Resfam_ErmC          -            244   4.8e-17   68.4  19.8   1   1   1.2e-20   7.6e-17   67.7  19.8     5   227    31   260    29   283 0.85 -
WP_014788133.1       -            272 Resfam_ErmC          -            244   5.1e-17   68.3   0.0   1   1   1.3e-20   7.7e-17   67.7   0.0     8   179    20   192    13   196 0.88 -
WP_097299564.1       -            252 Resfam_ErmC          -            244   5.1e-17   68.3   0.0   1   1     1e-20   6.3e-17   68.0   0.0     5   223     3   217     1   222 0.85 -
WP_071907788.1       -            282 Resfam_ErmC          -            244   5.2e-17   68.3   0.5   1   1   1.1e-20   6.9e-17   67.8   0.5     7   181    21   199    13   247 0.84 -
WP_023993038.1       -            279 Resfam_ErmC          -            244   8.6e-17   67.5   0.1   1   1   3.2e-20     2e-16   66.4   0.0     7   180    20   197    16   208 0.85 -
WP_011013003.1       -            273 Resfam_ErmC          -            244   9.2e-17   67.4   1.2   1   1   1.9e-20   1.2e-16   67.1   1.2     7   186    19   201    16   243 0.84 -
WP_088180134.1       -            273 Resfam_ErmC          -            244   9.3e-17   67.4   0.0   1   1     2e-20   1.2e-16   67.0   0.0     6   179    18   192    12   211 0.86 -
WP_074631288.1       -            273 Resfam_ErmC          -            244   1.1e-16   67.2   0.0   1   1   2.3e-20   1.4e-16   66.8   0.0     9   179    21   192    10   209 0.87 -
WP_096205454.1       -            251 Resfam_ErmC          -            244   1.6e-16   66.7   0.0   1   1   3.1e-20   1.9e-16   66.4   0.0     6   223     4   217     1   224 0.83 -
WP_067148075.1       -            300 Resfam_ErmC          -            244   1.6e-16   66.7  12.2   1   1   3.6e-20   2.2e-16   66.2  12.2     8   231    28   255    22   267 0.84 -
WP_012954966.1       -            298 Resfam_ErmC          -            244   1.7e-16   66.6  12.0   1   1   3.7e-20   2.3e-16   66.1  12.0     7   230    25   252    16   264 0.80 -
WP_004069134.1       -            273 Resfam_ErmC          -            244   2.2e-16   66.2   0.2   1   1     5e-20   3.1e-16   65.7   0.2     8   179    20   192    15   237 0.88 -
WP_042686927.1       -            278 Resfam_ErmC          -            244   3.3e-16   65.6   0.0   1   1   7.1e-20   4.4e-16   65.2   0.0     5   196    15   208    13   228 0.86 -
WP_068579265.1       -            273 Resfam_ErmC          -            244   3.4e-16   65.6   0.1   1   1   7.2e-20   4.4e-16   65.2   0.1     9   179    22   193    13   228 0.86 -
WP_082087376.1       -            260 Resfam_ErmC          -            244   3.5e-16   65.6   0.0   1   1   6.9e-20   4.2e-16   65.3   0.0     8   176     6   176     2   209 0.89 -
WP_054964519.1       -            239 Resfam_ErmC          -            244   3.6e-16   65.5   6.9   1   1     7e-20   4.3e-16   65.2   6.9     7   207     8   210     1   223 0.80 -
WP_048191882.1       -            278 Resfam_ErmC          -            244     4e-16   65.4   5.5   1   1   8.8e-20   5.5e-16   64.9   5.2     7   180    19   196    10   237 0.84 -
WP_012939485.1       -            251 Resfam_ErmC          -            244   4.6e-16   65.2   0.3   1   1   9.7e-20     6e-16   64.8   0.3     9   177     8   181     2   215 0.83 -
WP_042679866.1       -            274 Resfam_ErmC          -            244   4.8e-16   65.1   0.9   1   1   1.4e-19   8.4e-16   64.3   0.8     8   179    21   193    15   246 0.87 -
WP_042702864.1       -            298 Resfam_ErmC          -            244   5.8e-16   64.8  10.5   1   1   1.3e-19     8e-16   64.4  10.5     8   198    32   231    26   263 0.80 -
WP_011407110.1       -            271 Resfam_ErmC          -            244   6.5e-16   64.7   8.4   1   1   1.4e-19   8.5e-16   64.3   8.4     7   211    18   226     9   256 0.83 -
WP_014734837.1       -            274 Resfam_ErmC          -            244   6.6e-16   64.6   0.1   1   1   1.4e-19   8.6e-16   64.3   0.1     9   181    21   194    13   225 0.85 -
WP_048072746.1       -            279 Resfam_ErmC          -            244   8.4e-16   64.3   0.0   1   1   2.6e-19   1.6e-15   63.4   0.0     7   181    20   198    16   219 0.86 -
WP_048085804.1       -            279 Resfam_ErmC          -            244   8.6e-16   64.3   0.0   1   1     3e-19   1.9e-15   63.2   0.0     7   181    20   198    16   204 0.85 -
WP_013466666.1       -            280 Resfam_ErmC          -            244   8.8e-16   64.2   0.5   1   1   2.4e-19   1.5e-15   63.5   0.4     8   180    21   194    16   237 0.85 -
WP_055040759.1       -            239 Resfam_ErmC          -            244     9e-16   64.2   7.0   1   1   1.7e-19   1.1e-15   63.9   7.0     7   207     8   210     1   223 0.80 -
WP_048101929.1       -            239 Resfam_ErmC          -            244   9.6e-16   64.1   6.4   1   1   1.9e-19   1.2e-15   63.9   6.4     7   207     8   210     1   223 0.79 -
WP_056933311.1       -            280 Resfam_ErmC          -            244   1.1e-15   63.9   0.4   1   1   2.9e-19   1.8e-15   63.2   0.4     8   180    21   194    15   251 0.86 -
WP_013720171.1       -            247 Resfam_ErmC          -            244   1.3e-15   63.7   0.0   1   2   8.7e-19   5.4e-15   61.6   0.0     9   182     4   176     1   201 0.86 -
WP_013720171.1       -            247 Resfam_ErmC          -            244   1.3e-15   63.7   0.0   2   2       5.8   3.6e+04    0.0   0.0   144   162   210   228   183   245 0.67 -
WP_081955698.1       -            260 Resfam_ErmC          -            244   1.4e-15   63.6   0.0   1   1   2.9e-19   1.8e-15   63.2   0.0     8   178     6   178     3   218 0.88 -
WP_081141265.1       -            239 Resfam_ErmC          -            244   1.4e-15   63.5   1.6   1   1   2.9e-19   1.8e-15   63.2   1.6     7   218     8   221     3   237 0.80 -
WP_095607950.1       -            273 Resfam_ErmC          -            244   1.5e-15   63.4   0.5   1   1   4.1e-19   2.5e-15   62.7   0.5     7   180    19   196    11   200 0.88 -
WP_100905361.1       -            280 Resfam_ErmC          -            244   1.6e-15   63.3   0.2   1   1   5.4e-19   3.3e-15   62.3   0.1     5   181    18   198    15   203 0.85 -
WP_048105723.1       -            234 Resfam_ErmC          -            244   1.7e-15   63.3   8.7   1   1   3.4e-19   2.1e-15   63.0   8.7     7   186     6   183     2   227 0.88 -
WP_067259781.1       -            293 Resfam_ErmC          -            244   1.9e-15   63.1  11.5   1   1   5.9e-19   3.7e-15   62.2  11.5     5   206    26   232    23   259 0.79 -
WP_091690789.1       -            260 Resfam_ErmC          -            244     2e-15   63.1   0.0   1   1   3.8e-19   2.4e-15   62.8   0.0     8   185     6   185     2   227 0.86 -
WP_080459698.1       -            298 Resfam_ErmC          -            244   2.4e-15   62.8  10.1   1   1   5.2e-19   3.2e-15   62.4  10.1     8   205    32   239    26   262 0.81 -
WP_048081684.1       -            275 Resfam_ErmC          -            244   2.7e-15   62.6   1.0   1   1   6.7e-19   4.2e-15   62.0   1.0     7   184    20   201    12   237 0.86 -
WP_066073373.1       -            264 Resfam_ErmC          -            244     3e-15   62.5   0.0   1   1   6.3e-19   3.9e-15   62.1   0.0     8   208    21   221    17   236 0.86 -
WP_100907161.1       -            280 Resfam_ErmC          -            244   3.5e-15   62.3   0.1   1   1   1.1e-18   6.7e-15   61.3   0.1     5   180    18   197    15   205 0.85 -
WP_015492924.1       -            263 Resfam_ErmC          -            244     4e-15   62.1   0.0   1   1   8.7e-19   5.4e-15   61.7   0.0     9   209    22   222    18   236 0.89 -
WP_066970525.1       -            293 Resfam_ErmC          -            244   4.2e-15   62.0  11.2   1   1   1.2e-18   7.7e-15   61.2  11.2     6   182    33   213    25   272 0.76 -
WP_088856163.1       -            276 Resfam_ErmC          -            244   4.5e-15   61.9   0.0   1   1   9.6e-19   5.9e-15   61.5   0.0     6   179    18   192    12   214 0.88 -
WP_015590082.1       -            256 Resfam_ErmC          -            244   4.8e-15   61.8   0.4   1   1   9.2e-19   5.7e-15   61.6   0.4     9   197     8   200     2   235 0.83 -
WP_009887059.1       -            239 Resfam_ErmC          -            244   5.5e-15   61.6   1.5   1   1   1.1e-18   6.8e-15   61.3   1.5     7   213     8   216     3   235 0.79 -
WP_050003109.1       -            273 Resfam_ErmC          -            244   6.9e-15   61.3   0.0   1   1   1.5e-18   9.3e-15   60.9   0.0     9   179    21   192    15   239 0.86 -
WP_013604181.1       -            276 Resfam_ErmC          -            244   8.2e-15   61.1   0.1   1   1   1.9e-18   1.2e-14   60.5   0.1     8   183    28   203    23   269 0.78 -
WP_069584350.1       -            275 Resfam_ErmC          -            244   9.6e-15   60.8   2.5   1   1   2.3e-18   1.4e-14   60.3   2.0     7   180    20   197    12   225 0.86 -
WP_048089651.1       -            203 Resfam_ErmC          -            244   1.2e-14   60.5   4.9   1   1   2.5e-18   1.5e-14   60.2   4.9     9   180     8   178     2   197 0.87 -
WP_052399211.1       -            266 Resfam_ErmC          -            244   1.3e-14   60.4   0.0   1   1   2.7e-18   1.7e-14   60.1   0.0     8   208    21   221    16   233 0.83 -
WP_012571366.1       -            272 Resfam_ErmC          -            244   1.4e-14   60.3   0.0   1   1   3.1e-18   1.9e-14   59.9   0.0     8   181    20   195    15   209 0.87 -
WP_067958774.1       -            234 Resfam_ErmC          -            244   1.4e-14   60.3   6.3   1   1   2.9e-18   1.8e-14   60.0   6.3     9   224     8   219     2   229 0.82 -
WP_058747476.1       -            260 Resfam_ErmC          -            244   1.5e-14   60.2   0.0   1   1   3.2e-18     2e-14   59.8   0.0     9   208    20   219    15   231 0.87 -
WP_048164714.1       -            275 Resfam_ErmC          -            244   1.5e-14   60.2   4.9   1   1   9.4e-18   5.8e-14   58.3   4.9     7   183    20   199    16   268 0.85 -
WP_014965666.1       -            235 Resfam_ErmC          -            244   1.5e-14   60.2  10.3   1   1   3.2e-18     2e-14   59.8  10.3     6   224     5   220     2   231 0.83 -
WP_048092228.1       -            243 Resfam_ErmC          -            244   1.6e-14   60.1   0.4   1   1     3e-18   1.9e-14   59.9   0.4     9   195     8   197     2   218 0.79 -
WP_088882781.1       -            284 Resfam_ErmC          -            244   1.6e-14   60.1   0.0   1   1   3.5e-18   2.2e-14   59.7   0.0     9   179    21   192    14   209 0.87 -
WP_013683092.1       -            250 Resfam_ErmC          -            244   1.7e-14   60.0   0.1   1   1   3.3e-18   2.1e-14   59.8   0.1     7   193     5   194     1   211 0.84 -
WP_088866482.1       -            273 Resfam_ErmC          -            244   1.9e-14   59.9   0.0   1   1   4.2e-18   2.6e-14   59.4   0.0     9   179    21   192    10   211 0.86 -
WP_048069539.1       -            234 Resfam_ErmC          -            244     2e-14   59.8   6.0   1   1   3.8e-18   2.4e-14   59.5   6.0     9   185     8   182     2   228 0.82 -
WP_054835110.1       -            303 Resfam_ErmC          -            244     2e-14   59.8  10.7   1   1   4.5e-18   2.8e-14   59.3  10.7     8   198    32   232    26   264 0.79 -
WP_086907184.1       -            234 Resfam_ErmC          -            244   2.7e-14   59.4   7.3   1   1   5.3e-18   3.3e-14   59.1   7.3     9   224     8   219     2   230 0.80 -
WP_081227072.1       -            287 Resfam_ErmC          -            244   3.2e-14   59.1   0.0   1   1   6.6e-18   4.1e-14   58.8   0.0     9   180    29   200    22   247 0.84 -
WP_048083565.1       -            219 Resfam_ErmC          -            244   3.5e-14   59.0   6.9   1   1   6.8e-18   4.2e-14   58.7   6.9     9   181     8   179     2   217 0.83 -
WP_015858521.1       -            278 Resfam_ErmC          -            244   3.6e-14   59.0   0.0   1   1     8e-18     5e-14   58.5   0.0     9   184    21   199    15   216 0.87 -
WP_055283181.1       -            274 Resfam_ErmC          -            244     4e-14   58.8   5.2   1   1   2.9e-17   1.8e-13   56.7   5.2     8   179    21   193    16   268 0.86 -
WP_020449224.1       -            263 Resfam_ErmC          -            244   4.4e-14   58.7   0.1   1   1   9.3e-18   5.8e-14   58.3   0.1     9   180    22   193    18   230 0.84 -
WP_086636485.1       -            276 Resfam_ErmC          -            244   4.6e-14   58.6   1.5   1   1     1e-17   6.3e-14   58.2   1.5     9   206    19   216     8   228 0.83 -
WP_088885118.1       -            283 Resfam_ErmC          -            244   4.6e-14   58.6   0.0   1   1     1e-17   6.2e-14   58.2   0.0     9   179    21   192    14   220 0.87 -
WP_088854106.1       -            280 Resfam_ErmC          -            244   4.7e-14   58.6   0.0   1   1     1e-17   6.4e-14   58.1   0.0     7   179    19   192    13   210 0.88 -
WP_062372630.1       -            276 Resfam_ErmC          -            244   4.8e-14   58.5   0.0   1   1   1.1e-17   6.7e-14   58.1   0.0     8   179    20   192    14   210 0.88 -
WP_014406817.1       -            270 Resfam_ErmC          -            244   4.9e-14   58.5   0.0   1   1   9.5e-18   5.9e-14   58.3   0.0     7   193    10   197     5   232 0.85 -
WP_068666472.1       -            273 Resfam_ErmC          -            244   6.1e-14   58.2   0.0   1   1   1.3e-17   8.1e-14   57.8   0.0     7   179    19   192    15   221 0.86 -
WP_014963775.1       -            233 Resfam_ErmC          -            244   7.9e-14   57.8   8.5   1   1   1.6e-17     1e-13   57.5   8.5     9   207     8   203     2   229 0.79 -
WP_014121390.1       -            283 Resfam_ErmC          -            244   8.1e-14   57.8   0.0   1   1   1.7e-17   1.1e-13   57.4   0.0     8   183    20   198    14   212 0.85 -
WP_088863661.1       -            285 Resfam_ErmC          -            244     9e-14   57.7   0.0   1   1   1.9e-17   1.2e-13   57.2   0.0     9   179    21   192    14   204 0.87 -
WP_019177958.1       -            265 Resfam_ErmC          -            244   1.4e-13   57.1   0.0   1   1   2.9e-17   1.8e-13   56.7   0.0     9   207    22   220    18   231 0.88 -
WP_014012218.1       -            273 Resfam_ErmC          -            244   1.7e-13   56.8   0.0   1   1   3.6e-17   2.2e-13   56.4   0.0     7   179    19   192    13   204 0.87 -
WP_015505408.1       -            265 Resfam_ErmC          -            244   1.7e-13   56.7   0.0   1   1   3.6e-17   2.2e-13   56.4   0.0     8   208    19   219    13   234 0.85 -
WP_088864357.1       -            273 Resfam_ErmC          -            244   1.8e-13   56.7   0.0   1   1     4e-17   2.5e-13   56.2   0.0     7   179    19   192    15   205 0.87 -
WP_012035134.1       -            260 Resfam_ErmC          -            244   1.9e-13   56.6   0.0   1   1   3.8e-17   2.4e-13   56.3   0.0     8   196     9   198     5   228 0.84 -
WP_109876866.1       -            235 Resfam_ErmC          -            244     2e-13   56.5  10.0   1   1   4.3e-17   2.6e-13   56.1  10.0     7   224     6   220     2   232 0.82 -
WP_021789163.1       -            239 Resfam_ErmC          -            244   2.4e-13   56.2   0.8   1   1     5e-17   3.1e-13   55.9   0.8    17   178    16   181     5   215 0.83 -
WP_010879279.1       -            244 Resfam_ErmC          -            244   2.7e-13   56.1   0.0   1   1   5.5e-17   3.4e-13   55.8   0.0    10   178     9   176     3   216 0.85 -
WP_048095151.1       -            245 Resfam_ErmC          -            244     3e-13   55.9   0.0   1   1   6.1e-17   3.8e-13   55.6   0.0     9   192     8   195     4   215 0.82 -
WP_096711457.1       -            267 Resfam_ErmC          -            244   3.1e-13   55.9   0.0   1   1   8.5e-17   5.3e-13   55.1   0.0    10   205    18   215    14   233 0.84 -
WP_042689187.1       -            277 Resfam_ErmC          -            244   3.3e-13   55.8   0.0   1   1   7.5e-17   4.6e-13   55.3   0.0     9   179    21   192    15   210 0.87 -
WP_105460612.1       -            267 Resfam_ErmC          -            244   4.3e-13   55.4   0.0   1   1   9.3e-17   5.8e-13   55.0   0.0    10   206    18   216    13   235 0.85 -
WP_088858497.1       -            276 Resfam_ErmC          -            244   4.4e-13   55.4   0.0   1   1   9.6e-17   5.9e-13   55.0   0.0     9   183    21   198    14   212 0.87 -
WP_013329789.1       -            257 Resfam_ErmC          -            244   4.5e-13   55.4   0.0   1   1   1.1e-16     7e-13   54.7   0.0     8   184     5   185     2   218 0.79 -
WP_072361113.1       -            267 Resfam_ErmC          -            244   4.5e-13   55.4   0.0   1   1   9.7e-17     6e-13   55.0   0.0    10   206    18   216    13   236 0.86 -
WP_013337548.1       -            276 Resfam_ErmC          -            244   4.7e-13   55.3   0.0   1   1   9.1e-17   5.6e-13   55.0   0.0     8   187    28   207    20   267 0.81 -
WP_014586372.1       -            244 Resfam_ErmC          -            244   5.3e-13   55.1   0.0   1   1   1.1e-16   6.8e-13   54.8   0.0     8   180     4   175     1   181 0.85 -
WP_048150794.1       -            257 Resfam_ErmC          -            244   5.7e-13   55.0   0.0   1   1   1.2e-16   7.6e-13   54.6   0.0     8   184     5   185     2   219 0.78 -
WP_048115339.1       -            235 Resfam_ErmC          -            244   9.3e-13   54.3   8.6   1   1   1.9e-16   1.2e-12   54.0   8.6     7   224     6   220     2   232 0.80 -
WP_072561925.1       -            267 Resfam_ErmC          -            244   9.6e-13   54.3   0.0   1   1     2e-16   1.3e-12   53.9   0.0    10   205    18   215    15   242 0.85 -
WP_013037489.1       -            229 Resfam_ErmC          -            244     1e-12   54.2   0.0   1   1   2.1e-16   1.3e-12   53.9   0.0    10   195    18   205    13   224 0.84 -
WP_075049205.1       -            254 Resfam_ErmC          -            244     1e-12   54.2   0.0   1   1   2.2e-16   1.4e-12   53.8   0.0     9   182    21   194    17   223 0.85 -
WP_010876939.1       -            273 Resfam_ErmC          -            244   2.4e-12   53.0   0.0   1   1   4.9e-16   3.1e-12   52.6   0.0     9   177    24   193    19   239 0.84 -
WP_013904865.1       -            275 Resfam_ErmC          -            244   2.5e-12   52.9   0.0   1   1     5e-16   3.1e-12   52.6   0.0     9   178    21   191    15   224 0.86 -
WP_099210274.1       -            277 Resfam_ErmC          -            244   2.6e-12   52.9   0.0   1   1   5.7e-16   3.5e-12   52.4   0.0     9   179    21   192    15   212 0.86 -
WP_048175855.1       -            273 Resfam_ErmC          -            244     3e-12   52.7   0.0   1   1   6.2e-16   3.8e-12   52.3   0.0     9   177    24   193    19   252 0.83 -
WP_013128902.1       -            249 Resfam_ErmC          -            244     3e-12   52.7   0.0   1   1   8.1e-16     5e-12   51.9   0.0     7   180    11   182     6   200 0.85 -
WP_010478605.1       -            283 Resfam_ErmC          -            244   3.3e-12   52.5   0.0   1   1   7.4e-16   4.6e-12   52.1   0.0     8   179    20   192    14   221 0.87 -
WP_110642403.1       -            239 Resfam_ErmC          -            244   3.7e-12   52.4   0.2   1   1   7.5e-16   4.6e-12   52.0   0.2    28   181    25   175     8   198 0.87 -
WP_010189880.1       -            235 Resfam_ErmC          -            244   7.1e-12   51.4   4.3   1   1   1.4e-15     9e-12   51.1   4.3     8   208     7   205     2   229 0.82 -
WP_048148082.1       -            274 Resfam_ErmC          -            244   9.2e-12   51.1   0.0   1   1   1.9e-15   1.2e-11   50.7   0.0     9   180    22   194    14   229 0.86 -
WP_058939163.1       -            273 Resfam_ErmC          -            244   9.8e-12   51.0   0.0   1   1   2.1e-15   1.3e-11   50.6   0.0     7   179    19   192    14   209 0.86 -
WP_059057202.1       -            279 Resfam_ErmC          -            244     1e-11   51.0   0.0   1   1     2e-15   1.3e-11   50.6   0.0     9   225    22   240    18   252 0.83 -
WP_084272597.1       -            239 Resfam_ErmC          -            244     1e-11   50.9   3.2   1   1   2.4e-15   1.5e-11   50.4   3.2     8   197     7   196     2   225 0.76 -
WP_062386512.1       -            279 Resfam_ErmC          -            244     1e-11   50.9   0.0   1   1   2.3e-15   1.4e-11   50.5   0.0     9   179    21   192    15   211 0.87 -
WP_011249850.1       -            279 Resfam_ErmC          -            244   1.2e-11   50.7   0.0   1   1   2.7e-15   1.7e-11   50.2   0.0     9   179    21   192    15   210 0.87 -
WP_008299660.1       -            235 Resfam_ErmC          -            244   2.3e-11   49.8   7.1   1   1   4.8e-15     3e-11   49.4   7.1     9   206     8   203     2   230 0.80 -
WP_011177187.1       -            239 Resfam_ErmC          -            244   2.8e-11   49.5   4.1   1   1     7e-15   4.3e-11   48.9   4.1     8   197     7   196     2   227 0.75 -
WP_058983684.1       -            279 Resfam_ErmC          -            244   4.7e-11   48.7   0.0   1   1     1e-14   6.3e-11   48.3   0.0     9   225    22   240    18   251 0.84 -
WP_010901706.1       -            239 Resfam_ErmC          -            244   4.8e-11   48.7   0.1   1   1   9.5e-15   5.9e-11   48.4   0.1    28   181    25   175     6   198 0.87 -
WP_009760981.1       -            279 Resfam_ErmC          -            244     6e-11   48.4   0.0   1   1   1.3e-14   7.9e-11   48.0   0.0     8   214    21   229    16   244 0.82 -
WP_101476637.1       -            235 Resfam_ErmC          -            244   8.6e-11   47.9   4.7   1   1   1.7e-14   1.1e-10   47.6   4.7     9   192     8   191     2   213 0.81 -
WP_049970879.1       -            294 Resfam_ErmC          -            244   9.2e-11   47.8   0.0   1   1     2e-14   1.2e-10   47.4   0.0     9   225    30   248    25   254 0.84 -
#
# Program:         hmmsearch
# Version:         3.1b2 (February 2015)
# Pipeline mode:   SEARCH
# Query file:      /mnt/research/ShadeLab/Dunivin/gene_targeted_assembly/RDPTools/Xander_assembler/gene_resource/ermC/originaldata/ermC.hmm
# Target file:     /mnt/research/ShadeLab/Dunivin/hmmsearch/refseq/protein_files/archaea.protein.fa
# Option settings: /opt/software/HMMER/3.1b2--GCC-4.8.3/bin/hmmsearch -o /mnt/research/ShadeLab/Dunivin/hmmsearch/refseq/hmm_outputs/ermC.archaea.protein.fa.stdout.txt -A /mnt/research/ShadeLab/Dunivin/hmmsearch/refseq/hmm_outputs/ermC.archaea.protein.fa.alignment.0.0000000001.txt --domtblout /mnt/research/ShadeLab/Dunivin/hmmsearch/refseq/hmm_outputs/ermC.archaea.protein.fa.0.0000000001.tbl.txt -E 0.0000000001 --cpu 8 /mnt/research/ShadeLab/Dunivin/gene_targeted_assembly/RDPTools/Xander_assembler/gene_resource/ermC/originaldata/ermC.hmm /mnt/research/ShadeLab/Dunivin/hmmsearch/refseq/protein_files/archaea.protein.fa 
# Current dir:     /mnt/research/ShadeLab/Dunivin/hmmsearch/bin
# Date:            Wed Jul 25 14:05:08 2018
# [ok]
