#                                                                            --- full sequence --- -------------- this domain -------------   hmm coord   ali coord   env coord
# target name        accession   tlen query name           accession   qlen   E-value  score  bias   #  of  c-Evalue  i-Evalue  score  bias  from    to  from    to  from    to  acc description of target
#------------------- ---------- ----- -------------------- ---------- ----- --------- ------ ----- --- --- --------- --------- ------ ----- ----- ----- ----- ----- ----- ----- ---- ---------------------
NP_040407.1          -            244 Resfam_ErmC          -            244  8.8e-168  561.4  23.2   1   1    2e-171  9.8e-168  561.3  23.2     1   244     1   244     1   244 1.00 -
WP_001003263.1       -            244 Resfam_ErmC          -            244  8.8e-168  561.4  23.2   1   1    2e-171  9.8e-168  561.3  23.2     1   244     1   244     1   244 1.00 -
YP_001901402.1       -            244 Resfam_ErmC          -            244  8.8e-168  561.4  23.2   1   1    2e-171  9.8e-168  561.3  23.2     1   244     1   244     1   244 1.00 -
YP_001901404.1       -            244 Resfam_ErmC          -            244  8.8e-168  561.4  23.2   1   1    2e-171  9.8e-168  561.3  23.2     1   244     1   244     1   244 1.00 -
YP_004928116.1       -            244 Resfam_ErmC          -            244  8.8e-168  561.4  23.2   1   1    2e-171  9.8e-168  561.3  23.2     1   244     1   244     1   244 1.00 -
YP_006937187.1       -            244 Resfam_ErmC          -            244  8.8e-168  561.4  23.2   1   1    2e-171  9.8e-168  561.3  23.2     1   244     1   244     1   244 1.00 -
YP_006937474.1       -            244 Resfam_ErmC          -            244  8.8e-168  561.4  23.2   1   1    2e-171  9.8e-168  561.3  23.2     1   244     1   244     1   244 1.00 -
YP_006958101.1       -            244 Resfam_ErmC          -            244  8.8e-168  561.4  23.2   1   1    2e-171  9.8e-168  561.3  23.2     1   244     1   244     1   244 1.00 -
YP_006958110.1       -            244 Resfam_ErmC          -            244  8.8e-168  561.4  23.2   1   1    2e-171  9.8e-168  561.3  23.2     1   244     1   244     1   244 1.00 -
YP_006958492.1       -            244 Resfam_ErmC          -            244  8.8e-168  561.4  23.2   1   1    2e-171  9.8e-168  561.3  23.2     1   244     1   244     1   244 1.00 -
YP_009060500.1       -            244 Resfam_ErmC          -            244  8.8e-168  561.4  23.2   1   1    2e-171  9.8e-168  561.3  23.2     1   244     1   244     1   244 1.00 -
YP_209657.1          -            244 Resfam_ErmC          -            244  8.8e-168  561.4  23.2   1   1    2e-171  9.8e-168  561.3  23.2     1   244     1   244     1   244 1.00 -
WP_011282421.1       -            244 Resfam_ErmC          -            244    1e-167  561.2  22.8   1   1  2.3e-171  1.1e-167  561.1  22.8     1   244     1   244     1   244 1.00 -
YP_271816.1          -            244 Resfam_ErmC          -            244    1e-167  561.2  22.8   1   1  2.3e-171  1.1e-167  561.1  22.8     1   244     1   244     1   244 1.00 -
NP_040475.1          -            244 Resfam_ErmC          -            244  1.5e-167  560.6  22.9   1   1  3.5e-171  1.7e-167  560.5  22.9     1   244     1   244     1   244 1.00 -
WP_001003264.1       -            244 Resfam_ErmC          -            244  1.5e-167  560.6  22.9   1   1  3.5e-171  1.7e-167  560.5  22.9     1   244     1   244     1   244 1.00 -
WP_001003260.1       -            244 Resfam_ErmC          -            244  1.7e-167  560.5  23.8   1   1  3.9e-171  1.9e-167  560.3  23.8     1   244     1   244     1   244 1.00 -
WP_032489010.1       -            244 Resfam_ErmC          -            244  1.8e-167  560.4  23.6   1   1  4.1e-171    2e-167  560.3  23.6     1   244     1   244     1   244 1.00 -
WP_063844768.1       -            244 Resfam_ErmC          -            244    2e-167  560.3  22.7   1   1  4.6e-171  2.2e-167  560.1  22.7     1   244     1   244     1   244 1.00 -
NP_040462.1          -            244 Resfam_ErmC          -            244  3.9e-167  559.3  23.5   1   1  8.9e-171  4.3e-167  559.2  23.5     1   244     1   244     1   244 1.00 -
WP_010889933.1       -            244 Resfam_ErmC          -            244  3.9e-167  559.3  23.5   1   1  8.9e-171  4.3e-167  559.2  23.5     1   244     1   244     1   244 1.00 -
WP_095327504.1       -            244 Resfam_ErmC          -            244  4.4e-167  559.1  23.9   1   1    1e-170  4.9e-167  559.0  23.9     1   244     1   244     1   244 1.00 -
WP_095321120.1       -            244 Resfam_ErmC          -            244  4.7e-167  559.0  22.8   1   1  1.1e-170  5.2e-167  558.9  22.8     1   244     1   244     1   244 1.00 -
WP_031929051.1       -            244 Resfam_ErmC          -            244  4.7e-167  559.0  22.6   1   1  1.1e-170  5.3e-167  558.9  22.6     1   244     1   244     1   244 1.00 -
WP_095257063.1       -            244 Resfam_ErmC          -            244  5.1e-167  558.9  23.3   1   1  1.2e-170  5.7e-167  558.8  23.3     1   244     1   244     1   244 1.00 -
WP_095241969.1       -            244 Resfam_ErmC          -            244  5.4e-167  558.8  23.1   1   1  1.3e-170  6.1e-167  558.7  23.1     1   244     1   244     1   244 1.00 -
WP_011276921.1       -            244 Resfam_ErmC          -            244  9.9e-167  558.0  23.0   1   1  2.3e-170  1.1e-166  557.8  23.0     1   244     1   244     1   244 1.00 -
WP_002503928.1       -            244 Resfam_ErmC          -            244  1.1e-166  557.8  23.2   1   1  2.6e-170  1.2e-166  557.7  23.2     1   244     1   244     1   244 1.00 -
YP_006938617.1       -            244 Resfam_ErmC          -            244  1.1e-166  557.8  23.2   1   1  2.6e-170  1.2e-166  557.7  23.2     1   244     1   244     1   244 1.00 -
WP_007410443.1       -            244 Resfam_ErmC          -            244  1.2e-166  557.7  23.1   1   1  2.8e-170  1.3e-166  557.6  23.1     1   244     1   244     1   244 1.00 -
YP_009060503.1       -            244 Resfam_ErmC          -            244  1.2e-166  557.7  23.1   1   1  2.8e-170  1.3e-166  557.6  23.1     1   244     1   244     1   244 1.00 -
YP_025321.1          -            244 Resfam_ErmC          -            244  1.2e-166  557.7  23.1   1   1  2.8e-170  1.3e-166  557.6  23.1     1   244     1   244     1   244 1.00 -
WP_095256749.1       -            244 Resfam_ErmC          -            244  1.2e-166  557.7  23.0   1   1  2.8e-170  1.4e-166  557.5  23.0     1   244     1   244     1   244 1.00 -
WP_032489016.1       -            244 Resfam_ErmC          -            244  1.9e-166  557.0  24.0   1   1  4.5e-170  2.1e-166  556.9  24.0     1   244     1   244     1   244 1.00 -
WP_095280164.1       -            244 Resfam_ErmC          -            244  2.7e-166  556.5  23.3   1   1  6.3e-170    3e-166  556.4  23.3     1   244     1   244     1   244 1.00 -
WP_032489009.1       -            244 Resfam_ErmC          -            244  3.3e-166  556.2  23.7   1   1  7.8e-170  3.7e-166  556.1  23.7     1   244     1   244     1   244 1.00 -
WP_095286329.1       -            244 Resfam_ErmC          -            244  6.2e-166  555.4  23.0   1   1  1.4e-169    7e-166  555.2  23.0     1   244     1   244     1   244 1.00 -
WP_095258643.1       -            244 Resfam_ErmC          -            244    7e-166  555.2  22.5   1   1  1.6e-169  7.8e-166  555.0  22.5     1   244     1   244     1   244 1.00 -
WP_014158488.1       -            244 Resfam_ErmC          -            244  9.2e-166  554.8  23.4   1   1  2.1e-169    1e-165  554.6  23.4     1   244     1   244     1   244 1.00 -
YP_004927973.1       -            244 Resfam_ErmC          -            244  9.2e-166  554.8  23.4   1   1  2.1e-169    1e-165  554.6  23.4     1   244     1   244     1   244 1.00 -
WP_095341278.1       -            244 Resfam_ErmC          -            244  1.1e-165  554.5  24.2   1   1  2.6e-169  1.3e-165  554.3  24.2     1   244     1   244     1   244 1.00 -
WP_032489011.1       -            244 Resfam_ErmC          -            244  3.5e-165  552.9  22.9   1   1  8.1e-169  3.9e-165  552.8  22.9     1   244     1   244     1   244 1.00 -
WP_095251374.1       -            244 Resfam_ErmC          -            244  7.1e-165  551.9  24.1   1   1  1.6e-168  7.9e-165  551.8  24.1     1   244     1   244     1   244 1.00 -
WP_095316456.1       -            244 Resfam_ErmC          -            244  1.5e-164  550.8  23.8   1   1  3.5e-168  1.7e-164  550.7  23.8     1   244     1   244     1   244 1.00 -
WP_095231779.1       -            244 Resfam_ErmC          -            244  1.6e-164  550.8  23.3   1   1  3.6e-168  1.7e-164  550.6  23.3     1   244     1   244     1   244 1.00 -
WP_095315731.1       -            244 Resfam_ErmC          -            244  2.3e-163  546.9  24.6   1   1  5.4e-167  2.6e-163  546.8  24.6     1   244     1   244     1   244 1.00 -
WP_095303470.1       -            244 Resfam_ErmC          -            244  4.3e-162  542.8  22.5   1   1    1e-165  4.8e-162  542.6  22.5     1   244     1   244     1   244 1.00 -
WP_011382144.1       -            244 Resfam_ErmC          -            244  1.1e-159  534.9  22.6   1   1  2.5e-163  1.2e-159  534.8  22.6     1   244     1   244     1   244 1.00 -
YP_415516.1          -            244 Resfam_ErmC          -            244  1.1e-159  534.9  22.6   1   1  2.5e-163  1.2e-159  534.8  22.6     1   244     1   244     1   244 1.00 -
WP_095292735.1       -            235 Resfam_ErmC          -            244  1.7e-159  534.3  20.1   1   1  3.9e-163  1.9e-159  534.1  20.1     1   235     1   235     1   235 1.00 -
WP_032492416.1       -            244 Resfam_ErmC          -            244  3.9e-159  533.1  22.5   1   1  9.1e-163  4.4e-159  532.9  22.5     1   244     1   244     1   244 1.00 -
WP_034984371.1       -            249 Resfam_ErmC          -            244  6.7e-159  532.3  22.7   1   1  1.7e-162  8.2e-159  532.1  22.7     3   244     8   249     6   249 0.99 -
WP_021286044.1       -            244 Resfam_ErmC          -            244  8.9e-159  531.9  22.1   1   1  2.1e-162  9.9e-159  531.8  22.1     1   244     1   244     1   244 1.00 -
WP_095315968.1       -            244 Resfam_ErmC          -            244  1.6e-158  531.1  23.4   1   1  3.8e-162  1.8e-158  530.9  23.4     1   244     1   244     1   244 1.00 -
WP_014125936.1       -            244 Resfam_ErmC          -            244  1.7e-158  531.0  21.9   1   1    4e-162  1.9e-158  530.8  21.9     1   244     1   244     1   244 1.00 -
YP_004888093.1       -            244 Resfam_ErmC          -            244  1.7e-158  531.0  21.9   1   1    4e-162  1.9e-158  530.8  21.9     1   244     1   244     1   244 1.00 -
WP_014158490.1       -            244 Resfam_ErmC          -            244  1.7e-158  531.0  21.9   1   1    4e-162  1.9e-158  530.8  21.9     1   244     1   244     1   244 1.00 -
YP_004928113.1       -            244 Resfam_ErmC          -            244  1.7e-158  531.0  21.9   1   1    4e-162  1.9e-158  530.8  21.9     1   244     1   244     1   244 1.00 -
WP_095315204.1       -            244 Resfam_ErmC          -            244  6.4e-158  529.1  24.1   1   1  1.5e-161  7.1e-158  529.0  24.1     1   244     1   244     1   244 1.00 -
WP_095257151.1       -            244 Resfam_ErmC          -            244  1.2e-156  525.0  25.1   1   1  2.8e-160  1.3e-156  524.8  25.1     1   244     1   244     1   244 1.00 -
WP_095257751.1       -            244 Resfam_ErmC          -            244  3.4e-154  516.9  23.6   1   1  7.8e-158  3.8e-154  516.8  23.6     1   244     1   244     1   244 1.00 -
WP_095276589.1       -            244 Resfam_ErmC          -            244  1.4e-153  514.9  24.5   1   1  3.3e-157  1.6e-153  514.7  24.5     1   244     1   244     1   244 1.00 -
WP_095315729.1       -            244 Resfam_ErmC          -            244  1.5e-152  511.6  25.0   1   1  3.5e-156  1.7e-152  511.4  25.0     1   244     1   244     1   244 1.00 -
WP_095300542.1       -            244 Resfam_ErmC          -            244  1.3e-151  508.4  25.5   1   1  3.1e-155  1.5e-151  508.3  25.5     1   244     1   244     1   244 1.00 -
WP_095341279.1       -            221 Resfam_ErmC          -            244  3.8e-151  507.0  16.3   1   1  8.8e-155  4.2e-151  506.8  16.3    24   244     1   221     1   221 1.00 -
WP_095259940.1       -            222 Resfam_ErmC          -            244  1.9e-148  498.1  17.1   1   1  4.4e-152  2.1e-148  498.0  17.1    23   244     1   222     1   222 1.00 -
WP_095325450.1       -            244 Resfam_ErmC          -            244  8.3e-148  496.0  26.0   1   1  1.9e-151  9.2e-148  495.9  26.0     1   244     1   244     1   244 1.00 -
WP_095303474.1       -            213 Resfam_ErmC          -            244    4e-146  490.5  15.6   1   1  9.2e-150  4.4e-146  490.4  15.6    32   244     1   213     1   213 1.00 -
WP_095283064.1       -            205 Resfam_ErmC          -            244  2.8e-140  471.4  15.3   1   1  6.4e-144  3.1e-140  471.2  15.3    40   244     1   205     1   205 1.00 -
WP_095292743.1       -            197 Resfam_ErmC          -            244  5.8e-133  447.4  16.7   1   1  1.3e-136  6.5e-133  447.3  16.7    48   244     1   197     1   197 1.00 -
WP_095300544.1       -            198 Resfam_ErmC          -            244  1.6e-132  446.0  16.2   1   1  3.7e-136  1.8e-132  445.8  16.2    47   244     1   198     1   198 1.00 -
WP_001035822.1       -            244 Resfam_ErmC          -            244  2.7e-129  435.4  18.4   1   1  6.3e-133    3e-129  435.2  18.4     1   243     1   243     1   244 1.00 -
YP_007391618.2       -            244 Resfam_ErmC          -            244  2.7e-129  435.4  18.4   1   1  6.3e-133    3e-129  435.2  18.4     1   243     1   243     1   244 1.00 -
NP_862543.1          -            244 Resfam_ErmC          -            244  2.8e-129  435.4  18.9   1   1  6.4e-133  3.1e-129  435.2  18.9     1   244     1   244     1   244 1.00 -
WP_011117197.1       -            244 Resfam_ErmC          -            244  2.8e-129  435.4  18.9   1   1  6.4e-133  3.1e-129  435.2  18.9     1   244     1   244     1   244 1.00 -
WP_095259634.1       -            190 Resfam_ErmC          -            244  3.2e-129  435.2  12.4   1   1  7.3e-133  3.5e-129  435.0  12.4     1   190     1   190     1   190 1.00 -
WP_015618040.1       -            244 Resfam_ErmC          -            244  1.7e-128  432.8  19.5   1   1  3.9e-132  1.9e-128  432.6  19.5     1   244     1   244     1   244 1.00 -
YP_007947671.1       -            244 Resfam_ErmC          -            244  1.7e-128  432.8  19.5   1   1  3.9e-132  1.9e-128  432.6  19.5     1   244     1   244     1   244 1.00 -
WP_002345002.1       -            244 Resfam_ErmC          -            244  5.9e-128  431.0  19.6   1   1  1.4e-131  6.6e-128  430.9  19.6     1   244     1   244     1   244 1.00 -
YP_001716198.2       -            244 Resfam_ErmC          -            244  5.9e-128  431.0  19.6   1   1  1.4e-131  6.6e-128  430.9  19.6     1   244     1   244     1   244 1.00 -
YP_004831081.1       -            244 Resfam_ErmC          -            244  5.9e-128  431.0  19.6   1   1  1.4e-131  6.6e-128  430.9  19.6     1   244     1   244     1   244 1.00 -
YP_004831117.1       -            244 Resfam_ErmC          -            244  5.9e-128  431.0  19.6   1   1  1.4e-131  6.6e-128  430.9  19.6     1   244     1   244     1   244 1.00 -
YP_006961083.1       -            244 Resfam_ErmC          -            244  5.9e-128  431.0  19.6   1   1  1.4e-131  6.6e-128  430.9  19.6     1   244     1   244     1   244 1.00 -
YP_009061010.1       -            244 Resfam_ErmC          -            244  5.9e-128  431.0  19.6   1   1  1.4e-131  6.6e-128  430.9  19.6     1   244     1   244     1   244 1.00 -
WP_063844825.1       -            244 Resfam_ErmC          -            244  2.5e-127  428.9  19.7   1   1  5.9e-131  2.8e-127  428.8  19.7     1   244     1   244     1   244 1.00 -
WP_012301161.1       -            242 Resfam_ErmC          -            244    2e-125  422.8  19.7   1   1  4.6e-129  2.2e-125  422.6  19.7     1   244     1   242     1   242 0.99 -
YP_006965543.1       -            242 Resfam_ErmC          -            244    2e-125  422.8  19.7   1   1  4.6e-129  2.2e-125  422.6  19.7     1   244     1   242     1   242 0.99 -
NP_899170.1          -            243 Resfam_ErmC          -            244  3.2e-121  409.0  17.7   1   1  7.3e-125  3.5e-121  408.8  17.7     1   242     1   242     1   243 1.00 -
WP_011133550.1       -            243 Resfam_ErmC          -            244  3.2e-121  409.0  17.7   1   1  7.3e-125  3.5e-121  408.8  17.7     1   242     1   242     1   243 1.00 -
NP_783844.1          -            245 Resfam_ErmC          -            244  4.4e-117  395.4  15.9   1   1  1.1e-120  5.1e-117  395.2  15.9     3   243     2   242     1   243 0.99 -
WP_011100845.1       -            245 Resfam_ErmC          -            244  4.4e-117  395.4  15.9   1   1  1.1e-120  5.1e-117  395.2  15.9     3   243     2   242     1   243 0.99 -
WP_001570860.1       -            173 Resfam_ErmC          -            244  1.7e-115  390.2  16.6   1   1    4e-119  1.9e-115  390.0  16.6    72   244     1   173     1   173 1.00 -
WP_095257065.1       -            160 Resfam_ErmC          -            244  4.4e-106  359.4  14.7   1   1    1e-109  4.9e-106  359.2  14.7    85   244     1   160     1   160 1.00 -
WP_002360844.1       -            243 Resfam_ErmC          -            244   2.9e-89  304.3  17.6   1   1   6.7e-93   3.2e-89  304.2  17.6     1   242     1   242     1   243 0.99 -
WP_001072201.1       -            243 Resfam_ErmC          -            244   4.2e-88  300.5  13.1   1   1   9.7e-92   4.7e-88  300.4  13.1     1   242     1   242     1   243 1.00 -
YP_006958113.1       -            243 Resfam_ErmC          -            244   4.2e-88  300.5  13.1   1   1   9.7e-92   4.7e-88  300.4  13.1     1   242     1   242     1   243 1.00 -
WP_087587948.1       -            243 Resfam_ErmC          -            244   2.1e-86  294.9  20.1   1   1   4.9e-90   2.4e-86  294.8  20.1     1   243     1   243     1   243 0.99 -
WP_020277967.1       -            215 Resfam_ErmC          -            244   1.8e-80  275.6   7.8   1   1     4e-84   1.9e-80  275.4   7.8    31   242     3   214     1   215 0.99 -
YP_008119853.1       -            215 Resfam_ErmC          -            244   1.8e-80  275.6   7.8   1   1     4e-84   1.9e-80  275.4   7.8    31   242     3   214     1   215 0.99 -
WP_024418925.1       -            245 Resfam_ErmC          -            244   1.8e-77  265.7  11.0   1   1   4.3e-81   2.1e-77  265.5  11.0     3   243     2   242     1   243 0.99 -
WP_041152457.1       -            245 Resfam_ErmC          -            244   5.1e-77  264.2  11.2   1   1   1.2e-80   5.9e-77  264.0  11.2     3   243     2   242     1   243 0.99 -
NP_053005.1          -            245 Resfam_ErmC          -            244   5.4e-77  264.1  11.3   1   1   1.3e-80   6.2e-77  263.9  11.3     3   243     2   242     1   243 0.99 -
WP_001038795.1       -            245 Resfam_ErmC          -            244   5.4e-77  264.1  11.3   1   1   1.3e-80   6.2e-77  263.9  11.3     3   243     2   242     1   243 0.99 -
YP_004033002.1       -            245 Resfam_ErmC          -            244   5.4e-77  264.1  11.3   1   1   1.3e-80   6.2e-77  263.9  11.3     3   243     2   242     1   243 0.99 -
YP_783898.1          -            245 Resfam_ErmC          -            244   5.4e-77  264.1  11.3   1   1   1.3e-80   6.2e-77  263.9  11.3     3   243     2   242     1   243 0.99 -
WP_001038794.1       -            245 Resfam_ErmC          -            244     6e-77  264.0  11.1   1   1   1.4e-80   6.9e-77  263.8  11.1     3   243     2   242     1   243 0.99 -
YP_003864117.1       -            245 Resfam_ErmC          -            244     6e-77  264.0  11.1   1   1   1.4e-80   6.9e-77  263.8  11.1     3   243     2   242     1   243 0.99 -
YP_006960571.1       -            245 Resfam_ErmC          -            244     6e-77  264.0  11.1   1   1   1.4e-80   6.9e-77  263.8  11.1     3   243     2   242     1   243 0.99 -
YP_006961932.1       -            245 Resfam_ErmC          -            244     6e-77  264.0  11.1   1   1   1.4e-80   6.9e-77  263.8  11.1     3   243     2   242     1   243 0.99 -
WP_075140343.1       -            245 Resfam_ErmC          -            244   6.1e-77  264.0  10.9   1   1   1.5e-80     7e-77  263.8  10.9     3   243     2   242     1   243 0.99 -
NP_613080.1          -            250 Resfam_ErmC          -            244   6.9e-77  263.8  11.8   1   1   1.7e-80     8e-77  263.6  11.8     3   243     2   242     1   243 0.99 -
NP_776205.1          -            250 Resfam_ErmC          -            244   6.9e-77  263.8  11.8   1   1   1.7e-80     8e-77  263.6  11.8     3   243     2   242     1   243 0.99 -
WP_011018369.1       -            250 Resfam_ErmC          -            244   6.9e-77  263.8  11.8   1   1   1.7e-80     8e-77  263.6  11.8     3   243     2   242     1   243 0.99 -
WP_012477196.1       -            245 Resfam_ErmC          -            244   7.9e-77  263.6  10.6   1   1   1.9e-80   9.1e-77  263.4  10.6     3   243     2   242     1   243 0.99 -
YP_001965493.1       -            245 Resfam_ErmC          -            244   7.9e-77  263.6  10.6   1   1   1.9e-80   9.1e-77  263.4  10.6     3   243     2   242     1   243 0.99 -
WP_083578816.1       -            245 Resfam_ErmC          -            244     8e-77  263.6  10.1   1   1   1.9e-80   9.2e-77  263.4  10.1     3   243     2   242     1   243 0.99 -
WP_013641313.1       -            245 Resfam_ErmC          -            244     9e-77  263.4  11.1   1   1   2.2e-80     1e-76  263.2  11.1     3   243     2   242     1   243 0.99 -
WP_063844619.1       -            245 Resfam_ErmC          -            244   9.4e-77  263.4  10.9   1   1   2.3e-80   1.1e-76  263.2  10.9     3   243     2   242     1   243 0.99 -
WP_001038796.1       -            245 Resfam_ErmC          -            244   1.1e-76  263.2  11.1   1   1   2.5e-80   1.2e-76  263.0  11.1     3   243     2   242     1   243 0.99 -
WP_002321849.1       -            245 Resfam_ErmC          -            244   1.2e-76  263.1  11.4   1   1   2.8e-80   1.3e-76  262.9  11.4     3   243     2   242     1   243 0.99 -
YP_002842047.1       -            245 Resfam_ErmC          -            244   1.2e-76  263.1  11.4   1   1   2.8e-80   1.3e-76  262.9  11.4     3   243     2   242     1   243 0.99 -
WP_063844850.1       -            248 Resfam_ErmC          -            244   1.6e-76  262.6  12.1   1   1   3.8e-80   1.8e-76  262.4  12.1     3   243     2   242     1   243 0.99 -
WP_100185212.1       -            254 Resfam_ErmC          -            244   2.6e-76  261.9  11.5   1   1   6.4e-80   3.1e-76  261.7  11.5     3   243    11   251     9   252 0.99 -
WP_013362818.1       -            245 Resfam_ErmC          -            244   2.7e-76  261.9  10.9   1   1   6.3e-80     3e-76  261.7  10.9     3   243     2   242     1   243 0.99 -
YP_003937705.1       -            245 Resfam_ErmC          -            244   2.7e-76  261.9  10.9   1   1   6.3e-80     3e-76  261.7  10.9     3   243     2   242     1   243 0.99 -
NP_816938.1          -            245 Resfam_ErmC          -            244   3.3e-76  261.6  11.8   1   1   7.9e-80   3.8e-76  261.4  11.8     3   243     2   242     1   243 0.99 -
WP_001038790.1       -            245 Resfam_ErmC          -            244   3.3e-76  261.6  11.8   1   1   7.9e-80   3.8e-76  261.4  11.8     3   243     2   242     1   243 0.99 -
YP_001798654.1       -            245 Resfam_ErmC          -            244   3.3e-76  261.6  11.8   1   1   7.9e-80   3.8e-76  261.4  11.8     3   243     2   242     1   243 0.99 -
YP_003533080.1       -            245 Resfam_ErmC          -            244   3.3e-76  261.6  11.8   1   1   7.9e-80   3.8e-76  261.4  11.8     3   243     2   242     1   243 0.99 -
YP_006937611.1       -            245 Resfam_ErmC          -            244   3.3e-76  261.6  11.8   1   1   7.9e-80   3.8e-76  261.4  11.8     3   243     2   242     1   243 0.99 -
WP_084197563.1       -            245 Resfam_ErmC          -            244   4.6e-76  261.1  10.8   1   1   1.1e-79   5.3e-76  260.9  10.8     3   243     2   242     1   243 0.99 -
WP_002292226.1       -            245 Resfam_ErmC          -            244   5.6e-76  260.8  10.9   1   1   1.3e-79   6.5e-76  260.6  10.9     3   243     2   242     1   243 0.99 -
YP_001798641.1       -            245 Resfam_ErmC          -            244   5.6e-76  260.8  10.9   1   1   1.3e-79   6.5e-76  260.6  10.9     3   243     2   242     1   243 0.99 -
YP_003305352.1       -            245 Resfam_ErmC          -            244   5.6e-76  260.8  10.9   1   1   1.3e-79   6.5e-76  260.6  10.9     3   243     2   242     1   243 0.99 -
YP_004032993.1       -            245 Resfam_ErmC          -            244   5.6e-76  260.8  10.9   1   1   1.3e-79   6.5e-76  260.6  10.9     3   243     2   242     1   243 0.99 -
WP_015141733.1       -            257 Resfam_ErmC          -            244   6.3e-76  260.7  10.9   1   1   1.6e-79   7.8e-76  260.3  10.9     3   243    14   254    13   255 0.99 -
YP_007078965.1       -            257 Resfam_ErmC          -            244   6.3e-76  260.7  10.9   1   1   1.6e-79   7.8e-76  260.3  10.9     3   243    14   254    13   255 0.99 -
WP_015382135.1       -            245 Resfam_ErmC          -            244   1.3e-75  259.7  11.3   1   1     3e-79   1.4e-75  259.5  11.3     3   243     2   242     1   243 0.99 -
YP_007419106.1       -            245 Resfam_ErmC          -            244   1.3e-75  259.7  11.3   1   1     3e-79   1.4e-75  259.5  11.3     3   243     2   242     1   243 0.99 -
NP_863164.1          -            245 Resfam_ErmC          -            244   1.6e-75  259.3  11.3   1   1   3.8e-79   1.8e-75  259.1  11.3     3   243     2   242     1   243 0.99 -
WP_001038792.1       -            245 Resfam_ErmC          -            244   1.6e-75  259.3  11.3   1   1   3.8e-79   1.8e-75  259.1  11.3     3   243     2   242     1   243 0.99 -
YP_004172630.1       -            245 Resfam_ErmC          -            244   1.6e-75  259.3  11.3   1   1   3.8e-79   1.8e-75  259.1  11.3     3   243     2   242     1   243 0.99 -
YP_006377410.1       -            245 Resfam_ErmC          -            244   1.6e-75  259.3  11.3   1   1   3.8e-79   1.8e-75  259.1  11.3     3   243     2   242     1   243 0.99 -
YP_007908279.1       -            245 Resfam_ErmC          -            244   1.6e-75  259.3  11.3   1   1   3.8e-79   1.8e-75  259.1  11.3     3   243     2   242     1   243 0.99 -
WP_011266109.1       -            253 Resfam_ErmC          -            244   2.3e-75  258.8  12.5   1   1   5.5e-79   2.6e-75  258.6  12.5     3   243    10   250     8   251 0.99 -
YP_232739.1          -            253 Resfam_ErmC          -            244   2.3e-75  258.8  12.5   1   1   5.5e-79   2.6e-75  258.6  12.5     3   243    10   250     8   251 0.99 -
YP_232761.1          -            253 Resfam_ErmC          -            244   2.3e-75  258.8  12.5   1   1   5.5e-79   2.6e-75  258.6  12.5     3   243    10   250     8   251 0.99 -
WP_063844614.1       -            245 Resfam_ErmC          -            244   3.3e-75  258.3  11.8   1   1     8e-79   3.8e-75  258.1  11.8     3   243     2   242     1   243 0.99 -
WP_105459789.1       -            229 Resfam_ErmC          -            244   8.6e-70  240.6   6.9   1   1     2e-73   9.8e-70  240.4   6.9    20   243     3   226     1   227 0.99 -
WP_084812618.1       -            225 Resfam_ErmC          -            244     1e-68  237.0   6.6   1   1   2.4e-72   1.2e-68  236.8   6.6    24   243     3   222     1   223 0.98 -
WP_106914398.1       -            233 Resfam_ErmC          -            244   2.1e-68  236.0   8.4   1   1   5.3e-72   2.6e-68  235.7   8.4     3   227     2   226     1   231 0.98 -
WP_105475211.1       -            211 Resfam_ErmC          -            244     2e-64  223.0   7.5   1   1   4.7e-68   2.2e-64  222.8   7.5     3   212     2   211     1   211 0.99 -
WP_075560452.1       -            167 Resfam_ErmC          -            244     1e-61  214.1  11.7   1   1   2.4e-65   1.1e-61  214.0  11.7    77   242     1   166     1   167 0.99 -
WP_105467055.1       -            188 Resfam_ErmC          -            244   3.5e-57  199.3   5.9   1   1   8.3e-61     4e-57  199.1   5.9    59   243     1   185     1   186 0.97 -
WP_002371379.1       -            171 Resfam_ErmC          -            244   1.2e-50  177.9   3.7   1   1   2.7e-54   1.3e-50  177.8   3.7     3   171     2   170     1   171 0.99 -
WP_039110121.1       -            289 Resfam_ErmC          -            244   1.7e-25   95.5   7.9   1   1   4.6e-29   2.2e-25   95.2   7.9     3   242     2   255     1   257 0.83 -
WP_032488512.1       -            266 Resfam_ErmC          -            244   1.7e-21   82.5   1.3   1   1   4.3e-25   2.1e-21   82.1   1.3    10   220    13   233     3   254 0.83 -
WP_002682030.1       -            266 Resfam_ErmC          -            244   1.7e-21   82.4   1.1   1   1   4.4e-25   2.1e-21   82.1   1.1    10   218    13   231     3   254 0.83 -
WP_015345217.1       -            281 Resfam_ErmC          -            244   4.7e-19   74.4   0.0   1   1   1.3e-22   6.5e-19   74.0   0.0     7   196    10   202     7   217 0.87 -
YP_007353743.1       -            281 Resfam_ErmC          -            244   4.7e-19   74.4   0.0   1   1   1.3e-22   6.5e-19   74.0   0.0     7   196    10   202     7   217 0.87 -
WP_069985726.1       -            301 Resfam_ErmC          -            244   4.5e-18   71.2  13.1   1   1   1.4e-21     7e-18   70.6  13.1     4   243    12   262     8   266 0.79 -
WP_052259183.1       -            301 Resfam_ErmC          -            244   4.7e-18   71.2  13.6   1   1   1.5e-21   7.3e-18   70.5  13.6     4   243    12   262     8   266 0.79 -
WP_014325825.1       -            301 Resfam_ErmC          -            244   4.7e-17   67.9  14.1   1   1   1.5e-20   7.3e-17   67.3  14.1     4   243    12   262     8   266 0.79 -
WP_101456599.1       -            272 Resfam_ErmC          -            244   2.6e-15   62.2   0.0   1   1   6.3e-19     3e-15   62.0   0.0     8   177    15   195    11   262 0.88 -
WP_005717594.1       -            288 Resfam_ErmC          -            244   3.4e-15   61.8   0.0   1   1   9.1e-19   4.4e-15   61.4   0.0     7   181    14   204     9   262 0.84 -
WP_028699058.1       -            266 Resfam_ErmC          -            244   8.8e-15   60.4   0.0   1   1   2.4e-18   1.2e-14   60.1   0.0     7   179    12   194     2   242 0.84 -
WP_032488331.1       -            253 Resfam_ErmC          -            244   1.8e-14   59.5   0.0   1   1   4.8e-18   2.3e-14   59.1   0.0     7   178    10   180     6   204 0.84 -
NP_863178.1          -            284 Resfam_ErmC          -            244   2.6e-14   58.9   0.0   1   1   7.1e-18   3.4e-14   58.5   0.0     7   178    10   180     6   202 0.84 -
WP_011117480.1       -            284 Resfam_ErmC          -            244   2.6e-14   58.9   0.0   1   1   7.1e-18   3.4e-14   58.5   0.0     7   178    10   180     6   202 0.84 -
YP_003657307.1       -            284 Resfam_ErmC          -            244   2.6e-14   58.9   0.0   1   1   7.1e-18   3.4e-14   58.5   0.0     7   178    10   180     6   202 0.84 -
NP_862223.1          -            253 Resfam_ErmC          -            244   3.2e-14   58.6   0.0   1   1   8.7e-18   4.2e-14   58.2   0.0     7   178    10   180     6   204 0.84 -
WP_011116967.1       -            253 Resfam_ErmC          -            244   3.2e-14   58.6   0.0   1   1   8.7e-18   4.2e-14   58.2   0.0     7   178    10   180     6   204 0.84 -
WP_063844879.1       -            284 Resfam_ErmC          -            244   4.4e-14   58.1   0.0   1   1   1.2e-17     6e-14   57.7   0.0     7   178    10   180     6   204 0.83 -
NP_940746.1          -            284 Resfam_ErmC          -            244   8.8e-14   57.2   0.0   1   1   2.4e-17   1.1e-13   56.8   0.0     7   179    10   181     6   205 0.84 -
WP_011152925.1       -            284 Resfam_ErmC          -            244   8.8e-14   57.2   0.0   1   1   2.4e-17   1.1e-13   56.8   0.0     7   179    10   181     6   205 0.84 -
WP_001065397.1       -            273 Resfam_ErmC          -            244   2.5e-13   55.7   0.0   1   1   7.1e-17   3.4e-13   55.2   0.0     8   235    15   260    11   265 0.77 -
WP_002888324.1       -            273 Resfam_ErmC          -            244   6.5e-13   54.3   0.0   1   1   1.7e-16   8.2e-13   54.0   0.0     8   177    15   195    11   262 0.84 -
WP_031943903.1       -            272 Resfam_ErmC          -            244   4.2e-12   51.7   0.0   1   1   1.1e-15   5.5e-12   51.3   0.0     7   181    10   182     6   202 0.84 -
YP_009060993.1       -            272 Resfam_ErmC          -            244   4.2e-12   51.7   0.0   1   1   1.1e-15   5.5e-12   51.3   0.0     7   181    10   182     6   202 0.84 -
WP_089031111.1       -            266 Resfam_ErmC          -            244   4.5e-12   51.6   0.0   1   1   1.2e-15   5.8e-12   51.2   0.0     7   177     9   188     1   192 0.83 -
WP_029332205.1       -            292 Resfam_ErmC          -            244   9.7e-12   50.5   0.0   1   1   2.7e-15   1.3e-11   50.1   0.0     9   192    26   226    20   282 0.76 -
WP_044045685.1       -            268 Resfam_ErmC          -            244   4.2e-11   48.4   0.1   1   1   1.1e-14   5.1e-11   48.1   0.1    28   215    30   227     5   257 0.78 -
#
# Program:         hmmsearch
# Version:         3.1b2 (February 2015)
# Pipeline mode:   SEARCH
# Query file:      /mnt/research/ShadeLab/Dunivin/gene_targeted_assembly/RDPTools/Xander_assembler/gene_resource/ermC/originaldata/ermC.hmm
# Target file:     /mnt/research/ShadeLab/Dunivin/hmmsearch/refseq/protein_files/plasmid.protein.fa
# Option settings: /opt/software/HMMER/3.1b2--GCC-4.8.3/bin/hmmsearch -o /mnt/research/ShadeLab/Dunivin/hmmsearch/refseq/hmm_outputs/ermC.plasmid.protein.fa.stdout.txt -A /mnt/research/ShadeLab/Dunivin/hmmsearch/refseq/hmm_outputs/ermC.plasmid.protein.fa.alignment.0.0000000001.txt --domtblout /mnt/research/ShadeLab/Dunivin/hmmsearch/refseq/hmm_outputs/ermC.plasmid.protein.fa.0.0000000001.tbl.txt -E 0.0000000001 --cpu 8 /mnt/research/ShadeLab/Dunivin/gene_targeted_assembly/RDPTools/Xander_assembler/gene_resource/ermC/originaldata/ermC.hmm /mnt/research/ShadeLab/Dunivin/hmmsearch/refseq/protein_files/plasmid.protein.fa 
# Current dir:     /mnt/research/ShadeLab/Dunivin/hmmsearch/bin
# Date:            Wed Jul 25 14:07:12 2018
# [ok]
