#                                                                            --- full sequence --- -------------- this domain -------------   hmm coord   ali coord   env coord
# target name        accession   tlen query name           accession   qlen   E-value  score  bias   #  of  c-Evalue  i-Evalue  score  bias  from    to  from    to  from    to  acc description of target
#------------------- ---------- ----- -------------------- ---------- ----- --------- ------ ----- --- --- --------- --------- ------ ----- ----- ----- ----- ----- ----- ----- ---- ---------------------
WP_013263795.1       -            239 repA                 -            239    3e-159  533.2   0.6   1   1  1.7e-162  3.4e-159  533.0   0.6     1   239     1   239     1   239 1.00 -
YP_003813095.1       -            239 repA                 -            239    3e-159  533.2   0.6   1   1  1.7e-162  3.4e-159  533.0   0.6     1   239     1   239     1   239 1.00 -
YP_008161874.1       -            239 repA                 -            239    3e-159  533.2   0.6   1   1  1.7e-162  3.4e-159  533.0   0.6     1   239     1   239     1   239 1.00 -
YP_008166893.1       -            239 repA                 -            239    3e-159  533.2   0.6   1   1  1.7e-162  3.4e-159  533.0   0.6     1   239     1   239     1   239 1.00 -
YP_009328635.1       -            239 repA                 -            239    3e-159  533.2   0.6   1   1  1.7e-162  3.4e-159  533.0   0.6     1   239     1   239     1   239 1.00 -
NP_511220.1          -            239 repA                 -            239  3.7e-159  532.9   0.6   1   1  2.1e-162  4.1e-159  532.7   0.6     1   239     1   239     1   239 1.00 -
WP_000359513.1       -            239 repA                 -            239  3.7e-159  532.9   0.6   1   1  2.1e-162  4.1e-159  532.7   0.6     1   239     1   239     1   239 1.00 -
YP_001096385.1       -            239 repA                 -            239  3.7e-159  532.9   0.6   1   1  2.1e-162  4.1e-159  532.7   0.6     1   239     1   239     1   239 1.00 -
YP_001551827.1       -            239 repA                 -            239  3.7e-159  532.9   0.6   1   1  2.1e-162  4.1e-159  532.7   0.6     1   239     1   239     1   239 1.00 -
YP_006954520.1       -            239 repA                 -            239  3.7e-159  532.9   0.6   1   1  2.1e-162  4.1e-159  532.7   0.6     1   239     1   239     1   239 1.00 -
YP_006957321.1       -            239 repA                 -            239  3.7e-159  532.9   0.6   1   1  2.1e-162  4.1e-159  532.7   0.6     1   239     1   239     1   239 1.00 -
YP_009061013.1       -            239 repA                 -            239  3.7e-159  532.9   0.6   1   1  2.1e-162  4.1e-159  532.7   0.6     1   239     1   239     1   239 1.00 -
YP_009068563.1       -            239 repA                 -            239  3.7e-159  532.9   0.6   1   1  2.1e-162  4.1e-159  532.7   0.6     1   239     1   239     1   239 1.00 -
WP_001749982.1       -            239 repA                 -            239  4.4e-159  532.6   0.6   1   1  2.4e-162  4.9e-159  532.5   0.6     1   239     1   239     1   239 1.00 -
YP_002286934.1       -            239 repA                 -            239  4.4e-159  532.6   0.6   1   1  2.4e-162  4.9e-159  532.5   0.6     1   239     1   239     1   239 1.00 -
YP_002332848.1       -            239 repA                 -            239  4.4e-159  532.6   0.6   1   1  2.4e-162  4.9e-159  532.5   0.6     1   239     1   239     1   239 1.00 -
YP_003675758.1       -            239 repA                 -            239  4.4e-159  532.6   0.6   1   1  2.4e-162  4.9e-159  532.5   0.6     1   239     1   239     1   239 1.00 -
YP_004558171.1       -            239 repA                 -            239  4.4e-159  532.6   0.6   1   1  2.4e-162  4.9e-159  532.5   0.6     1   239     1   239     1   239 1.00 -
YP_006953613.1       -            239 repA                 -            239  4.4e-159  532.6   0.6   1   1  2.4e-162  4.9e-159  532.5   0.6     1   239     1   239     1   239 1.00 -
YP_007195367.1       -            239 repA                 -            239  4.4e-159  532.6   0.6   1   1  2.4e-162  4.9e-159  532.5   0.6     1   239     1   239     1   239 1.00 -
YP_007349440.1       -            239 repA                 -            239  4.4e-159  532.6   0.6   1   1  2.4e-162  4.9e-159  532.5   0.6     1   239     1   239     1   239 1.00 -
YP_007349668.1       -            239 repA                 -            239  4.4e-159  532.6   0.6   1   1  2.4e-162  4.9e-159  532.5   0.6     1   239     1   239     1   239 1.00 -
YP_008145017.1       -            239 repA                 -            239  4.4e-159  532.6   0.6   1   1  2.4e-162  4.9e-159  532.5   0.6     1   239     1   239     1   239 1.00 -
YP_008574817.1       -            239 repA                 -            239  4.4e-159  532.6   0.6   1   1  2.4e-162  4.9e-159  532.5   0.6     1   239     1   239     1   239 1.00 -
YP_008574887.1       -            239 repA                 -            239  4.4e-159  532.6   0.6   1   1  2.4e-162  4.9e-159  532.5   0.6     1   239     1   239     1   239 1.00 -
YP_008826443.1       -            239 repA                 -            239  4.4e-159  532.6   0.6   1   1  2.4e-162  4.9e-159  532.5   0.6     1   239     1   239     1   239 1.00 -
YP_009023089.1       -            239 repA                 -            239  4.4e-159  532.6   0.6   1   1  2.4e-162  4.9e-159  532.5   0.6     1   239     1   239     1   239 1.00 -
YP_009023178.1       -            239 repA                 -            239  4.4e-159  532.6   0.6   1   1  2.4e-162  4.9e-159  532.5   0.6     1   239     1   239     1   239 1.00 -
YP_009062874.1       -            239 repA                 -            239  4.4e-159  532.6   0.6   1   1  2.4e-162  4.9e-159  532.5   0.6     1   239     1   239     1   239 1.00 -
YP_009071458.1       -            239 repA                 -            239  4.4e-159  532.6   0.6   1   1  2.4e-162  4.9e-159  532.5   0.6     1   239     1   239     1   239 1.00 -
YP_009071767.1       -            239 repA                 -            239  4.4e-159  532.6   0.6   1   1  2.4e-162  4.9e-159  532.5   0.6     1   239     1   239     1   239 1.00 -
WP_031942395.1       -            239 repA                 -            239  4.5e-159  532.6   0.6   1   1  2.5e-162    5e-159  532.4   0.6     1   239     1   239     1   239 1.00 -
YP_009060525.1       -            239 repA                 -            239  4.5e-159  532.6   0.6   1   1  2.5e-162    5e-159  532.4   0.6     1   239     1   239     1   239 1.00 -
WP_011407160.1       -            239 repA                 -            239  8.1e-159  531.8   0.7   1   1  4.5e-162    9e-159  531.6   0.7     1   239     1   239     1   239 1.00 -
YP_724520.1          -            239 repA                 -            239  8.1e-159  531.8   0.7   1   1  4.5e-162    9e-159  531.6   0.7     1   239     1   239     1   239 1.00 -
WP_012561120.1       -            239 repA                 -            239  1.6e-158  530.8   0.4   1   1  8.9e-162  1.8e-158  530.6   0.4     1   239     1   239     1   239 1.00 -
YP_002286867.1       -            239 repA                 -            239  1.6e-158  530.8   0.4   1   1  8.9e-162  1.8e-158  530.6   0.4     1   239     1   239     1   239 1.00 -
WP_000359511.1       -            239 repA                 -            239  1.9e-158  530.5   0.6   1   1  1.1e-161  2.2e-158  530.4   0.6     1   239     1   239     1   239 1.00 -
YP_003717473.1       -            239 repA                 -            239  1.9e-158  530.5   0.6   1   1  1.1e-161  2.2e-158  530.4   0.6     1   239     1   239     1   239 1.00 -
YP_006903041.1       -            239 repA                 -            239  1.9e-158  530.5   0.6   1   1  1.1e-161  2.2e-158  530.4   0.6     1   239     1   239     1   239 1.00 -
WP_015059089.1       -            240 repA                 -            239    2e-158  530.5   0.6   1   1  1.1e-161  2.2e-158  530.3   0.6     1   239     2   240     2   240 1.00 -
YP_006953706.1       -            240 repA                 -            239    2e-158  530.5   0.6   1   1  1.1e-161  2.2e-158  530.3   0.6     1   239     2   240     2   240 1.00 -
WP_040120350.1       -            239 repA                 -            239  6.7e-158  528.7   0.4   1   1  3.7e-161  7.5e-158  528.6   0.4     1   239     1   239     1   239 1.00 -
WP_032193599.1       -            234 repA                 -            239  1.3e-151  508.2   0.2   1   1  7.6e-155  1.5e-151  507.9   0.2    13   239     8   234     3   234 0.99 -
WP_001360293.1       -            228 repA                 -            239  1.6e-151  507.8   0.2   1   1    9e-155  1.8e-151  507.7   0.2    13   239     2   228     1   228 0.99 -
WP_033544284.1       -            240 repA                 -            239  2.7e-146  490.8   0.2   1   1  1.5e-149    3e-146  490.6   0.2     1   237     1   238     1   240 0.99 -
WP_075699366.1       -            234 repA                 -            239  3.9e-146  490.2   0.6   1   1  2.3e-149  4.6e-146  490.0   0.6     1   218     1   218     1   226 0.99 -
WP_100728247.1       -            223 repA                 -            239  1.4e-138  465.5   0.2   1   1  7.7e-142  1.6e-138  465.4   0.2    21   239     6   223     2   223 0.97 -
WP_064691066.1       -            228 repA                 -            239  6.4e-137  460.1   0.2   1   1  3.6e-140  7.2e-137  459.9   0.2     1   236     1   228     1   228 0.99 -
WP_063117255.1       -            215 repA                 -            239  1.3e-130  439.4   0.1   1   1  7.5e-134  1.5e-130  439.2   0.1    35   239    11   215     2   215 0.97 -
WP_072657327.1       -            188 repA                 -            239  2.9e-123  415.4   0.1   1   1  1.6e-126  3.2e-123  415.2   0.1    52   239     1   188     1   188 1.00 -
WP_015056484.1       -            230 repA                 -            239  9.6e-122  410.4   0.1   1   1  5.3e-125  1.1e-121  410.2   0.1     1   236     1   228     1   230 0.98 -
YP_006962409.1       -            230 repA                 -            239  9.6e-122  410.4   0.1   1   1  5.3e-125  1.1e-121  410.2   0.1     1   236     1   228     1   230 0.98 -
WP_013199810.1       -            230 repA                 -            239  2.1e-121  409.3   0.1   1   1  1.1e-124  2.3e-121  409.1   0.1     1   236     1   228     1   230 0.98 -
WP_029403849.1       -            240 repA                 -            239  5.1e-100  339.3   0.4   1   1  2.9e-103  5.8e-100  339.1   0.4     3   236    11   239     9   240 0.96 -
WP_015493061.1       -            277 repA                 -            239  6.8e-100  338.8   0.3   1   1    4e-103  8.1e-100  338.6   0.3     3   238    46   276    44   277 0.97 -
YP_007688708.1       -            277 repA                 -            239  6.8e-100  338.8   0.3   1   1    4e-103  8.1e-100  338.6   0.3     3   238    46   276    44   277 0.97 -
WP_042622953.1       -            240 repA                 -            239  7.6e-100  338.7   0.4   1   1  4.2e-103  8.5e-100  338.5   0.4     3   236    11   239     9   240 0.96 -
WP_104014002.1       -            290 repA                 -            239  7.7e-100  338.7   0.3   1   1  4.7e-103  9.5e-100  338.4   0.3     3   238    59   289    57   290 0.97 -
WP_014343521.1       -            240 repA                 -            239   1.4e-99  337.8   0.4   1   1  7.8e-103   1.6e-99  337.7   0.4     3   236    11   239     9   240 0.97 -
YP_005229776.1       -            240 repA                 -            239   1.4e-99  337.8   0.4   1   1  7.8e-103   1.6e-99  337.7   0.4     3   236    11   239     9   240 0.97 -
WP_052543382.1       -            306 repA                 -            239   1.9e-99  337.4   0.3   1   1  1.2e-102   2.4e-99  337.1   0.3     3   237    59   288    57   290 0.97 -
WP_000362086.1       -            275 repA                 -            239   2.2e-99  337.2   0.4   1   1  1.3e-102   2.6e-99  337.0   0.4     3   236    46   274    44   275 0.97 -
YP_006959486.1       -            275 repA                 -            239   2.2e-99  337.2   0.4   1   1  1.3e-102   2.6e-99  337.0   0.4     3   236    46   274    44   275 0.97 -
YP_009060360.1       -            275 repA                 -            239   2.2e-99  337.2   0.4   1   1  1.3e-102   2.6e-99  337.0   0.4     3   236    46   274    44   275 0.97 -
WP_032420987.1       -            288 repA                 -            239   2.4e-99  337.0   0.4   1   1  1.5e-102     3e-99  336.7   0.4     3   236    59   287    57   288 0.97 -
WP_004118283.1       -            288 repA                 -            239   2.5e-99  337.0   0.4   1   1  1.5e-102     3e-99  336.7   0.4     3   236    59   287    57   288 0.97 -
YP_001966186.1       -            288 repA                 -            239   2.5e-99  337.0   0.4   1   1  1.5e-102     3e-99  336.7   0.4     3   236    59   287    57   288 0.97 -
YP_003754079.1       -            288 repA                 -            239   2.5e-99  337.0   0.4   1   1  1.5e-102     3e-99  336.7   0.4     3   236    59   287    57   288 0.97 -
YP_006965761.1       -            288 repA                 -            239   2.5e-99  337.0   0.4   1   1  1.5e-102     3e-99  336.7   0.4     3   236    59   287    57   288 0.97 -
YP_008130426.1       -            288 repA                 -            239   2.5e-99  337.0   0.4   1   1  1.5e-102     3e-99  336.7   0.4     3   236    59   287    57   288 0.97 -
YP_008997856.1       -            288 repA                 -            239   2.5e-99  337.0   0.4   1   1  1.5e-102     3e-99  336.7   0.4     3   236    59   287    57   288 0.97 -
YP_008998834.1       -            288 repA                 -            239   2.5e-99  337.0   0.4   1   1  1.5e-102     3e-99  336.7   0.4     3   236    59   287    57   288 0.97 -
WP_023302476.1       -            288 repA                 -            239   6.5e-99  335.6   0.4   1   1  3.9e-102   7.9e-99  335.4   0.4     3   236    59   287    57   288 0.96 -
WP_040120393.1       -            288 repA                 -            239   3.7e-98  333.2   0.3   1   1  2.2e-101   4.5e-98  332.9   0.3     3   236    59   287    57   288 0.97 -
WP_015059867.1       -            231 repA                 -            239   3.8e-96  326.6   0.2   1   1   2.2e-99   4.4e-96  326.4   0.2     4   236     5   230     2   231 0.97 -
YP_006957589.1       -            231 repA                 -            239   3.8e-96  326.6   0.2   1   1   2.2e-99   4.4e-96  326.4   0.2     4   236     5   230     2   231 0.97 -
WP_040118530.1       -            231 repA                 -            239   7.4e-96  325.6   0.2   1   1   4.3e-99   8.7e-96  325.4   0.2     4   236     5   230     2   231 0.97 -
WP_089600852.1       -            231 repA                 -            239   3.4e-95  323.5   0.1   1   1     2e-98     4e-95  323.2   0.1     4   235     5   229     2   231 0.97 -
WP_047368837.1       -            236 repA                 -            239     4e-95  323.2   0.1   1   1   2.2e-98   4.5e-95  323.1   0.1     6   236    12   235     7   236 0.97 -
WP_032145561.1       -            233 repA                 -            239   1.8e-94  321.1   0.3   1   1   1.1e-97   2.1e-94  320.9   0.3     6   236     9   232     4   233 0.97 -
WP_024130030.1       -            247 repA                 -            239   2.2e-94  320.8   0.3   1   1   1.3e-97   2.7e-94  320.5   0.3     6   236    23   246    18   247 0.97 -
YP_008998584.1       -            247 repA                 -            239   2.2e-94  320.8   0.3   1   1   1.3e-97   2.7e-94  320.5   0.3     6   236    23   246    18   247 0.97 -
WP_016238649.1       -            233 repA                 -            239   2.3e-94  320.8   0.3   1   1   1.3e-97   2.7e-94  320.5   0.3     6   236     9   232     4   233 0.97 -
WP_052463084.1       -            231 repA                 -            239   1.2e-93  318.4   0.2   1   1   7.1e-97   1.4e-93  318.2   0.2     6   235     7   229     3   231 0.97 -
WP_011402755.1       -            243 repA                 -            239   1.8e-93  317.8   0.2   1   1   1.1e-96   2.1e-93  317.6   0.2     6   236    19   242    14   243 0.97 -
YP_444006.1          -            243 repA                 -            239   1.8e-93  317.8   0.2   1   1   1.1e-96   2.1e-93  317.6   0.2     6   236    19   242    14   243 0.97 -
WP_072075519.1       -            147 repA                 -            239   5.5e-91  309.7   0.1   1   1   3.1e-94   6.3e-91  309.5   0.1    97   239     5   147     2   147 0.99 -
WP_088130748.1       -            235 repA                 -            239   2.2e-84  288.0   0.1   1   1   1.6e-87   3.3e-84  287.5   0.1    11   236    13   227     7   229 0.97 -
WP_038277262.1       -            237 repA                 -            239   2.7e-84  287.8   0.1   1   1     2e-87     4e-84  287.2   0.1    10   236    14   229     6   231 0.97 -
WP_050288965.1       -            237 repA                 -            239   2.7e-84  287.8   0.1   1   1     2e-87     4e-84  287.2   0.1    10   236    14   229     6   231 0.97 -
WP_047716287.1       -            181 repA                 -            239   8.3e-78  266.5   0.1   1   1   4.5e-81   9.1e-78  266.4   0.1    59   236     3   180     1   181 0.99 -
WP_110249667.1       -            193 repA                 -            239   6.2e-77  263.7   0.0   1   1   3.6e-80   7.2e-77  263.5   0.0    58   236    14   192     4   193 0.98 -
WP_000359512.1       -            145 repA                 -            239   6.7e-68  234.1   0.6   1   1   3.8e-71   7.7e-68  233.9   0.6     1   111     1   111     1   127 0.97 -
WP_101991692.1       -            193 repA                 -            239   5.8e-48  168.8   0.1   1   1   3.7e-51   7.5e-48  168.5   0.1     3   142    59   193    57   193 0.95 -
WP_016495514.1       -            253 repA                 -            239   1.7e-34  124.8   0.0   1   1   1.1e-37   2.2e-34  124.4   0.0    10   232    17   238    10   245 0.88 -
WP_012439763.1       -            247 repA                 -            239   3.9e-34  123.6   0.0   1   1   2.5e-37     5e-34  123.2   0.0    10   232    17   240     9   246 0.89 -
NP_061424.1          -            251 repA                 -            239   5.1e-34  123.2   0.0   1   1   3.4e-37   6.8e-34  122.8   0.0    10   229    17   235     7   245 0.88 -
WP_000852146.1       -            251 repA                 -            239   5.1e-34  123.2   0.0   1   1   3.4e-37   6.8e-34  122.8   0.0    10   229    17   235     7   245 0.88 -
YP_001294713.1       -            251 repA                 -            239   5.1e-34  123.2   0.0   1   1   3.4e-37   6.8e-34  122.8   0.0    10   229    17   235     7   245 0.88 -
YP_001816483.1       -            251 repA                 -            239   5.1e-34  123.2   0.0   1   1   3.4e-37   6.8e-34  122.8   0.0    10   229    17   235     7   245 0.88 -
YP_003108269.1       -            251 repA                 -            239   5.1e-34  123.2   0.0   1   1   3.4e-37   6.8e-34  122.8   0.0    10   229    17   235     7   245 0.88 -
YP_003517695.1       -            251 repA                 -            239   5.1e-34  123.2   0.0   1   1   3.4e-37   6.8e-34  122.8   0.0    10   229    17   235     7   245 0.88 -
YP_003829108.1       -            251 repA                 -            239   5.1e-34  123.2   0.0   1   1   3.4e-37   6.8e-34  122.8   0.0    10   229    17   235     7   245 0.88 -
YP_003829233.1       -            251 repA                 -            239   5.1e-34  123.2   0.0   1   1   3.4e-37   6.8e-34  122.8   0.0    10   229    17   235     7   245 0.88 -
YP_006954767.1       -            251 repA                 -            239   5.1e-34  123.2   0.0   1   1   3.4e-37   6.8e-34  122.8   0.0    10   229    17   235     7   245 0.88 -
YP_194808.1          -            251 repA                 -            239   5.1e-34  123.2   0.0   1   1   3.4e-37   6.8e-34  122.8   0.0    10   229    17   235     7   245 0.88 -
WP_004953846.1       -            256 repA                 -            239     6e-34  123.0   0.0   1   1   3.8e-37   7.6e-34  122.6   0.0    10   230    26   247    18   255 0.87 -
WP_023651639.1       -            257 repA                 -            239   6.1e-34  122.9   0.0   1   1   3.8e-37   7.6e-34  122.6   0.0    10   232    27   250    18   256 0.88 -
YP_008855217.1       -            257 repA                 -            239   6.1e-34  122.9   0.0   1   1   3.8e-37   7.6e-34  122.6   0.0    10   232    27   250    18   256 0.88 -
WP_000807693.1       -            251 repA                 -            239   7.3e-34  122.7   0.0   1   1   4.7e-37   9.5e-34  122.3   0.0    10   229    17   235     6   245 0.88 -
WP_000807692.1       -            251 repA                 -            239   7.5e-34  122.7   0.0   1   1   4.9e-37   9.8e-34  122.3   0.0    10   229    17   235     6   245 0.88 -
WP_060579413.1       -            251 repA                 -            239   7.7e-34  122.6   0.0   1   1     5e-37     1e-33  122.2   0.0    10   229    17   235     6   245 0.87 -
NP_058391.1          -            251 repA                 -            239   9.2e-34  122.4   0.0   1   1   5.9e-37   1.2e-33  122.0   0.0    10   229    17   235     6   245 0.87 -
NP_569349.1          -            251 repA                 -            239   9.2e-34  122.4   0.0   1   1   5.9e-37   1.2e-33  122.0   0.0    10   229    17   235     6   245 0.87 -
WP_000807689.1       -            251 repA                 -            239   9.2e-34  122.4   0.0   1   1   5.9e-37   1.2e-33  122.0   0.0    10   229    17   235     6   245 0.87 -
WP_001568031.1       -            251 repA                 -            239     1e-33  122.2   0.0   1   1   6.6e-37   1.3e-33  121.8   0.0    10   229    17   235     6   245 0.87 -
WP_000807690.1       -            251 repA                 -            239     1e-33  122.2   0.0   1   1   6.6e-37   1.3e-33  121.8   0.0    10   229    17   235     6   245 0.87 -
WP_025861956.1       -            251 repA                 -            239     1e-33  122.2   0.0   1   1   6.9e-37   1.4e-33  121.8   0.0    10   229    17   235     7   245 0.87 -
WP_020277928.1       -            251 repA                 -            239   1.1e-33  122.1   0.0   1   1   7.1e-37   1.4e-33  121.7   0.0    10   229    17   235     6   245 0.87 -
YP_008110875.1       -            251 repA                 -            239   1.1e-33  122.1   0.0   1   1   7.1e-37   1.4e-33  121.7   0.0    10   229    17   235     6   245 0.87 -
WP_012539983.1       -            251 repA                 -            239   1.1e-33  122.1   0.0   1   1   7.1e-37   1.4e-33  121.7   0.0    10   229    17   235     6   245 0.87 -
WP_042938944.1       -            251 repA                 -            239   1.1e-33  122.0   0.0   1   1   7.4e-37   1.5e-33  121.7   0.0    10   229    17   235     6   245 0.87 -
WP_024127734.1       -            267 repA                 -            239   1.1e-33  122.0   0.0   1   1   7.5e-37   1.5e-33  121.7   0.0    10   229    33   251    22   261 0.87 -
YP_008995150.1       -            267 repA                 -            239   1.1e-33  122.0   0.0   1   1   7.5e-37   1.5e-33  121.7   0.0    10   229    33   251    22   261 0.87 -
YP_008997353.1       -            267 repA                 -            239   1.1e-33  122.0   0.0   1   1   7.5e-37   1.5e-33  121.7   0.0    10   229    33   251    22   261 0.87 -
WP_042078022.1       -            251 repA                 -            239   1.1e-33  122.0   0.0   1   1   7.5e-37   1.5e-33  121.7   0.0    10   229    17   235     6   245 0.87 -
WP_012477585.1       -            267 repA                 -            239   1.3e-33  121.9   0.0   1   1   8.3e-37   1.7e-33  121.5   0.0    10   229    33   251    22   261 0.87 -
YP_001966233.1       -            267 repA                 -            239   1.3e-33  121.9   0.0   1   1   8.3e-37   1.7e-33  121.5   0.0    10   229    33   251    22   261 0.87 -
WP_008502210.1       -            251 repA                 -            239   1.3e-33  121.8   0.0   1   1   8.9e-37   1.8e-33  121.4   0.0    10   229    17   235     7   245 0.87 -
WP_015632468.1       -            267 repA                 -            239   1.4e-33  121.8   0.0   1   1   8.9e-37   1.8e-33  121.4   0.0    10   229    33   251    22   261 0.87 -
YP_007969628.1       -            267 repA                 -            239   1.4e-33  121.8   0.0   1   1   8.9e-37   1.8e-33  121.4   0.0    10   229    33   251    22   261 0.87 -
YP_009067638.1       -            267 repA                 -            239   1.4e-33  121.8   0.0   1   1   8.9e-37   1.8e-33  121.4   0.0    10   229    33   251    22   261 0.87 -
YP_009071683.1       -            267 repA                 -            239   1.4e-33  121.8   0.0   1   1   8.9e-37   1.8e-33  121.4   0.0    10   229    33   251    22   261 0.87 -
WP_014172323.1       -            253 repA                 -            239   1.4e-33  121.8   0.0   1   1   9.2e-37   1.8e-33  121.4   0.0    10   229    17   235     7   245 0.87 -
WP_057064184.1       -            250 repA                 -            239   1.5e-33  121.6   0.0   1   1     1e-36     2e-33  121.2   0.0    10   229    17   235     7   245 0.88 -
WP_082999281.1       -            251 repA                 -            239   1.9e-33  121.3   0.0   1   1   1.3e-36   2.5e-33  120.9   0.0    10   228    17   234     7   244 0.87 -
WP_000852148.1       -            251 repA                 -            239   2.5e-33  120.9   0.0   1   1   1.7e-36   3.4e-33  120.5   0.0    10   229    17   235     7   245 0.88 -
WP_024946706.1       -            251 repA                 -            239   2.7e-33  120.8   0.0   1   1   1.8e-36   3.6e-33  120.4   0.0    10   229    17   235     7   245 0.88 -
WP_108703708.1       -            250 repA                 -            239   9.3e-33  119.1   0.0   1   1     6e-36   1.2e-32  118.7   0.0    10   227    17   233    10   245 0.88 -
WP_013512420.1       -            248 repA                 -            239   1.3e-32  118.6   0.0   1   1   8.2e-36   1.6e-32  118.3   0.0    11   229    21   238    12   247 0.87 -
WP_107704360.1       -            250 repA                 -            239   4.2e-30  110.4   0.0   1   1   2.5e-33   5.1e-30  110.1   0.0    10   235    17   245     9   249 0.84 -
WP_001077897.1       -            251 repA                 -            239   1.1e-29  109.0   0.1   1   1   7.3e-33   1.5e-29  108.6   0.1    11   227    24   240    20   249 0.88 -
WP_001477618.1       -            214 repA                 -            239   3.6e-27  100.8   0.0   1   1   2.2e-30   4.4e-27  100.5   0.0    53   229    16   198     2   208 0.88 -
YP_006956506.1       -            214 repA                 -            239   3.6e-27  100.8   0.0   1   1   2.2e-30   4.4e-27  100.5   0.0    53   229    16   198     2   208 0.88 -
YP_006957115.1       -            214 repA                 -            239   3.6e-27  100.8   0.0   1   1   2.2e-30   4.4e-27  100.5   0.0    53   229    16   198     2   208 0.88 -
WP_001346277.1       -            214 repA                 -            239   1.6e-26   98.6   0.0   1   1   9.9e-30     2e-26   98.3   0.0    55   229    18   198     2   208 0.88 -
WP_071993214.1       -             53 repA                 -            239   4.6e-26   97.1   0.2   1   1   2.5e-29   4.9e-26   97.1   0.2   187   239     1    53     1    53 0.98 -
WP_089170249.1       -            286 repA                 -            239   2.2e-23   88.4   0.1   1   1   1.5e-26   2.9e-23   88.0   0.1    11   230     6   217     2   229 0.86 -
WP_082045623.1       -            277 repA                 -            239   3.8e-23   87.6   0.0   1   1   2.5e-26     5e-23   87.2   0.0    13   230     3   212     1   224 0.87 -
WP_100750135.1       -            262 repA                 -            239   1.3e-22   85.8   0.5   1   1   9.3e-26   1.9e-22   85.3   0.5    11   230     5   220     3   233 0.90 -
WP_100750136.1       -            312 repA                 -            239   1.8e-22   85.4   0.4   1   1   1.3e-25   2.7e-22   84.8   0.4    11   230     5   220     3   232 0.90 -
WP_000786839.1       -            304 repA                 -            239   3.5e-21   81.2   0.6   1   1   2.4e-24   4.9e-21   80.7   0.6    11   238     6   233     1   234 0.85 -
WP_004843977.1       -            304 repA                 -            239   4.2e-21   80.9   1.1   1   1   2.7e-24   5.4e-21   80.6   1.1    11   229     6   220     1   234 0.83 -
WP_075286753.1       -            337 repA                 -            239   6.5e-21   80.3   5.4   1   2   4.1e-24   8.3e-21   79.9   3.4     7   229    11   222     4   235 0.89 -
WP_075286753.1       -            337 repA                 -            239   6.5e-21   80.3   5.4   2   2       5.7   1.1e+04    0.9   0.0    63    92   221   250   218   309 0.69 -
WP_024265246.1       -            273 repA                 -            239   8.8e-21   79.9   0.1   1   1     7e-24   1.4e-20   79.2   0.1    11   227     7   217     4   224 0.89 -
WP_075275474.1       -            370 repA                 -            239   8.9e-21   79.8   5.4   1   2   5.6e-24   1.1e-20   79.5   3.4     7   229    11   222     4   235 0.89 -
WP_075275474.1       -            370 repA                 -            239   8.9e-21   79.8   5.4   2   2       6.3   1.3e+04    0.8   0.0    63    91   221   249   217   309 0.70 -
WP_004871874.1       -            309 repA                 -            239   1.9e-20   78.7   0.8   1   1   1.3e-23   2.6e-20   78.3   0.8    11   231     6   224     1   233 0.88 -
WP_052264034.1       -            277 repA                 -            239   2.3e-20   78.5   0.0   1   1   1.5e-23     3e-20   78.1   0.0     7   229     3   219     1   231 0.86 -
WP_000987942.1       -            299 repA                 -            239   3.3e-20   78.0   1.1   1   1   2.6e-23   5.3e-20   77.3   1.1     7   230     6   215     2   226 0.86 -
WP_058952636.1       -            298 repA                 -            239   3.4e-20   77.9   1.1   1   1   2.6e-23   5.3e-20   77.3   1.1     7   232     5   216     2   223 0.86 -
WP_062536835.1       -            320 repA                 -            239   4.8e-20   77.4   1.5   1   1   3.5e-23   7.1e-20   76.9   1.5    11   232     5   222     2   231 0.86 -
WP_075316562.1       -            303 repA                 -            239   5.5e-20   77.2   0.6   1   1   3.6e-23   7.3e-20   76.9   0.6    11   229     6   220     1   233 0.85 -
WP_063099738.1       -            312 repA                 -            239     6e-20   77.1   0.9   1   1     4e-23   8.1e-20   76.7   0.9    11   230     6   221     1   233 0.87 -
WP_012972403.1       -            285 repA                 -            239   6.2e-20   77.1   0.3   1   1   5.7e-23   1.1e-19   76.2   0.3     7   231     4   221     1   226 0.89 -
WP_013207371.1       -            250 repA                 -            239   9.4e-20   76.5   0.0   1   1   7.1e-23   1.4e-19   75.9   0.0    10   227    21   232    17   239 0.88 -
YP_003747224.1       -            250 repA                 -            239   9.4e-20   76.5   0.0   1   1   7.1e-23   1.4e-19   75.9   0.0    10   227    21   232    17   239 0.88 -
WP_005671612.1       -            269 repA                 -            239   4.3e-19   74.3   1.1   1   1   3.3e-22   6.7e-19   73.7   1.1     7   235     3   231     1   234 0.84 -
YP_009063207.1       -            269 repA                 -            239   4.3e-19   74.3   1.1   1   1   3.3e-22   6.7e-19   73.7   1.1     7   235     3   231     1   234 0.84 -
WP_089170171.1       -            280 repA                 -            239   5.7e-19   73.9   0.0   1   1   4.8e-22   9.6e-19   73.2   0.0     9   229     4   217     2   230 0.82 -
WP_025633936.1       -            350 repA                 -            239   6.8e-19   73.7   1.3   1   1   4.8e-22   9.7e-19   73.2   1.3     6   214    21   236    16   255 0.82 -
WP_058952649.1       -            311 repA                 -            239   9.2e-19   73.3   2.2   1   1   6.1e-22   1.2e-18   72.9   2.2    10   229     4   219     1   232 0.88 -
WP_067664158.1       -            297 repA                 -            239   1.2e-18   72.9   0.9   1   1   9.6e-22   1.9e-18   72.2   0.9     8   235     3   220     1   224 0.85 -
WP_102090314.1       -            309 repA                 -            239   1.7e-18   72.3   0.4   1   1   1.3e-21   2.6e-18   71.8   0.4    11   230     5   220     3   230 0.87 -
WP_060853654.1       -            313 repA                 -            239   2.2e-18   72.0   0.9   1   1   1.6e-21   3.3e-18   71.4   0.9    11   230     5   221     2   230 0.86 -
WP_014133086.1       -            293 repA                 -            239   2.2e-18   72.0   0.2   1   1   1.9e-21   3.8e-18   71.2   0.2    10   229     8   219     4   228 0.88 -
WP_001205343.1       -            316 repA                 -            239   2.2e-18   72.0   0.9   1   1   1.7e-21   3.4e-18   71.4   0.9    11   230     5   221     2   230 0.86 -
YP_006964864.1       -            316 repA                 -            239   2.2e-18   72.0   0.9   1   1   1.7e-21   3.4e-18   71.4   0.9    11   230     5   221     2   230 0.86 -
YP_008090880.1       -            316 repA                 -            239   2.2e-18   72.0   0.9   1   1   1.7e-21   3.4e-18   71.4   0.9    11   230     5   221     2   230 0.86 -
YP_008658574.1       -            316 repA                 -            239   2.2e-18   72.0   0.9   1   1   1.7e-21   3.4e-18   71.4   0.9    11   230     5   221     2   230 0.86 -
YP_009066626.1       -            316 repA                 -            239   2.2e-18   72.0   0.9   1   1   1.7e-21   3.4e-18   71.4   0.9    11   230     5   221     2   230 0.86 -
WP_001205341.1       -            316 repA                 -            239   2.3e-18   72.0   0.9   1   1   1.7e-21   3.4e-18   71.4   0.9    11   230     5   221     2   230 0.86 -
WP_052014794.1       -            275 repA                 -            239   3.2e-18   71.5   0.1   1   1   1.9e-21   3.9e-18   71.2   0.1     7   232     5   224     1   235 0.88 -
WP_014133087.1       -            285 repA                 -            239   5.6e-18   70.7   2.0   1   1   4.4e-21   8.9e-18   70.0   2.0     9   229     6   211     1   220 0.90 -
WP_005804946.1       -            293 repA                 -            239   5.7e-18   70.7   0.6   1   1   4.6e-21   9.3e-18   70.0   0.6     8   233     3   214     1   224 0.85 -
WP_001038666.1       -            297 repA                 -            239   6.3e-18   70.5   0.4   1   1   5.5e-21   1.1e-17   69.7   0.4     8   233     3   214     1   223 0.87 -
WP_005671616.1       -            269 repA                 -            239   6.8e-18   70.4   0.1   1   1   6.2e-21   1.2e-17   69.6   0.1     7   235     3   231     1   235 0.83 -
YP_009063200.1       -            269 repA                 -            239   6.8e-18   70.4   0.1   1   1   6.2e-21   1.2e-17   69.6   0.1     7   235     3   231     1   235 0.83 -
WP_060995465.1       -            314 repA                 -            239   8.8e-18   70.0   1.5   1   1   6.1e-21   1.2e-17   69.6   1.5    11   230     5   220     3   231 0.86 -
WP_050049564.1       -            302 repA                 -            239   9.5e-18   69.9   1.3   1   1   6.9e-21   1.4e-17   69.4   1.3    13   231     7   223     3   233 0.84 -
WP_000360254.1       -            295 repA                 -            239   9.8e-18   69.9   0.4   1   1     8e-21   1.6e-17   69.2   0.4     8   232     3   213     1   224 0.84 -
YP_001736296.1       -            295 repA                 -            239   9.8e-18   69.9   0.4   1   1     8e-21   1.6e-17   69.2   0.4     8   232     3   213     1   224 0.84 -
WP_012979617.1       -            281 repA                 -            239   1.1e-17   69.7   0.2   1   1     7e-21   1.4e-17   69.4   0.2     7   235     5   228     1   235 0.87 -
WP_001292329.1       -            311 repA                 -            239   1.2e-17   69.7   0.8   1   1   8.6e-21   1.7e-17   69.1   0.8    14   231     8   223     3   231 0.85 -
YP_009067213.1       -            311 repA                 -            239   1.2e-17   69.7   0.8   1   1   8.6e-21   1.7e-17   69.1   0.8    14   231     8   223     3   231 0.85 -
YP_213946.1          -            311 repA                 -            239   1.2e-17   69.7   0.8   1   1   8.6e-21   1.7e-17   69.1   0.8    14   231     8   223     3   231 0.85 -
WP_005108939.1       -            315 repA                 -            239   1.2e-17   69.6   0.6   1   1   8.9e-21   1.8e-17   69.0   0.6    11   229     6   219     3   228 0.91 -
WP_001292331.1       -            311 repA                 -            239   1.2e-17   69.6   0.8   1   1   8.9e-21   1.8e-17   69.0   0.8    14   231     8   223     3   231 0.85 -
NP_053154.1          -            229 repA                 -            239   1.4e-17   69.4   0.7   1   1   1.3e-20   2.7e-17   68.5   0.7     7   229     3   212     1   222 0.86 -
WP_010891412.1       -            229 repA                 -            239   1.4e-17   69.4   0.7   1   1   1.3e-20   2.7e-17   68.5   0.7     7   229     3   212     1   222 0.86 -
WP_012780181.1       -            295 repA                 -            239   1.5e-17   69.3   0.4   1   1   1.2e-20   2.3e-17   68.7   0.4     8   231     3   212     1   224 0.85 -
YP_003090213.1       -            295 repA                 -            239   1.5e-17   69.3   0.4   1   1   1.2e-20   2.3e-17   68.7   0.4     8   231     3   212     1   224 0.85 -
YP_003293957.1       -            295 repA                 -            239   1.5e-17   69.3   0.4   1   1   1.2e-20   2.3e-17   68.7   0.4     8   231     3   212     1   224 0.85 -
YP_006961790.1       -            295 repA                 -            239   1.5e-17   69.3   0.4   1   1   1.2e-20   2.3e-17   68.7   0.4     8   231     3   212     1   224 0.85 -
WP_002046604.1       -            312 repA                 -            239   1.5e-17   69.3   0.7   1   1   1.1e-20   2.1e-17   68.8   0.7    11   229     5   218     2   231 0.91 -
WP_038350249.1       -            309 repA                 -            239   2.6e-17   68.5   0.8   1   1   1.8e-20   3.6e-17   68.0   0.8    14   229     8   219     3   232 0.83 -
WP_004647575.1       -            309 repA                 -            239   2.9e-17   68.4   0.9   1   1   2.1e-20   4.1e-17   67.8   0.9    11   229     6   220     1   232 0.89 -
WP_087537508.1       -            311 repA                 -            239   3.1e-17   68.2   1.0   1   1   2.1e-20   4.2e-17   67.8   1.0    13   236     9   232     4   235 0.88 -
WP_005133531.1       -            309 repA                 -            239   3.3e-17   68.2   0.8   1   1   2.3e-20   4.6e-17   67.7   0.8    14   229     8   219     3   232 0.83 -
WP_109376080.1       -            347 repA                 -            239   3.3e-17   68.2   0.5   1   1   2.6e-20   5.2e-17   67.5   0.5    11   221    23   236    14   250 0.81 -
WP_004636909.1       -            251 repA                 -            239   3.3e-17   68.2   0.1   1   1   2.8e-20   5.6e-17   67.4   0.1    10   229    20   235    16   241 0.86 -
WP_009242021.1       -            251 repA                 -            239   3.3e-17   68.2   0.1   1   1   2.8e-20   5.6e-17   67.4   0.1    10   229    20   235    16   241 0.86 -
WP_001208779.1       -            316 repA                 -            239   3.6e-17   68.0   0.6   1   1   2.7e-20   5.4e-17   67.5   0.6    11   229     5   218     2   231 0.87 -
WP_075316568.1       -            307 repA                 -            239     4e-17   67.9   0.7   1   1   5.1e-20     1e-16   66.6   0.7    14   229     8   219     3   231 0.84 -
WP_005065049.1       -            309 repA                 -            239     4e-17   67.9   0.7   1   1   2.8e-20   5.6e-17   67.4   0.7    14   229     8   219     3   232 0.83 -
WP_015060777.1       -            315 repA                 -            239   4.8e-17   67.6   0.2   1   1   3.5e-20     7e-17   67.1   0.2    10   230     6   221     1   230 0.88 -
YP_006961756.1       -            315 repA                 -            239   4.8e-17   67.6   0.2   1   1   3.5e-20     7e-17   67.1   0.2    10   230     6   221     1   230 0.88 -
WP_001208778.1       -            316 repA                 -            239   4.9e-17   67.6   0.4   1   1   3.7e-20   7.4e-17   67.0   0.4    11   230     5   221     2   231 0.87 -
WP_032072978.1       -            309 repA                 -            239   5.6e-17   67.4   0.8   1   1     4e-20   7.9e-17   66.9   0.8    11   230     6   221     1   232 0.88 -
YP_009067189.1       -            309 repA                 -            239   5.6e-17   67.4   0.8   1   1     4e-20   7.9e-17   66.9   0.8    11   230     6   221     1   232 0.88 -
WP_058952625.1       -            309 repA                 -            239   5.7e-17   67.4   0.8   1   1     4e-20   7.9e-17   66.9   0.8    11   230     6   221     1   232 0.88 -
WP_001208776.1       -            316 repA                 -            239   5.8e-17   67.4   0.4   1   1   4.3e-20   8.7e-17   66.8   0.4    11   230     5   221     2   231 0.87 -
YP_002967453.1       -            316 repA                 -            239   5.8e-17   67.4   0.4   1   1   4.3e-20   8.7e-17   66.8   0.4    11   230     5   221     2   231 0.87 -
YP_009070331.1       -            316 repA                 -            239   5.8e-17   67.4   0.4   1   1   4.3e-20   8.7e-17   66.8   0.4    11   230     5   221     2   231 0.87 -
WP_012268399.1       -            311 repA                 -            239   8.3e-17   66.8   1.4   1   1   5.8e-20   1.2e-16   66.4   1.4    13   229     9   221     4   234 0.88 -
YP_001661463.1       -            311 repA                 -            239   8.3e-17   66.8   1.4   1   1   5.8e-20   1.2e-16   66.4   1.4    13   229     9   221     4   234 0.88 -
WP_057762714.1       -            318 repA                 -            239   1.1e-16   66.5   1.3   1   1   8.2e-20   1.7e-16   65.9   1.3    10   230     6   222     1   232 0.87 -
WP_080487033.1       -            227 repA                 -            239   1.2e-16   66.4   0.0   1   1     1e-19     2e-16   65.6   0.0    14   232     2   214     1   221 0.89 -
WP_032072971.1       -            309 repA                 -            239   1.2e-16   66.3   0.9   1   1   8.3e-20   1.7e-16   65.9   0.9    11   230     6   219     1   230 0.87 -
YP_009067182.1       -            309 repA                 -            239   1.2e-16   66.3   0.9   1   1   8.3e-20   1.7e-16   65.9   0.9    11   230     6   219     1   230 0.87 -
WP_011512352.1       -            315 repA                 -            239   1.4e-16   66.1   1.5   1   1   9.7e-20     2e-16   65.6   1.5    10   229     6   221     1   235 0.87 -
WP_015060152.1       -            316 repA                 -            239   1.7e-16   65.9   0.4   1   1   1.3e-19   2.6e-16   65.2   0.4    11   230     5   221     2   231 0.86 -
YP_006960403.1       -            316 repA                 -            239   1.7e-16   65.9   0.4   1   1   1.3e-19   2.6e-16   65.2   0.4    11   230     5   221     2   231 0.86 -
WP_006582659.1       -            311 repA                 -            239   1.7e-16   65.8   1.1   1   1   1.2e-19   2.3e-16   65.4   1.1    13   236     9   232     4   235 0.88 -
WP_001281396.1       -            233 repA                 -            239   1.8e-16   65.8   0.6   1   1   1.2e-19   2.3e-16   65.4   0.6    12   230     7   217     2   225 0.83 -
WP_004856439.1       -            307 repA                 -            239   1.9e-16   65.7   2.4   1   1   1.4e-19   2.8e-16   65.1   2.4     7   230     2   218     1   229 0.83 -
WP_012552337.1       -            219 repA                 -            239   1.9e-16   65.6   1.5   1   1   7.5e-19   1.5e-15   62.7   1.5     9   230     4   209     1   218 0.82 -
WP_020444561.1       -            316 repA                 -            239   1.9e-16   65.6   1.2   1   1   1.4e-19   2.8e-16   65.1   0.7     6   230     2   220     1   231 0.83 -
WP_060875711.1       -            313 repA                 -            239     2e-16   65.6   0.9   1   1   1.5e-19   3.1e-16   65.0   0.9    13   230     7   220     3   227 0.86 -
WP_060684539.1       -            233 repA                 -            239   2.1e-16   65.5   0.5   1   1   1.4e-19   2.8e-16   65.1   0.5    12   230     7   217     2   225 0.83 -
WP_104853315.1       -            327 repA                 -            239   2.8e-16   65.1   1.1   1   1   2.1e-19   4.2e-16   64.5   1.1    12   232    18   233    11   241 0.89 -
WP_012477662.1       -            392 repA                 -            239     3e-16   65.0   1.1   1   1   1.5e-19     3e-16   65.0   1.1     7   230     3   220     1   232 0.85 -
YP_001966359.1       -            392 repA                 -            239     3e-16   65.0   1.1   1   1   1.5e-19     3e-16   65.0   1.1     7   230     3   220     1   232 0.85 -
WP_081089765.1       -            234 repA                 -            239     3e-16   65.0   0.1   1   1   2.3e-19   4.7e-16   64.4   0.1    14   220     2   208     1   220 0.84 -
WP_004726799.1       -            327 repA                 -            239   3.1e-16   65.0   1.1   1   1   2.3e-19   4.7e-16   64.4   1.1    12   232    18   233    10   242 0.89 -
WP_044596214.1       -            233 repA                 -            239   3.3e-16   64.9   0.5   1   1   2.2e-19   4.3e-16   64.5   0.5    12   230     7   217     2   225 0.84 -
WP_000711927.1       -            310 repA                 -            239   4.3e-16   64.5   2.2   1   1   3.1e-19   6.3e-16   64.0   2.2     7   230     2   218     1   230 0.82 -
WP_084785919.1       -            344 repA                 -            239     5e-16   64.3   2.0   1   1     4e-19   8.1e-16   63.6   2.0     4   228    14   237    12   248 0.86 -
WP_001281395.1       -            233 repA                 -            239   5.6e-16   64.1   0.6   1   1   3.7e-19   7.4e-16   63.7   0.6    12   230     7   217     2   225 0.83 -
WP_015059334.1       -            240 repA                 -            239   6.9e-16   63.8   0.7   1   1   5.1e-19     1e-15   63.3   0.7    11   229     6   211     2   219 0.90 -
WP_001296720.1       -            235 repA                 -            239   7.1e-16   63.8   0.4   1   1   4.9e-19   9.8e-16   63.3   0.4    13   230    10   219     4   227 0.88 -
WP_004896921.1       -            309 repA                 -            239   8.2e-16   63.6   1.2   1   1   5.5e-19   1.1e-15   63.2   1.2    11   229     6   219     1   233 0.83 -
WP_046861478.1       -            238 repA                 -            239   8.2e-16   63.6   0.4   1   1   4.3e-18   8.7e-15   60.2   0.4     7   229    14   222    11   233 0.88 -
WP_000845976.1       -            315 repA                 -            239   9.1e-16   63.4   1.5   1   1   6.1e-19   1.2e-15   63.0   1.5    11   230     6   219     1   231 0.86 -
WP_060870085.1       -            234 repA                 -            239   1.2e-15   63.0   0.1   1   1   9.5e-19   1.9e-15   62.4   0.1    14   220     2   208     1   220 0.83 -
WP_012775853.1       -            158 repA                 -            239   1.3e-15   63.0   0.0   1   1   8.3e-19   1.7e-15   62.6   0.0    10   147    17   151     6   155 0.86 -
YP_003034002.1       -            158 repA                 -            239   1.3e-15   63.0   0.0   1   1   8.3e-19   1.7e-15   62.6   0.0    10   147    17   151     6   155 0.86 -
WP_015060933.1       -            330 repA                 -            239   1.3e-15   62.9   2.4   1   1     1e-18     2e-15   62.3   2.4     6   228     2   223     1   234 0.85 -
YP_006962174.1       -            330 repA                 -            239   1.3e-15   62.9   2.4   1   1     1e-18     2e-15   62.3   2.4     6   228     2   223     1   234 0.85 -
WP_004282204.1       -            307 repA                 -            239   1.4e-15   62.8   1.2   1   1     1e-18     2e-15   62.3   1.2    12   229     7   219     1   233 0.83 -
WP_032073099.1       -            307 repA                 -            239   1.6e-15   62.6   1.3   1   1     1e-18   2.1e-15   62.3   1.3    12   229     7   219     1   268 0.85 -
YP_009070345.1       -            307 repA                 -            239   1.6e-15   62.6   1.3   1   1     1e-18   2.1e-15   62.3   1.3    12   229     7   219     1   268 0.85 -
WP_096527824.1       -            270 repA                 -            239     2e-15   62.3   1.5   1   1   1.2e-18   2.5e-15   62.0   1.5     7   237     3   232     1   234 0.82 -
WP_015647649.1       -            229 repA                 -            239   2.4e-15   62.1   0.1   1   1   1.9e-18   3.9e-15   61.4   0.1    10   226     5   209     2   224 0.88 -
YP_007974358.1       -            229 repA                 -            239   2.4e-15   62.1   0.1   1   1   1.9e-18   3.9e-15   61.4   0.1    10   226     5   209     2   224 0.88 -
WP_071555877.1       -            250 repA                 -            239   2.5e-15   62.0   0.7   1   1   5.9e-18   1.2e-14   59.8   0.7    10   229    14   219     8   227 0.91 -
WP_005404786.1       -            316 repA                 -            239   3.5e-15   61.5   1.4   1   1   2.7e-18   5.3e-15   60.9   1.4    10   231     4   219     1   230 0.89 -
WP_086045016.1       -            310 repA                 -            239   3.8e-15   61.4   1.1   1   1   2.8e-18   5.6e-15   60.9   1.1    11   231     5   220     2   231 0.87 -
WP_096489744.1       -            332 repA                 -            239   4.1e-15   61.3   1.9   1   1   3.1e-18   6.2e-15   60.7   1.9    11   229    12   226     4   238 0.83 -
WP_102092454.1       -            309 repA                 -            239   5.4e-15   60.9   0.6   1   1   3.8e-18   7.6e-15   60.4   0.6    11   230     4   216     1   226 0.83 -
WP_004698334.1       -            307 repA                 -            239   5.6e-15   60.9   1.0   1   1   3.9e-18   7.9e-15   60.4   1.0    12   229     7   219     1   232 0.82 -
WP_000845851.1       -            307 repA                 -            239   5.6e-15   60.9   1.0   1   1   3.9e-18   7.9e-15   60.4   1.0    12   229     7   219     1   232 0.82 -
WP_102076191.1       -            329 repA                 -            239   6.5e-15   60.6   0.9   1   1     5e-18     1e-14   60.0   0.9     6   229     2   221     1   235 0.80 -
WP_060870271.1       -            234 repA                 -            239   6.6e-15   60.6   0.1   1   1     5e-18     1e-14   60.0   0.1    14   220     2   208     1   220 0.83 -
WP_050324833.1       -            413 repA                 -            239   6.6e-15   60.6   1.9   1   1   5.7e-18   1.1e-14   59.8   1.9    11   229    12   226     4   238 0.83 -
WP_015282519.1       -            239 repA                 -            239   6.6e-15   60.6   0.4   1   1   1.4e-17   2.8e-14   58.6   0.4    11   228    17   221    12   229 0.89 -
WP_015060789.1       -            329 repA                 -            239   7.9e-15   60.4   1.1   1   1   5.9e-18   1.2e-14   59.8   1.1     6   229     2   221     1   236 0.81 -
YP_006961770.1       -            329 repA                 -            239   7.9e-15   60.4   1.1   1   1   5.9e-18   1.2e-14   59.8   1.1     6   229     2   221     1   236 0.81 -
WP_074321314.1       -            234 repA                 -            239   8.5e-15   60.3   0.1   1   1   6.8e-18   1.4e-14   59.6   0.1     1   229     1   217     1   228 0.88 -
WP_082304498.1       -            329 repA                 -            239   1.1e-14   59.9   2.2   1   2   9.3e-18   1.9e-14   59.1   0.7    58   229    10   181     2   192 0.91 -
WP_082304498.1       -            329 repA                 -            239   1.1e-14   59.9   2.2   2   2       5.1     1e+04    1.1   0.1    63    92   180   209   175   268 0.70 -
WP_002124966.1       -            310 repA                 -            239   1.2e-14   59.8   1.2   1   1   8.4e-18   1.7e-14   59.3   1.2    11   231     5   220     2   231 0.87 -
WP_100271300.1       -            415 repA                 -            239   1.4e-14   59.5   2.9   1   1   1.2e-17   2.4e-14   58.8   2.9    11   231    12   228     4   237 0.84 -
WP_000227989.1       -            233 repA                 -            239   1.6e-14   59.3   0.4   1   1   1.3e-17   2.5e-14   58.7   0.4    13   230     8   217     3   225 0.81 -
WP_068330399.1       -            329 repA                 -            239   1.8e-14   59.2   1.0   1   1   1.4e-17   2.7e-14   58.6   1.0     6   229     2   221     1   235 0.80 -
WP_102076511.1       -            312 repA                 -            239     2e-14   59.1   0.5   1   1   1.4e-17   2.8e-14   58.6   0.5    11   230     6   220     1   231 0.85 -
WP_100526147.1       -            234 repA                 -            239   2.2e-14   58.9   0.1   1   1   1.6e-17   3.2e-14   58.4   0.1    24   226    12   214     1   222 0.81 -
WP_068330365.1       -            309 repA                 -            239   2.2e-14   58.9   0.5   1   1   1.7e-17   3.4e-14   58.3   0.4    11   230     4   216     1   229 0.83 -
WP_011666799.1       -            233 repA                 -            239   2.9e-14   58.5   0.8   1   1   1.8e-17   3.7e-14   58.2   0.8    12   230     7   217     2   225 0.85 -
YP_794131.1          -            233 repA                 -            239   2.9e-14   58.5   0.8   1   1   1.8e-17   3.7e-14   58.2   0.8    12   230     7   217     2   225 0.85 -
NP_943193.1          -            326 repA                 -            239   2.9e-14   58.5   2.3   1   1   1.3e-16   2.7e-13   55.4   2.3    73   223    58   204     1   224 0.72 -
WP_011154431.1       -            326 repA                 -            239   2.9e-14   58.5   2.3   1   1   1.3e-16   2.7e-13   55.4   2.3    73   223    58   204     1   224 0.72 -
WP_011733955.1       -            274 repA                 -            239   3.1e-14   58.4   0.6   1   1   1.1e-16   2.2e-13   55.7   0.6    62   227    91   256    47   269 0.83 -
WP_082045626.1       -            306 repA                 -            239   3.3e-14   58.3   0.1   1   1   2.8e-17   5.5e-14   57.6   0.1    11   230     9   221     4   232 0.89 -
WP_031942569.1       -            249 repA                 -            239   3.4e-14   58.3   0.0   1   1   2.3e-17   4.7e-14   57.8   0.0    60   221    59   224    17   235 0.84 -
YP_009062978.1       -            249 repA                 -            239   3.4e-14   58.3   0.0   1   1   2.3e-17   4.7e-14   57.8   0.0    60   221    59   224    17   235 0.84 -
WP_015060112.1       -            330 repA                 -            239   4.2e-14   58.0   3.3   1   1   5.9e-17   1.2e-13   56.5   3.3     8   229     4   210     1   222 0.84 -
YP_006959641.1       -            330 repA                 -            239   4.2e-14   58.0   3.3   1   1   5.9e-17   1.2e-13   56.5   3.3     8   229     4   210     1   222 0.84 -
YP_006959645.1       -            330 repA                 -            239   4.2e-14   58.0   3.3   1   1   5.9e-17   1.2e-13   56.5   3.3     8   229     4   210     1   222 0.84 -
YP_006959648.1       -            330 repA                 -            239   4.2e-14   58.0   3.3   1   1   5.9e-17   1.2e-13   56.5   3.3     8   229     4   210     1   222 0.84 -
YP_006959652.1       -            330 repA                 -            239   4.2e-14   58.0   3.3   1   1   5.9e-17   1.2e-13   56.5   3.3     8   229     4   210     1   222 0.84 -
YP_006959655.1       -            330 repA                 -            239   4.2e-14   58.0   3.3   1   1   5.9e-17   1.2e-13   56.5   3.3     8   229     4   210     1   222 0.84 -
YP_006959659.1       -            330 repA                 -            239   4.2e-14   58.0   3.3   1   1   5.9e-17   1.2e-13   56.5   3.3     8   229     4   210     1   222 0.84 -
YP_006959662.1       -            330 repA                 -            239   4.2e-14   58.0   3.3   1   1   5.9e-17   1.2e-13   56.5   3.3     8   229     4   210     1   222 0.84 -
YP_007412681.1       -            330 repA                 -            239   4.2e-14   58.0   3.3   1   1   5.9e-17   1.2e-13   56.5   3.3     8   229     4   210     1   222 0.84 -
WP_068039598.1       -            309 repA                 -            239   4.4e-14   57.9   0.5   1   1   3.4e-17   6.8e-14   57.3   0.4    11   230     4   216     1   229 0.83 -
WP_095424013.1       -            269 repA                 -            239     5e-14   57.7   0.1   1   1   4.8e-17   9.7e-14   56.8   0.1    73   220    91   243    20   253 0.75 -
WP_064455069.1       -            288 repA                 -            239   7.5e-14   57.2   0.5   1   1   3.4e-16   6.7e-13   54.0   0.5     7   232    13   223     8   226 0.88 -
WP_005174434.1       -            307 repA                 -            239   7.7e-14   57.1   0.7   1   1   5.6e-17   1.1e-13   56.6   0.7    11   236     5   227     2   230 0.87 -
WP_005742375.1       -            300 repA                 -            239   9.1e-14   56.9   0.2   1   1   5.8e-17   1.2e-13   56.6   0.2     8   217     5   206     1   224 0.88 -
WP_050947462.1       -            230 repA                 -            239   9.2e-14   56.9   0.9   1   1   6.7e-17   1.3e-13   56.3   0.9    12   231     7   215     2   222 0.84 -
WP_009207753.1       -            259 repA                 -            239     1e-13   56.7   0.3   1   1   7.9e-17   1.6e-13   56.1   0.3    11   232    32   242    27   247 0.87 -
WP_015061581.1       -            249 repA                 -            239     1e-13   56.7   0.0   1   1   6.8e-17   1.4e-13   56.3   0.0    59   220    58   223    17   235 0.84 -
YP_006962996.1       -            249 repA                 -            239     1e-13   56.7   0.0   1   1   6.8e-17   1.4e-13   56.3   0.0    59   220    58   223    17   235 0.84 -
WP_034051509.1       -            288 repA                 -            239   1.1e-13   56.7   0.5   1   1   4.7e-16   9.5e-13   53.6   0.5     8   232    14   223     9   226 0.87 -
WP_015059933.1       -            233 repA                 -            239   1.1e-13   56.7   0.7   1   1   6.9e-17   1.4e-13   56.3   0.7    12   230     7   217     2   225 0.84 -
YP_006957901.1       -            233 repA                 -            239   1.1e-13   56.7   0.7   1   1   6.9e-17   1.4e-13   56.3   0.7    12   230     7   217     2   225 0.84 -
WP_001281397.1       -            233 repA                 -            239   1.1e-13   56.6   0.7   1   1   7.3e-17   1.5e-13   56.2   0.7    12   230     7   217     2   225 0.84 -
WP_095424060.1       -            255 repA                 -            239   1.1e-13   56.6   0.0   1   1   8.2e-17   1.6e-13   56.1   0.0    11   226    20   235    15   241 0.83 -
WP_001281403.1       -            230 repA                 -            239   1.2e-13   56.5   1.0   1   1   8.9e-17   1.8e-13   55.9   1.0    12   230     7   214     2   222 0.83 -
YP_001966168.1       -            230 repA                 -            239   1.2e-13   56.5   1.0   1   1   8.9e-17   1.8e-13   55.9   1.0    12   230     7   214     2   222 0.83 -
WP_076755255.1       -            307 repA                 -            239   1.3e-13   56.4   0.7   1   1   9.2e-17   1.9e-13   55.9   0.7    11   236     5   227     2   230 0.87 -
WP_101458637.1       -            315 repA                 -            239   1.3e-13   56.4   2.1   1   1   8.6e-17   1.7e-13   56.0   2.1     6   229     6   223     1   234 0.88 -
WP_021038255.1       -            325 repA                 -            239   1.3e-13   56.4   3.0   1   1   1.9e-16   3.7e-13   54.9   3.0     9   232     5   213     1   224 0.88 -
YP_008567637.1       -            325 repA                 -            239   1.3e-13   56.4   3.0   1   1   1.9e-16   3.7e-13   54.9   3.0     9   232     5   213     1   224 0.88 -
WP_044716251.1       -            230 repA                 -            239   1.3e-13   56.3   0.9   1   1   9.6e-17   1.9e-13   55.8   0.9    12   229     7   213     2   222 0.83 -
WP_102090309.1       -            340 repA                 -            239   1.4e-13   56.3   1.2   1   1   9.4e-17   1.9e-13   55.9   1.2    10   233     7   231     1   240 0.78 -
WP_032489526.1       -            328 repA                 -            239   1.6e-13   56.1   2.4   1   1   2.7e-16   5.3e-13   54.4   2.4     9   231     5   212     1   218 0.87 -
WP_012477538.1       -            328 repA                 -            239   1.7e-13   56.0   2.4   1   1   2.7e-16   5.3e-13   54.4   2.4     9   231     5   212     1   218 0.87 -
YP_001966136.1       -            328 repA                 -            239   1.7e-13   56.0   2.4   1   1   2.7e-16   5.3e-13   54.4   2.4     9   231     5   212     1   218 0.87 -
WP_068039714.1       -            331 repA                 -            239   1.7e-13   56.0   1.3   1   1   1.2e-16   2.4e-13   55.5   1.3    11   235     7   235     1   239 0.86 -
WP_062335190.1       -            332 repA                 -            239   2.4e-13   55.5   1.5   1   1   1.8e-16   3.6e-13   54.9   1.5    13   229     7   219     3   233 0.82 -
WP_100271416.1       -            354 repA                 -            239   2.5e-13   55.5   0.5   1   1   2.1e-16   4.3e-13   54.7   0.5    11   229    35   247    25   259 0.86 -
WP_082787308.1       -            321 repA                 -            239   2.6e-13   55.4   1.5   1   1   1.3e-16   2.6e-13   55.4   0.6     4   236     6   236     1   239 0.87 -
WP_099808732.1       -            354 repA                 -            239   2.7e-13   55.3   0.7   1   1   2.2e-16   4.4e-13   54.7   0.7    11   229    35   247    25   260 0.86 -
WP_057762756.1       -            324 repA                 -            239   3.2e-13   55.1   0.4   1   1   2.3e-16   4.6e-13   54.6   0.4    34   230    31   223     4   236 0.83 -
WP_032666458.1       -            242 repA                 -            239   3.4e-13   55.0   0.1   1   1   3.6e-16   7.1e-13   54.0   0.1     3   212     7   209     6   230 0.85 -
WP_101800976.1       -            386 repA                 -            239   3.6e-13   55.0   0.3   1   1   2.4e-16   4.9e-13   54.5   0.3     8   228     4   212     1   223 0.88 -
WP_000185725.1       -            305 repA                 -            239   3.9e-13   54.8   4.7   1   1   2.9e-16   5.7e-13   54.3   4.7    11   232     8   222     1   230 0.88 -
WP_000185726.1       -            305 repA                 -            239   3.9e-13   54.8   4.7   1   1   2.9e-16   5.9e-13   54.2   4.7    11   232     8   222     1   230 0.88 -
WP_012443158.1       -            348 repA                 -            239   4.4e-13   54.7   1.5   1   1   4.4e-16   8.9e-13   53.7   1.5    11   233    23   249    18   254 0.80 -
WP_013578331.1       -            335 repA                 -            239     5e-13   54.5   0.8   1   1   5.1e-16     1e-12   53.4   0.8     1   226     1   230     1   240 0.81 -
WP_005825872.1       -            321 repA                 -            239   5.5e-13   54.3   2.8   1   1   4.3e-16   8.7e-13   53.7   2.8     6   232     2   217     1   226 0.84 -
YP_001315014.1       -            321 repA                 -            239   5.5e-13   54.3   2.8   1   1   4.3e-16   8.7e-13   53.7   2.8     6   232     2   217     1   226 0.84 -
YP_001315023.1       -            321 repA                 -            239   5.5e-13   54.3   2.8   1   1   4.3e-16   8.7e-13   53.7   2.8     6   232     2   217     1   226 0.84 -
YP_006966088.1       -            321 repA                 -            239   5.5e-13   54.3   2.8   1   1   4.3e-16   8.7e-13   53.7   2.8     6   232     2   217     1   226 0.84 -
YP_245401.1          -            321 repA                 -            239   5.5e-13   54.3   2.8   1   1   4.3e-16   8.7e-13   53.7   2.8     6   232     2   217     1   226 0.84 -
YP_245410.1          -            321 repA                 -            239   5.5e-13   54.3   2.8   1   1   4.3e-16   8.7e-13   53.7   2.8     6   232     2   217     1   226 0.84 -
YP_245420.1          -            321 repA                 -            239   5.5e-13   54.3   2.8   1   1   4.3e-16   8.7e-13   53.7   2.8     6   232     2   217     1   226 0.84 -
WP_065994750.1       -            302 repA                 -            239   5.9e-13   54.2   2.1   1   1   4.1e-16   8.3e-13   53.8   2.1    13   230     7   220     2   227 0.87 -
NP_943141.1          -            288 repA                 -            239     7e-13   54.0   0.6   1   1   3.2e-15   6.3e-12   50.9   0.6     8   232    14   223     9   227 0.86 -
WP_011154372.1       -            288 repA                 -            239     7e-13   54.0   0.6   1   1   3.2e-15   6.3e-12   50.9   0.6     8   232    14   223     9   227 0.86 -
YP_003617086.1       -            288 repA                 -            239     7e-13   54.0   0.6   1   1   3.2e-15   6.3e-12   50.9   0.6     8   232    14   223     9   227 0.86 -
YP_709275.1          -            288 repA                 -            239     7e-13   54.0   0.6   1   1   3.2e-15   6.3e-12   50.9   0.6     8   232    14   223     9   227 0.86 -
WP_011620830.1       -            230 repA                 -            239   7.1e-13   54.0   2.6   1   1   6.4e-16   1.3e-12   53.1   2.6     6   230     2   214     1   224 0.86 -
WP_031943932.1       -            265 repA                 -            239   7.1e-13   54.0   0.2   1   1   1.1e-15   2.2e-12   52.4   0.2    59   225    69   242    25   255 0.79 -
YP_009062449.1       -            265 repA                 -            239   7.1e-13   54.0   0.2   1   1   1.1e-15   2.2e-12   52.4   0.2    59   225    69   242    25   255 0.79 -
NP_848168.1          -            313 repA                 -            239   7.2e-13   54.0   3.2   1   1   5.3e-16   1.1e-12   53.4   1.1     7   229     3   210     1   223 0.87 -
WP_011113046.1       -            313 repA                 -            239   7.2e-13   54.0   3.2   1   1   5.3e-16   1.1e-12   53.4   1.1     7   229     3   210     1   223 0.87 -
WP_000534216.1       -            275 repA                 -            239   7.2e-13   53.9   0.6   1   1   4.9e-16   9.8e-13   53.5   0.6    64   229    17   185     6   199 0.81 -
YP_005351824.1       -            275 repA                 -            239   7.2e-13   53.9   0.6   1   1   4.9e-16   9.8e-13   53.5   0.6    64   229    17   185     6   199 0.81 -
YP_006952730.1       -            275 repA                 -            239   7.2e-13   53.9   0.6   1   1   4.9e-16   9.8e-13   53.5   0.6    64   229    17   185     6   199 0.81 -
YP_006964909.1       -            275 repA                 -            239   7.2e-13   53.9   0.6   1   1   4.9e-16   9.8e-13   53.5   0.6    64   229    17   185     6   199 0.81 -
WP_011977797.1       -            282 repA                 -            239   7.5e-13   53.9   0.6   1   1   5.3e-16   1.1e-12   53.4   0.6    64   229    17   185     6   199 0.81 -
NP_573540.1          -            322 repA                 -            239   8.2e-13   53.8   3.2   1   1   1.6e-15   3.1e-12   51.9   3.2     9   229     5   210     1   218 0.84 -
WP_011011116.1       -            322 repA                 -            239   8.2e-13   53.8   3.2   1   1   1.6e-15   3.1e-12   51.9   3.2     9   229     5   210     1   218 0.84 -
WP_005407388.1       -            305 repA                 -            239     1e-12   53.5   4.0   1   1     7e-16   1.4e-12   53.0   4.0    11   232     8   222     1   233 0.87 -
WP_015085276.1       -            388 repA                 -            239   1.1e-12   53.4   0.2   1   1     1e-15     2e-12   52.5   0.2    11   227     7   212     1   222 0.81 -
YP_007016420.1       -            388 repA                 -            239   1.1e-12   53.4   0.2   1   1     1e-15     2e-12   52.5   0.2    11   227     7   212     1   222 0.81 -
WP_048339503.1       -            328 repA                 -            239   1.1e-12   53.4   2.8   1   1   1.7e-15   3.5e-12   51.7   2.8     9   231     5   212     1   218 0.87 -
NP_758604.1          -            288 repA                 -            239   1.1e-12   53.3   0.6   1   1   5.2e-15     1e-11   50.1   0.6     8   232    14   223     9   227 0.86 -
WP_011077915.1       -            288 repA                 -            239   1.1e-12   53.3   0.6   1   1   5.2e-15     1e-11   50.1   0.6     8   232    14   223     9   227 0.86 -
YP_002474007.1       -            288 repA                 -            239   1.1e-12   53.3   0.6   1   1   5.2e-15     1e-11   50.1   0.6     8   232    14   223     9   227 0.86 -
WP_082286590.1       -            342 repA                 -            239   1.1e-12   53.3   0.6   1   1   2.1e-15   4.1e-12   51.5   0.6     8   230    19   228    13   241 0.83 -
WP_052585445.1       -            402 repA                 -            239   1.1e-12   53.3   0.4   1   1     9e-16   1.8e-12   52.6   0.4    12   230     6   224     3   236 0.85 -
WP_042634593.1       -            260 repA                 -            239   1.6e-12   52.9   0.8   1   1     1e-15     2e-12   52.5   0.8    65   229     3   170     1   184 0.81 -
WP_041494494.1       -            265 repA                 -            239   1.6e-12   52.8   0.0   1   1     1e-15     2e-12   52.5   0.0   109   221   128   240    17   252 0.84 -
WP_013921661.1       -            300 repA                 -            239   1.8e-12   52.7   1.0   1   1   3.9e-15   7.8e-12   50.6   1.0    13   233    11   221     3   230 0.73 -
WP_057762694.1       -            325 repA                 -            239     2e-12   52.5   0.3   1   1   1.5e-15     3e-12   51.9   0.3    22   231    26   230     7   242 0.81 -
WP_102076202.1       -            325 repA                 -            239     2e-12   52.5   0.3   1   1   1.5e-15     3e-12   51.9   0.3    22   231    26   230     7   242 0.81 -
WP_102092459.1       -            316 repA                 -            239   2.1e-12   52.4   0.5   1   1   1.6e-15   3.2e-12   51.8   0.5     7   235     4   230     1   234 0.87 -
WP_084212265.1       -            316 repA                 -            239   2.2e-12   52.4   0.5   1   1   1.6e-15   3.2e-12   51.8   0.5     7   235     4   230     1   234 0.87 -
WP_032066855.1       -            307 repA                 -            239   2.4e-12   52.2   3.7   1   1   1.8e-15   3.5e-12   51.7   3.7     7   232     5   222     1   232 0.88 -
WP_111021675.1       -            263 repA                 -            239   2.4e-12   52.2   0.0   1   1   1.6e-15   3.2e-12   51.8   0.0    11   221    17   238    11   253 0.79 -
WP_058383831.1       -            382 repA                 -            239   2.9e-12   52.0   0.3   1   1   2.6e-15   5.3e-12   51.1   0.3    11   229     7   214     1   221 0.79 -
NP_848174.1          -            321 repA                 -            239   3.3e-12   51.8   3.3   1   1   6.3e-15   1.3e-11   49.9   3.3     9   229     5   210     1   218 0.84 -
WP_011113051.1       -            321 repA                 -            239   3.3e-12   51.8   3.3   1   1   6.3e-15   1.3e-11   49.9   3.3     9   229     5   210     1   218 0.84 -
WP_002035141.1       -            257 repA                 -            239     4e-12   51.5   0.8   1   1   2.6e-15   5.1e-12   51.2   0.8    66   229     1   167     1   181 0.80 -
WP_065537418.1       -            384 repA                 -            239   4.4e-12   51.4   0.4   1   1   3.1e-15   6.3e-12   50.9   0.4     6   228     2   212     1   224 0.87 -
WP_012881102.1       -            391 repA                 -            239   4.4e-12   51.4   1.0   1   1   3.1e-15   6.3e-12   50.9   1.0     6   227     2   212     1   223 0.88 -
YP_003329163.1       -            391 repA                 -            239   4.4e-12   51.4   1.0   1   1   3.1e-15   6.3e-12   50.9   1.0     6   227     2   212     1   223 0.88 -
WP_068330446.1       -            314 repA                 -            239   5.3e-12   51.1   0.3   1   1   4.3e-15   8.7e-12   50.4   0.3    47   231    32   219     4   231 0.82 -
WP_055414407.1       -            307 repA                 -            239   5.5e-12   51.1   3.1   1   1     4e-15   7.9e-12   50.5   3.1     7   232     5   222     1   230 0.87 -
WP_063501265.1       -            263 repA                 -            239   5.5e-12   51.1   0.0   1   1   3.7e-15   7.4e-12   50.6   0.0    14   219    20   236     8   253 0.73 -
WP_015060739.1       -            305 repA                 -            239   5.7e-12   51.0   2.2   1   1   4.7e-15   9.5e-12   50.3   2.2    11   221     6   211     2   231 0.85 -
YP_006961717.1       -            305 repA                 -            239   5.7e-12   51.0   2.2   1   1   4.7e-15   9.5e-12   50.3   2.2    11   221     6   211     2   231 0.85 -
WP_017724908.1       -            307 repA                 -            239     7e-12   50.7   3.2   1   1   5.3e-15   1.1e-11   50.1   3.2     7   232     5   222     1   230 0.87 -
WP_005155887.1       -            307 repA                 -            239   7.3e-12   50.7   3.4   1   1   5.6e-15   1.1e-11   50.1   3.4     7   232     5   222     1   229 0.87 -
YP_001661474.1       -            307 repA                 -            239   7.3e-12   50.7   3.4   1   1   5.6e-15   1.1e-11   50.1   3.4     7   232     5   222     1   229 0.87 -
WP_015256684.1       -            410 repA                 -            239   1.1e-11   50.0   0.8   1   1   9.1e-15   1.8e-11   49.3   0.8    58   232    57   230    15   238 0.83 -
WP_015243646.1       -            255 repA                 -            239   1.2e-11   50.0   0.6   1   1   8.2e-15   1.6e-11   49.5   0.6    73   229     6   165     2   179 0.78 -
YP_007195514.1       -            255 repA                 -            239   1.2e-11   50.0   0.6   1   1   8.2e-15   1.6e-11   49.5   0.6    73   229     6   165     2   179 0.78 -
WP_012961253.1       -            398 repA                 -            239   1.2e-11   49.9   1.4   1   1   1.3e-14   2.7e-11   48.8   1.4    11   231    19   225    10   234 0.86 -
WP_089069041.1       -            230 repA                 -            239   1.4e-11   49.8   3.9   1   1     3e-14     6e-11   47.7   3.9     6   229     2   213     1   223 0.85 -
WP_011178603.1       -            284 repA                 -            239   1.7e-11   49.5   0.1   1   1   1.1e-14   2.2e-11   49.1   0.1    48   227    79   265    48   278 0.82 -
YP_025704.1          -            284 repA                 -            239   1.7e-11   49.5   0.1   1   1   1.1e-14   2.2e-11   49.1   0.1    48   227    79   265    48   278 0.82 -
WP_076033796.1       -            312 repA                 -            239   1.7e-11   49.4   0.0   1   1   1.3e-14   2.6e-11   48.8   0.0    13   233     8   225     2   231 0.79 -
WP_102092596.1       -            316 repA                 -            239     2e-11   49.3   0.3   1   1   1.3e-14   2.6e-11   48.9   0.3    11   237     7   231     1   233 0.81 -
WP_052799137.1       -            250 repA                 -            239   2.2e-11   49.1   0.5   1   1   1.4e-14   2.9e-11   48.7   0.5    76   229     7   160     1   174 0.79 -
WP_012842520.1       -            386 repA                 -            239   2.3e-11   49.0   0.7   1   1   2.1e-14   4.3e-11   48.1   0.7    56   228    41   219     2   231 0.82 -
YP_003289297.1       -            386 repA                 -            239   2.3e-11   49.0   0.7   1   1   2.1e-14   4.3e-11   48.1   0.7    56   228    41   219     2   231 0.82 -
WP_042286932.1       -            263 repA                 -            239   2.3e-11   49.0   0.1   1   1   1.5e-14   3.1e-11   48.6   0.1   102   221   121   238    13   256 0.82 -
YP_002286761.1       -            294 repA                 -            239   2.5e-11   48.9   0.4   1   1   1.6e-14   3.2e-11   48.5   0.4    37   232    59   249    28   258 0.81 -
WP_101189102.1       -            388 repA                 -            239     3e-11   48.7   0.2   1   1   2.2e-14   4.4e-11   48.1   0.2    60   228    47   213     1   222 0.81 -
WP_012477426.1       -            245 repA                 -            239     3e-11   48.7   0.4   1   1   4.3e-14   8.7e-11   47.1   0.4    10   235    19   233    13   237 0.83 -
YP_001965981.1       -            245 repA                 -            239     3e-11   48.7   0.4   1   1   4.3e-14   8.7e-11   47.1   0.4    10   235    19   233    13   237 0.83 -
YP_001966260.1       -            245 repA                 -            239     3e-11   48.7   0.4   1   1   4.3e-14   8.7e-11   47.1   0.4    10   235    19   233    13   237 0.83 -
YP_001966517.1       -            245 repA                 -            239     3e-11   48.7   0.4   1   1   4.3e-14   8.7e-11   47.1   0.4    10   235    19   233    13   237 0.83 -
WP_012477129.1       -            245 repA                 -            239   3.1e-11   48.6   0.4   1   1   4.4e-14   8.9e-11   47.1   0.4    10   235    19   233    13   237 0.83 -
YP_001965306.1       -            245 repA                 -            239   3.1e-11   48.6   0.4   1   1   4.4e-14   8.9e-11   47.1   0.4    10   235    19   233    13   237 0.83 -
WP_049068997.1       -            305 repA                 -            239   3.6e-11   48.4   1.4   1   1   2.6e-14   5.1e-11   47.9   1.4    11   229     5   218     1   229 0.89 -
WP_072092987.1       -            318 repA                 -            239   3.7e-11   48.3   0.9   1   1   3.1e-14   6.3e-11   47.6   0.9     7   231     7   225     1   237 0.84 -
WP_065252193.1       -            318 repA                 -            239   3.7e-11   48.3   0.9   1   1   3.1e-14   6.3e-11   47.6   0.9     7   231     7   225     1   237 0.84 -
WP_012477604.1       -            264 repA                 -            239   4.2e-11   48.2   3.9   1   1   1.2e-13   2.4e-10   45.7   3.9     6   228    20   228    15   240 0.83 -
YP_001966261.1       -            264 repA                 -            239   4.2e-11   48.2   3.9   1   1   1.2e-13   2.4e-10   45.7   3.9     6   228    20   228    15   240 0.83 -
WP_011191397.1       -            328 repA                 -            239   4.4e-11   48.1   0.7   1   1   5.1e-14     1e-10   46.9   0.7     7   232     5   235     3   241 0.83 -
WP_104925214.1       -            328 repA                 -            239   4.9e-11   48.0   0.1   1   1   4.9e-14   9.9e-11   47.0   0.1     7   232     4   231     1   236 0.85 -
WP_013577992.1       -            328 repA                 -            239   5.8e-11   47.7   0.1   1   1     6e-14   1.2e-10   46.7   0.1     7   232     4   231     1   235 0.85 -
WP_014341718.1       -            328 repA                 -            239   5.8e-11   47.7   0.1   1   1     6e-14   1.2e-10   46.7   0.1     7   232     4   231     1   235 0.85 -
WP_062536897.1       -            303 repA                 -            239     6e-11   47.7   1.8   1   1   5.6e-14   1.1e-10   46.8   1.8    11   220     6   210     2   230 0.86 -
WP_100271423.1       -            362 repA                 -            239   6.3e-11   47.6   0.3   1   2       6.3   1.3e+04    0.8   0.0    14    38     9    33     4    54 0.86 -
WP_100271423.1       -            362 repA                 -            239   6.3e-11   47.6   0.3   2   2   4.5e-13   9.1e-10   43.8   0.2   123   227   144   247   135   257 0.88 -
WP_059339094.1       -            194 repA                 -            239   6.4e-11   47.6   0.4   1   1   4.2e-14   8.5e-11   47.2   0.4    12   206     7   190     2   194 0.79 -
NP_857610.1          -            325 repA                 -            239   7.1e-11   47.4   0.1   1   1   6.9e-14   1.4e-10   46.5   0.1     7   232     4   231     1   237 0.85 -
WP_011113992.1       -            325 repA                 -            239   7.1e-11   47.4   0.1   1   1   6.9e-14   1.4e-10   46.5   0.1     7   232     4   231     1   237 0.85 -
WP_099808662.1       -            336 repA                 -            239   7.6e-11   47.3   2.3   1   2      0.67   1.4e+03    4.0   0.0    13   122     8   104     3   115 0.72 -
WP_099808662.1       -            336 repA                 -            239   7.6e-11   47.3   2.3   2   2   1.3e-12   2.6e-09   42.3   0.3   124   228   126   229   116   238 0.89 -
WP_062335255.1       -            336 repA                 -            239   7.7e-11   47.3   2.3   1   2      0.67   1.4e+03    4.0   0.0    13   122     8   104     3   115 0.72 -
WP_062335255.1       -            336 repA                 -            239   7.7e-11   47.3   2.3   2   2   1.3e-12   2.6e-09   42.3   0.3   124   228   126   229   116   238 0.89 -
WP_060996129.1       -            336 repA                 -            239   7.7e-11   47.3   2.3   1   2      0.67   1.4e+03    4.0   0.0    13   122     8   104     3   115 0.72 -
WP_060996129.1       -            336 repA                 -            239   7.7e-11   47.3   2.3   2   2   1.3e-12   2.6e-09   42.3   0.3   124   228   126   229   116   238 0.89 -
#
# Program:         hmmsearch
# Version:         3.1b2 (February 2015)
# Pipeline mode:   SEARCH
# Query file:      /mnt/research/ShadeLab/Dunivin/gene_targeted_assembly/RDPTools/Xander_assembler/gene_resource/repA/originaldata/repA.hmm
# Target file:     /mnt/research/ShadeLab/Dunivin/hmmsearch/refseq/protein_files/plasmid.protein.fa
# Option settings: /opt/software/HMMER/3.1b2--GCC-4.8.3/bin/hmmsearch -o /mnt/research/ShadeLab/Dunivin/hmmsearch/refseq/hmm_outputs/repA.plasmid.protein.fa.stdout.txt -A /mnt/research/ShadeLab/Dunivin/hmmsearch/refseq/hmm_outputs/repA.plasmid.protein.fa.alignment.0.0000000001.txt --domtblout /mnt/research/ShadeLab/Dunivin/hmmsearch/refseq/hmm_outputs/repA.plasmid.protein.fa.0.0000000001.tbl.txt -E 0.0000000001 --cpu 8 /mnt/research/ShadeLab/Dunivin/gene_targeted_assembly/RDPTools/Xander_assembler/gene_resource/repA/originaldata/repA.hmm /mnt/research/ShadeLab/Dunivin/hmmsearch/refseq/protein_files/plasmid.protein.fa 
# Current dir:     /mnt/research/ShadeLab/Dunivin/hmmsearch/bin
# Date:            Wed Jul 25 14:08:24 2018
# [ok]
