#                                                                            --- full sequence --- -------------- this domain -------------   hmm coord   ali coord   env coord
# target name        accession   tlen query name           accession   qlen   E-value  score  bias   #  of  c-Evalue  i-Evalue  score  bias  from    to  from    to  from    to  acc description of target
#------------------- ---------- ----- -------------------- ---------- ----- --------- ------ ----- --- --- --------- --------- ------ ----- ----- ----- ----- ----- ----- ----- ---- ---------------------
NP_054472.1          -            267 strA                 -            267  2.2e-190  636.1   0.6   1   1  6.7e-194  2.4e-190  636.0   0.6     1   267     1   267     1   267 1.00 -
NP_065289.1          -            267 strA                 -            267  2.2e-190  636.1   0.6   1   1  6.7e-194  2.4e-190  636.0   0.6     1   267     1   267     1   267 1.00 -
NP_073223.1          -            267 strA                 -            267  2.2e-190  636.1   0.6   1   1  6.7e-194  2.4e-190  636.0   0.6     1   267     1   267     1   267 1.00 -
NP_569415.1          -            267 strA                 -            267  2.2e-190  636.1   0.6   1   1  6.7e-194  2.4e-190  636.0   0.6     1   267     1   267     1   267 1.00 -
NP_862252.1          -            267 strA                 -            267  2.2e-190  636.1   0.6   1   1  6.7e-194  2.4e-190  636.0   0.6     1   267     1   267     1   267 1.00 -
NP_863375.1          -            267 strA                 -            267  2.2e-190  636.1   0.6   1   1  6.7e-194  2.4e-190  636.0   0.6     1   267     1   267     1   267 1.00 -
NP_940690.1          -            267 strA                 -            267  2.2e-190  636.1   0.6   1   1  6.7e-194  2.4e-190  636.0   0.6     1   267     1   267     1   267 1.00 -
NP_955644.1          -            267 strA                 -            267  2.2e-190  636.1   0.6   1   1  6.7e-194  2.4e-190  636.0   0.6     1   267     1   267     1   267 1.00 -
NP_957532.1          -            267 strA                 -            267  2.2e-190  636.1   0.6   1   1  6.7e-194  2.4e-190  636.0   0.6     1   267     1   267     1   267 1.00 -
WP_001082319.1       -            267 strA                 -            267  2.2e-190  636.1   0.6   1   1  6.7e-194  2.4e-190  636.0   0.6     1   267     1   267     1   267 1.00 -
YP_001101856.1       -            267 strA                 -            267  2.2e-190  636.1   0.6   1   1  6.7e-194  2.4e-190  636.0   0.6     1   267     1   267     1   267 1.00 -
YP_001220610.1       -            267 strA                 -            267  2.2e-190  636.1   0.6   1   1  6.7e-194  2.4e-190  636.0   0.6     1   267     1   267     1   267 1.00 -
YP_001551789.1       -            267 strA                 -            267  2.2e-190  636.1   0.6   1   1  6.7e-194  2.4e-190  636.0   0.6     1   267     1   267     1   267 1.00 -
YP_001551919.1       -            267 strA                 -            267  2.2e-190  636.1   0.6   1   1  6.7e-194  2.4e-190  636.0   0.6     1   267     1   267     1   267 1.00 -
YP_001573758.1       -            267 strA                 -            267  2.2e-190  636.1   0.6   1   1  6.7e-194  2.4e-190  636.0   0.6     1   267     1   267     1   267 1.00 -
YP_001911195.1       -            267 strA                 -            267  2.2e-190  636.1   0.6   1   1  6.7e-194  2.4e-190  636.0   0.6     1   267     1   267     1   267 1.00 -
YP_001966535.1       -            267 strA                 -            267  2.2e-190  636.1   0.6   1   1  6.7e-194  2.4e-190  636.0   0.6     1   267     1   267     1   267 1.00 -
YP_002286765.1       -            267 strA                 -            267  2.2e-190  636.1   0.6   1   1  6.7e-194  2.4e-190  636.0   0.6     1   267     1   267     1   267 1.00 -
YP_002286962.1       -            267 strA                 -            267  2.2e-190  636.1   0.6   1   1  6.7e-194  2.4e-190  636.0   0.6     1   267     1   267     1   267 1.00 -
YP_002455757.1       -            267 strA                 -            267  2.2e-190  636.1   0.6   1   1  6.7e-194  2.4e-190  636.0   0.6     1   267     1   267     1   267 1.00 -
YP_002650688.1       -            267 strA                 -            267  2.2e-190  636.1   0.6   1   1  6.7e-194  2.4e-190  636.0   0.6     1   267     1   267     1   267 1.00 -
YP_002891090.1       -            267 strA                 -            267  2.2e-190  636.1   0.6   1   1  6.7e-194  2.4e-190  636.0   0.6     1   267     1   267     1   267 1.00 -
YP_002894394.1       -            267 strA                 -            267  2.2e-190  636.1   0.6   1   1  6.7e-194  2.4e-190  636.0   0.6     1   267     1   267     1   267 1.00 -
YP_002894582.1       -            267 strA                 -            267  2.2e-190  636.1   0.6   1   1  6.7e-194  2.4e-190  636.0   0.6     1   267     1   267     1   267 1.00 -
YP_003104759.1       -            267 strA                 -            267  2.2e-190  636.1   0.6   1   1  6.7e-194  2.4e-190  636.0   0.6     1   267     1   267     1   267 1.00 -
YP_003264401.1       -            267 strA                 -            267  2.2e-190  636.1   0.6   1   1  6.7e-194  2.4e-190  636.0   0.6     1   267     1   267     1   267 1.00 -
YP_003377831.1       -            267 strA                 -            267  2.2e-190  636.1   0.6   1   1  6.7e-194  2.4e-190  636.0   0.6     1   267     1   267     1   267 1.00 -
YP_003517600.1       -            267 strA                 -            267  2.2e-190  636.1   0.6   1   1  6.7e-194  2.4e-190  636.0   0.6     1   267     1   267     1   267 1.00 -
YP_003813052.1       -            267 strA                 -            267  2.2e-190  636.1   0.6   1   1  6.7e-194  2.4e-190  636.0   0.6     1   267     1   267     1   267 1.00 -
YP_003937710.1       -            267 strA                 -            267  2.2e-190  636.1   0.6   1   1  6.7e-194  2.4e-190  636.0   0.6     1   267     1   267     1   267 1.00 -
YP_004119719.1       -            267 strA                 -            267  2.2e-190  636.1   0.6   1   1  6.7e-194  2.4e-190  636.0   0.6     1   267     1   267     1   267 1.00 -
YP_005221035.1       -            267 strA                 -            267  2.2e-190  636.1   0.6   1   1  6.7e-194  2.4e-190  636.0   0.6     1   267     1   267     1   267 1.00 -
YP_006162236.1       -            267 strA                 -            267  2.2e-190  636.1   0.6   1   1  6.7e-194  2.4e-190  636.0   0.6     1   267     1   267     1   267 1.00 -
YP_006905827.1       -            267 strA                 -            267  2.2e-190  636.1   0.6   1   1  6.7e-194  2.4e-190  636.0   0.6     1   267     1   267     1   267 1.00 -
YP_006940093.1       -            267 strA                 -            267  2.2e-190  636.1   0.6   1   1  6.7e-194  2.4e-190  636.0   0.6     1   267     1   267     1   267 1.00 -
YP_006952282.1       -            267 strA                 -            267  2.2e-190  636.1   0.6   1   1  6.7e-194  2.4e-190  636.0   0.6     1   267     1   267     1   267 1.00 -
YP_006955044.1       -            267 strA                 -            267  2.2e-190  636.1   0.6   1   1  6.7e-194  2.4e-190  636.0   0.6     1   267     1   267     1   267 1.00 -
YP_006956020.1       -            267 strA                 -            267  2.2e-190  636.1   0.6   1   1  6.7e-194  2.4e-190  636.0   0.6     1   267     1   267     1   267 1.00 -
YP_006956313.1       -            267 strA                 -            267  2.2e-190  636.1   0.6   1   1  6.7e-194  2.4e-190  636.0   0.6     1   267     1   267     1   267 1.00 -
YP_006956549.1       -            267 strA                 -            267  2.2e-190  636.1   0.6   1   1  6.7e-194  2.4e-190  636.0   0.6     1   267     1   267     1   267 1.00 -
YP_006957161.1       -            267 strA                 -            267  2.2e-190  636.1   0.6   1   1  6.7e-194  2.4e-190  636.0   0.6     1   267     1   267     1   267 1.00 -
YP_006960768.1       -            267 strA                 -            267  2.2e-190  636.1   0.6   1   1  6.7e-194  2.4e-190  636.0   0.6     1   267     1   267     1   267 1.00 -
YP_006962122.1       -            267 strA                 -            267  2.2e-190  636.1   0.6   1   1  6.7e-194  2.4e-190  636.0   0.6     1   267     1   267     1   267 1.00 -
YP_006965143.1       -            267 strA                 -            267  2.2e-190  636.1   0.6   1   1  6.7e-194  2.4e-190  636.0   0.6     1   267     1   267     1   267 1.00 -
YP_007878540.1       -            267 strA                 -            267  2.2e-190  636.1   0.6   1   1  6.7e-194  2.4e-190  636.0   0.6     1   267     1   267     1   267 1.00 -
YP_007878543.1       -            267 strA                 -            267  2.2e-190  636.1   0.6   1   1  6.7e-194  2.4e-190  636.0   0.6     1   267     1   267     1   267 1.00 -
YP_007905962.1       -            267 strA                 -            267  2.2e-190  636.1   0.6   1   1  6.7e-194  2.4e-190  636.0   0.6     1   267     1   267     1   267 1.00 -
YP_008130437.1       -            267 strA                 -            267  2.2e-190  636.1   0.6   1   1  6.7e-194  2.4e-190  636.0   0.6     1   267     1   267     1   267 1.00 -
YP_008574695.1       -            267 strA                 -            267  2.2e-190  636.1   0.6   1   1  6.7e-194  2.4e-190  636.0   0.6     1   267     1   267     1   267 1.00 -
YP_008994882.1       -            267 strA                 -            267  2.2e-190  636.1   0.6   1   1  6.7e-194  2.4e-190  636.0   0.6     1   267     1   267     1   267 1.00 -
YP_008995007.1       -            267 strA                 -            267  2.2e-190  636.1   0.6   1   1  6.7e-194  2.4e-190  636.0   0.6     1   267     1   267     1   267 1.00 -
YP_008997522.1       -            267 strA                 -            267  2.2e-190  636.1   0.6   1   1  6.7e-194  2.4e-190  636.0   0.6     1   267     1   267     1   267 1.00 -
YP_008998372.1       -            267 strA                 -            267  2.2e-190  636.1   0.6   1   1  6.7e-194  2.4e-190  636.0   0.6     1   267     1   267     1   267 1.00 -
YP_009060374.1       -            267 strA                 -            267  2.2e-190  636.1   0.6   1   1  6.7e-194  2.4e-190  636.0   0.6     1   267     1   267     1   267 1.00 -
YP_009060623.1       -            267 strA                 -            267  2.2e-190  636.1   0.6   1   1  6.7e-194  2.4e-190  636.0   0.6     1   267     1   267     1   267 1.00 -
YP_009060626.1       -            267 strA                 -            267  2.2e-190  636.1   0.6   1   1  6.7e-194  2.4e-190  636.0   0.6     1   267     1   267     1   267 1.00 -
YP_009061965.1       -            267 strA                 -            267  2.2e-190  636.1   0.6   1   1  6.7e-194  2.4e-190  636.0   0.6     1   267     1   267     1   267 1.00 -
YP_009067792.1       -            267 strA                 -            267  2.2e-190  636.1   0.6   1   1  6.7e-194  2.4e-190  636.0   0.6     1   267     1   267     1   267 1.00 -
YP_009070801.1       -            267 strA                 -            267  2.2e-190  636.1   0.6   1   1  6.7e-194  2.4e-190  636.0   0.6     1   267     1   267     1   267 1.00 -
YP_194840.1          -            267 strA                 -            267  2.2e-190  636.1   0.6   1   1  6.7e-194  2.4e-190  636.0   0.6     1   267     1   267     1   267 1.00 -
YP_245396.1          -            267 strA                 -            267  2.2e-190  636.1   0.6   1   1  6.7e-194  2.4e-190  636.0   0.6     1   267     1   267     1   267 1.00 -
YP_783831.1          -            267 strA                 -            267  2.2e-190  636.1   0.6   1   1  6.7e-194  2.4e-190  636.0   0.6     1   267     1   267     1   267 1.00 -
YP_891141.1          -            267 strA                 -            267  2.2e-190  636.1   0.6   1   1  6.7e-194  2.4e-190  636.0   0.6     1   267     1   267     1   267 1.00 -
WP_011270146.1       -            272 strA                 -            267  5.6e-190  634.8   0.5   1   1  1.7e-193  6.3e-190  634.6   0.5     1   267     6   272     6   272 1.00 -
YP_006957935.1       -            272 strA                 -            267  5.6e-190  634.8   0.5   1   1  1.7e-193  6.3e-190  634.6   0.5     1   267     6   272     6   272 1.00 -
YP_245432.1          -            272 strA                 -            267  5.6e-190  634.8   0.5   1   1  1.7e-193  6.3e-190  634.6   0.5     1   267     6   272     6   272 1.00 -
WP_109545041.1       -            275 strA                 -            267  5.8e-190  634.7   0.5   1   1  1.8e-193  6.5e-190  634.5   0.5     1   267     9   275     9   275 1.00 -
WP_015328218.1       -            286 strA                 -            267  6.8e-190  634.5   0.5   1   1  2.1e-193  7.6e-190  634.3   0.5     1   267    20   286    20   286 1.00 -
YP_007316603.1       -            286 strA                 -            267  6.8e-190  634.5   0.5   1   1  2.1e-193  7.6e-190  634.3   0.5     1   267    20   286    20   286 1.00 -
WP_001883672.1       -            287 strA                 -            267  6.9e-190  634.5   0.5   1   1  2.1e-193  7.7e-190  634.3   0.5     1   267    21   287    21   287 1.00 -
YP_006954012.1       -            287 strA                 -            267  6.9e-190  634.5   0.5   1   1  2.1e-193  7.7e-190  634.3   0.5     1   267    21   287    21   287 1.00 -
YP_007969748.1       -            287 strA                 -            267  6.9e-190  634.5   0.5   1   1  2.1e-193  7.7e-190  634.3   0.5     1   267    21   287    21   287 1.00 -
WP_001082320.1       -            267 strA                 -            267  8.2e-190  634.2   0.5   1   1  2.5e-193  9.2e-190  634.1   0.5     1   267     1   267     1   267 1.00 -
WP_001354041.1       -            302 strA                 -            267  8.2e-190  634.2   0.5   1   1  2.6e-193  9.3e-190  634.0   0.5     1   267    36   302    36   302 1.00 -
YP_009068679.1       -            302 strA                 -            267  8.2e-190  634.2   0.5   1   1  2.6e-193  9.3e-190  634.0   0.5     1   267    36   302    36   302 1.00 -
WP_005826108.1       -            267 strA                 -            267    1e-189  634.0   0.6   1   1  3.1e-193  1.1e-189  633.8   0.6     1   267     1   267     1   267 1.00 -
YP_001315008.1       -            267 strA                 -            267    1e-189  634.0   0.6   1   1  3.1e-193  1.1e-189  633.8   0.6     1   267     1   267     1   267 1.00 -
YP_001315017.1       -            267 strA                 -            267    1e-189  634.0   0.6   1   1  3.1e-193  1.1e-189  633.8   0.6     1   267     1   267     1   267 1.00 -
YP_001941137.1       -            267 strA                 -            267    1e-189  634.0   0.6   1   1  3.1e-193  1.1e-189  633.8   0.6     1   267     1   267     1   267 1.00 -
YP_245404.1          -            267 strA                 -            267    1e-189  634.0   0.6   1   1  3.1e-193  1.1e-189  633.8   0.6     1   267     1   267     1   267 1.00 -
YP_245413.1          -            267 strA                 -            267    1e-189  634.0   0.6   1   1  3.1e-193  1.1e-189  633.8   0.6     1   267     1   267     1   267 1.00 -
WP_002045304.1       -            327 strA                 -            267  1.1e-189  633.8   0.5   1   1  3.4e-193  1.2e-189  633.6   0.5     1   267    61   327    61   327 1.00 -
YP_008167029.1       -            327 strA                 -            267  1.1e-189  633.8   0.5   1   1  3.4e-193  1.2e-189  633.6   0.5     1   267    61   327    61   327 1.00 -
WP_000874112.1       -            329 strA                 -            267  1.1e-189  633.8   0.5   1   1  3.5e-193  1.3e-189  633.6   0.5     1   267    63   329    63   329 1.00 -
YP_001096379.1       -            329 strA                 -            267  1.1e-189  633.8   0.5   1   1  3.5e-193  1.3e-189  633.6   0.5     1   267    63   329    63   329 1.00 -
YP_006970878.1       -            329 strA                 -            267  1.1e-189  633.8   0.5   1   1  3.5e-193  1.3e-189  633.6   0.5     1   267    63   329    63   329 1.00 -
YP_006971006.1       -            329 strA                 -            267  1.1e-189  633.8   0.5   1   1  3.5e-193  1.3e-189  633.6   0.5     1   267    63   329    63   329 1.00 -
WP_031943936.1       -            267 strA                 -            267  1.2e-189  633.7   0.6   1   1  3.7e-193  1.3e-189  633.5   0.6     1   267     1   267     1   267 1.00 -
YP_009062701.1       -            267 strA                 -            267  1.2e-189  633.7   0.6   1   1  3.7e-193  1.3e-189  633.5   0.6     1   267     1   267     1   267 1.00 -
WP_024261901.1       -            267 strA                 -            267  1.3e-189  633.6   0.6   1   1  3.9e-193  1.4e-189  633.5   0.6     1   267     1   267     1   267 1.00 -
WP_010794532.1       -            267 strA                 -            267  1.4e-189  633.5   0.6   1   1  4.3e-193  1.6e-189  633.3   0.6     1   267     1   267     1   267 1.00 -
WP_032490182.1       -            267 strA                 -            267  1.4e-189  633.4   0.5   1   1  4.4e-193  1.6e-189  633.3   0.5     1   267     1   267     1   267 1.00 -
WP_013136946.1       -            267 strA                 -            267  1.6e-189  633.3   0.5   1   1  4.8e-193  1.7e-189  633.2   0.5     1   267     1   267     1   267 1.00 -
YP_003657315.1       -            267 strA                 -            267  1.6e-189  633.3   0.5   1   1  4.8e-193  1.7e-189  633.2   0.5     1   267     1   267     1   267 1.00 -
WP_015060202.1       -            267 strA                 -            267  1.9e-189  633.0   0.6   1   1    6e-193  2.2e-189  632.8   0.6     1   267     1   267     1   267 1.00 -
YP_006960603.1       -            267 strA                 -            267  1.9e-189  633.0   0.6   1   1    6e-193  2.2e-189  632.8   0.6     1   267     1   267     1   267 1.00 -
WP_077202330.1       -            267 strA                 -            267  2.3e-189  632.7   0.6   1   1  7.2e-193  2.6e-189  632.6   0.6     1   267     1   267     1   267 1.00 -
WP_031942890.1       -            267 strA                 -            267  4.4e-189  631.8   0.6   1   1  1.3e-192  4.9e-189  631.7   0.6     1   267     1   267     1   267 1.00 -
NP_044301.1          -            267 strA                 -            267  2.1e-188  629.6   0.5   1   1  6.4e-192  2.3e-188  629.5   0.5     1   267     1   267     1   267 1.00 -
WP_010890156.1       -            267 strA                 -            267  2.1e-188  629.6   0.5   1   1  6.4e-192  2.3e-188  629.5   0.5     1   267     1   267     1   267 1.00 -
WP_025464697.1       -            267 strA                 -            267  2.7e-187  626.0   0.6   1   1  8.5e-191  3.1e-187  625.8   0.6     1   267     1   267     1   267 1.00 -
WP_015060269.1       -            264 strA                 -            267  7.4e-187  624.5   0.6   1   1  2.3e-190  8.3e-187  624.4   0.6     6   267     3   264     1   264 1.00 -
YP_006960704.1       -            264 strA                 -            267  7.4e-187  624.5   0.6   1   1  2.3e-190  8.3e-187  624.4   0.6     6   267     3   264     1   264 1.00 -
WP_015059595.1       -            267 strA                 -            267  2.1e-186  623.0   0.5   1   1  6.6e-190  2.4e-186  622.9   0.5     1   267     1   267     1   267 1.00 -
YP_006956627.1       -            267 strA                 -            267  2.1e-186  623.0   0.5   1   1  6.6e-190  2.4e-186  622.9   0.5     1   267     1   267     1   267 1.00 -
NP_387466.1          -            267 strA                 -            267  4.4e-185  618.7   0.4   1   1  1.4e-188  4.9e-185  618.6   0.4     1   267     1   267     1   267 1.00 -
WP_010981368.1       -            267 strA                 -            267  4.4e-185  618.7   0.4   1   1  1.4e-188  4.9e-185  618.6   0.4     1   267     1   267     1   267 1.00 -
NP_573538.1          -            263 strA                 -            267  7.3e-183  611.4   0.6   1   1  2.2e-186    8e-183  611.3   0.6     1   260     1   260     1   263 0.99 -
WP_011011114.1       -            263 strA                 -            267  7.3e-183  611.4   0.6   1   1  2.2e-186    8e-183  611.3   0.6     1   260     1   260     1   263 0.99 -
WP_001145207.1       -            252 strA                 -            267  5.2e-178  595.5   1.0   1   1  1.6e-181  5.8e-178  595.4   1.0    16   267     1   252     1   252 1.00 -
YP_005351741.1       -            252 strA                 -            267  5.2e-178  595.5   1.0   1   1  1.6e-181  5.8e-178  595.4   1.0    16   267     1   252     1   252 1.00 -
YP_006316042.1       -            252 strA                 -            267  5.2e-178  595.5   1.0   1   1  1.6e-181  5.8e-178  595.4   1.0    16   267     1   252     1   252 1.00 -
YP_007349700.1       -            252 strA                 -            267  5.2e-178  595.5   1.0   1   1  1.6e-181  5.8e-178  595.4   1.0    16   267     1   252     1   252 1.00 -
YP_008864025.1       -            252 strA                 -            267  5.2e-178  595.5   1.0   1   1  1.6e-181  5.8e-178  595.4   1.0    16   267     1   252     1   252 1.00 -
YP_008864692.1       -            252 strA                 -            267  5.2e-178  595.5   1.0   1   1  1.6e-181  5.8e-178  595.4   1.0    16   267     1   252     1   252 1.00 -
YP_009071739.1       -            252 strA                 -            267  5.2e-178  595.5   1.0   1   1  1.6e-181  5.8e-178  595.4   1.0    16   267     1   252     1   252 1.00 -
WP_057516977.1       -            207 strA                 -            267  3.1e-145  488.1   0.9   1   1  9.7e-149  3.5e-145  487.9   0.9    61   267     1   207     1   207 1.00 -
WP_000752401.1       -            205 strA                 -            267  2.4e-143  481.9   1.0   1   1  7.5e-147  2.7e-143  481.7   1.0    63   267     1   205     1   205 1.00 -
YP_001966217.1       -            205 strA                 -            267  2.4e-143  481.9   1.0   1   1  7.5e-147  2.7e-143  481.7   1.0    63   267     1   205     1   205 1.00 -
YP_002527539.1       -            205 strA                 -            267  2.4e-143  481.9   1.0   1   1  7.5e-147  2.7e-143  481.7   1.0    63   267     1   205     1   205 1.00 -
YP_006952745.1       -            205 strA                 -            267  2.4e-143  481.9   1.0   1   1  7.5e-147  2.7e-143  481.7   1.0    63   267     1   205     1   205 1.00 -
YP_006952889.1       -            205 strA                 -            267  2.4e-143  481.9   1.0   1   1  7.5e-147  2.7e-143  481.7   1.0    63   267     1   205     1   205 1.00 -
YP_006960711.1       -            205 strA                 -            267  2.4e-143  481.9   1.0   1   1  7.5e-147  2.7e-143  481.7   1.0    63   267     1   205     1   205 1.00 -
YP_008998864.1       -            205 strA                 -            267  2.4e-143  481.9   1.0   1   1  7.5e-147  2.7e-143  481.7   1.0    63   267     1   205     1   205 1.00 -
WP_021532777.1       -            266 strA                 -            267  4.7e-140  471.1   1.0   1   1  1.4e-143  5.2e-140  471.0   1.0    10   267     9   266     1   266 0.98 -
WP_000611543.1       -            200 strA                 -            267  2.3e-139  468.9   0.6   1   1  6.9e-143  2.5e-139  468.7   0.6    68   267     1   200     1   200 1.00 -
YP_006956995.1       -            200 strA                 -            267  2.3e-139  468.9   0.6   1   1  6.9e-143  2.5e-139  468.7   0.6    68   267     1   200     1   200 1.00 -
WP_077150998.1       -            187 strA                 -            267  2.2e-129  436.1   0.7   1   1  6.9e-133  2.5e-129  435.9   0.7    81   267     1   187     1   187 1.00 -
WP_015058883.1       -            163 strA                 -            267  3.1e-112  379.9   0.6   1   1  9.6e-116  3.5e-112  379.7   0.6   105   267     1   163     1   163 1.00 -
YP_006952303.1       -            163 strA                 -            267  3.1e-112  379.9   0.6   1   1  9.6e-116  3.5e-112  379.7   0.6   105   267     1   163     1   163 1.00 -
YP_006973749.1       -            163 strA                 -            267  3.1e-112  379.9   0.6   1   1  9.6e-116  3.5e-112  379.7   0.6   105   267     1   163     1   163 1.00 -
YP_008574998.1       -            163 strA                 -            267  3.1e-112  379.9   0.6   1   1  9.6e-116  3.5e-112  379.7   0.6   105   267     1   163     1   163 1.00 -
YP_008605051.1       -            163 strA                 -            267  3.1e-112  379.9   0.6   1   1  9.6e-116  3.5e-112  379.7   0.6   105   267     1   163     1   163 1.00 -
YP_008995205.1       -            163 strA                 -            267  3.1e-112  379.9   0.6   1   1  9.6e-116  3.5e-112  379.7   0.6   105   267     1   163     1   163 1.00 -
YP_008997408.1       -            163 strA                 -            267  3.1e-112  379.9   0.6   1   1  9.6e-116  3.5e-112  379.7   0.6   105   267     1   163     1   163 1.00 -
WP_015063590.1       -            163 strA                 -            267  1.4e-111  377.7   0.8   1   1  4.4e-115  1.6e-111  377.6   0.8   105   267     1   163     1   163 1.00 -
YP_006966079.1       -            163 strA                 -            267  1.4e-111  377.7   0.8   1   1  4.4e-115  1.6e-111  377.6   0.8   105   267     1   163     1   163 1.00 -
WP_012221082.1       -            231 strA                 -            267  2.3e-109  370.5   0.2   1   1  7.3e-113  2.6e-109  370.3   0.2     1   162    63   224    63   231 0.98 -
YP_001598151.1       -            231 strA                 -            267  2.3e-109  370.5   0.2   1   1  7.3e-113  2.6e-109  370.3   0.2     1   162    63   224    63   231 0.98 -
WP_110221376.1       -            187 strA                 -            267   5.1e-83  284.1   0.3   1   1   1.6e-86   5.8e-83  283.9   0.3   135   267    56   187    28   187 0.93 -
WP_024946708.1       -            203 strA                 -            267   6.4e-83  283.8   0.3   1   1   2.1e-86   7.5e-83  283.5   0.3   135   267    72   203    44   203 0.93 -
WP_106913261.1       -            115 strA                 -            267   2.3e-76  262.3   0.4   1   1   7.1e-80   2.6e-76  262.1   0.4   153   267     1   115     1   115 1.00 -
WP_077818463.1       -            167 strA                 -            267   6.9e-59  205.0   0.2   1   1   2.1e-62   7.7e-59  204.8   0.2    93   262     1   166     1   167 0.91 -
WP_011453053.1       -             73 strA                 -            267   8.2e-47  165.4   0.5   1   1   2.5e-50     9e-47  165.3   0.5     1    73     1    73     1    73 0.99 -
YP_512239.1          -             73 strA                 -            267   8.2e-47  165.4   0.5   1   1   2.5e-50     9e-47  165.3   0.5     1    73     1    73     1    73 0.99 -
WP_015344959.1       -             81 strA                 -            267   3.1e-44  156.9   0.3   1   1   9.2e-48   3.3e-44  156.8   0.3     1    79     1    79     1    81 0.96 -
YP_007349478.1       -             81 strA                 -            267   3.1e-44  156.9   0.3   1   1   9.2e-48   3.3e-44  156.8   0.3     1    79     1    79     1    81 0.96 -
WP_000572405.1       -            264 strA                 -            267   1.2e-24   92.7   0.7   1   1   4.1e-28   1.5e-24   92.4   0.7    14   263    23   262    18   264 0.86 -
YP_001551781.1       -            264 strA                 -            267   1.2e-24   92.7   0.7   1   1   4.1e-28   1.5e-24   92.4   0.7    14   263    23   262    18   264 0.86 -
YP_006956129.1       -            264 strA                 -            267   1.2e-24   92.7   0.7   1   1   4.1e-28   1.5e-24   92.4   0.7    14   263    23   262    18   264 0.86 -
YP_007500970.1       -            264 strA                 -            267   1.2e-24   92.7   0.7   1   1   4.1e-28   1.5e-24   92.4   0.7    14   263    23   262    18   264 0.86 -
YP_008531444.1       -            264 strA                 -            267   1.2e-24   92.7   0.7   1   1   4.1e-28   1.5e-24   92.4   0.7    14   263    23   262    18   264 0.86 -
YP_008998270.1       -            264 strA                 -            267   1.2e-24   92.7   0.7   1   1   4.1e-28   1.5e-24   92.4   0.7    14   263    23   262    18   264 0.86 -
YP_788126.1          -            264 strA                 -            267   1.2e-24   92.7   0.7   1   1   4.1e-28   1.5e-24   92.4   0.7    14   263    23   262    18   264 0.86 -
WP_000262467.1       -            264 strA                 -            267   3.8e-24   91.1   0.2   1   1   1.3e-27   4.7e-24   90.8   0.2    11   262    20   261    15   264 0.89 -
WP_021018481.1       -            264 strA                 -            267   3.2e-23   88.1   1.0   1   1   1.1e-26   3.8e-23   87.8   1.0    14   263    23   262    18   264 0.86 -
WP_017961406.1       -            265 strA                 -            267     5e-22   84.1   0.1   1   1   1.8e-25   6.5e-22   83.8   0.1    35   263    47   263    28   265 0.83 -
WP_082464773.1       -            258 strA                 -            267   4.2e-21   81.1   0.5   1   1   1.6e-24   5.7e-21   80.7   0.5    31   226    37   225    19   256 0.83 -
WP_019407932.1       -            264 strA                 -            267   5.2e-20   77.5   0.0   1   1   1.9e-23   6.8e-20   77.1   0.0    33   226    45   230    23   254 0.88 -
YP_008508476.1       -            264 strA                 -            267   5.2e-20   77.5   0.0   1   1   1.9e-23   6.8e-20   77.1   0.0    33   226    45   230    23   254 0.88 -
YP_009071808.1       -            264 strA                 -            267   5.2e-20   77.5   0.0   1   1   1.9e-23   6.8e-20   77.1   0.0    33   226    45   230    23   254 0.88 -
WP_032492579.1       -            268 strA                 -            267   5.4e-20   77.5   0.0   1   1     2e-23   7.1e-20   77.1   0.0    33   226    49   234    27   258 0.88 -
WP_011205810.1       -            271 strA                 -            267   5.5e-15   61.0   0.3   1   1   1.9e-18   6.9e-15   60.7   0.3    15   264    28   270    22   271 0.84 -
WP_010891085.1       -            271 strA                 -            267   2.1e-13   55.8   0.1   1   1   7.8e-17   2.8e-13   55.4   0.1    14   264    27   270    20   271 0.87 -
WP_100271021.1       -            271 strA                 -            267   4.2e-13   54.9   0.3   1   1   1.5e-16   5.5e-13   54.5   0.3    20   264    33   270    25   271 0.80 -
WP_031942551.1       -            271 strA                 -            267   4.4e-13   54.8   0.0   1   1   1.6e-16   5.7e-13   54.4   0.0    20   263    33   269    22   271 0.79 -
YP_009062861.1       -            271 strA                 -            267   4.4e-13   54.8   0.0   1   1   1.6e-16   5.7e-13   54.4   0.0    20   263    33   269    22   271 0.79 -
WP_000018323.1       -            271 strA                 -            267   4.7e-13   54.7   0.0   1   1   1.7e-16     6e-13   54.4   0.0    21   263    34   269    24   271 0.80 -
WP_012695470.1       -            271 strA                 -            267   5.3e-13   54.5   0.0   1   1   1.9e-16   6.9e-13   54.2   0.0    21   263    34   269    24   271 0.79 -
YP_002791441.1       -            271 strA                 -            267   5.3e-13   54.5   0.0   1   1   1.9e-16   6.9e-13   54.2   0.0    21   263    34   269    24   271 0.79 -
YP_002791754.1       -            271 strA                 -            267   5.3e-13   54.5   0.0   1   1   1.9e-16   6.9e-13   54.2   0.0    21   263    34   269    24   271 0.79 -
WP_000018330.1       -            271 strA                 -            267   5.7e-13   54.4   0.0   1   1   2.1e-16   7.5e-13   54.1   0.0    20   263    33   269    23   271 0.79 -
YP_003543176.1       -            271 strA                 -            267   5.7e-13   54.4   0.0   1   1   2.1e-16   7.5e-13   54.1   0.0    20   263    33   269    23   271 0.79 -
YP_003864148.1       -            271 strA                 -            267   5.7e-13   54.4   0.0   1   1   2.1e-16   7.5e-13   54.1   0.0    20   263    33   269    23   271 0.79 -
YP_006954811.1       -            271 strA                 -            267   5.7e-13   54.4   0.0   1   1   2.1e-16   7.5e-13   54.1   0.0    20   263    33   269    23   271 0.79 -
YP_006955318.1       -            271 strA                 -            267   5.7e-13   54.4   0.0   1   1   2.1e-16   7.5e-13   54.1   0.0    20   263    33   269    23   271 0.79 -
YP_006955481.1       -            271 strA                 -            267   5.7e-13   54.4   0.0   1   1   2.1e-16   7.5e-13   54.1   0.0    20   263    33   269    23   271 0.79 -
YP_007195425.1       -            271 strA                 -            267   5.7e-13   54.4   0.0   1   1   2.1e-16   7.5e-13   54.1   0.0    20   263    33   269    23   271 0.79 -
YP_194807.1          -            271 strA                 -            267   5.7e-13   54.4   0.0   1   1   2.1e-16   7.5e-13   54.1   0.0    20   263    33   269    23   271 0.79 -
WP_099130641.1       -            286 strA                 -            267   7.1e-13   54.1   0.0   1   1   2.8e-16     1e-12   53.6   0.0    20   264    33   270    23   273 0.79 -
WP_000338412.1       -            253 strA                 -            267   7.3e-13   54.1   0.0   1   1   2.6e-16   9.4e-13   53.7   0.0    21   263    16   251     7   253 0.79 -
YP_003377834.1       -            253 strA                 -            267   7.3e-13   54.1   0.0   1   1   2.6e-16   9.4e-13   53.7   0.0    21   263    16   251     7   253 0.79 -
WP_012846873.1       -            271 strA                 -            267   7.4e-13   54.1   0.0   1   1   2.7e-16   9.7e-13   53.7   0.0    20   263    33   269    23   271 0.79 -
YP_003294012.1       -            271 strA                 -            267   7.4e-13   54.1   0.0   1   1   2.7e-16   9.7e-13   53.7   0.0    20   263    33   269    23   271 0.79 -
WP_063842098.1       -            269 strA                 -            267   8.6e-13   53.9   0.0   1   1   3.1e-16   1.1e-12   53.5   0.0    20   263    31   267    21   269 0.79 -
WP_000018321.1       -            271 strA                 -            267   8.6e-13   53.8   0.0   1   1   3.1e-16   1.1e-12   53.5   0.0    20   263    33   269    23   271 0.79 -
YP_001941144.1       -            271 strA                 -            267   8.6e-13   53.8   0.0   1   1   3.1e-16   1.1e-12   53.5   0.0    20   263    33   269    23   271 0.79 -
YP_006903170.1       -            271 strA                 -            267   8.6e-13   53.8   0.0   1   1   3.1e-16   1.1e-12   53.5   0.0    20   263    33   269    23   271 0.79 -
YP_006956547.1       -            271 strA                 -            267   8.6e-13   53.8   0.0   1   1   3.1e-16   1.1e-12   53.5   0.0    20   263    33   269    23   271 0.79 -
YP_006957159.1       -            271 strA                 -            267   8.6e-13   53.8   0.0   1   1   3.1e-16   1.1e-12   53.5   0.0    20   263    33   269    23   271 0.79 -
YP_006965150.1       -            271 strA                 -            267   8.6e-13   53.8   0.0   1   1   3.1e-16   1.1e-12   53.5   0.0    20   263    33   269    23   271 0.79 -
NP_478145.1          -            271 strA                 -            267   8.8e-13   53.8   0.0   1   1   3.2e-16   1.2e-12   53.4   0.0    20   263    33   269    23   271 0.79 -
WP_000018329.1       -            271 strA                 -            267   8.8e-13   53.8   0.0   1   1   3.2e-16   1.2e-12   53.4   0.0    20   263    33   269    23   271 0.79 -
YP_001551915.1       -            271 strA                 -            267   8.8e-13   53.8   0.0   1   1   3.2e-16   1.2e-12   53.4   0.0    20   263    33   269    23   271 0.79 -
YP_001598126.1       -            271 strA                 -            267   8.8e-13   53.8   0.0   1   1   3.2e-16   1.2e-12   53.4   0.0    20   263    33   269    23   271 0.79 -
YP_001687822.1       -            271 strA                 -            267   8.8e-13   53.8   0.0   1   1   3.2e-16   1.2e-12   53.4   0.0    20   263    33   269    23   271 0.79 -
YP_002891173.1       -            271 strA                 -            267   8.8e-13   53.8   0.0   1   1   3.2e-16   1.2e-12   53.4   0.0    20   263    33   269    23   271 0.79 -
YP_002995708.1       -            271 strA                 -            267   8.8e-13   53.8   0.0   1   1   3.2e-16   1.2e-12   53.4   0.0    20   263    33   269    23   271 0.79 -
YP_004032864.1       -            271 strA                 -            267   8.8e-13   53.8   0.0   1   1   3.2e-16   1.2e-12   53.4   0.0    20   263    33   269    23   271 0.79 -
YP_006958956.1       -            271 strA                 -            267   8.8e-13   53.8   0.0   1   1   3.2e-16   1.2e-12   53.4   0.0    20   263    33   269    23   271 0.79 -
YP_006965593.1       -            271 strA                 -            267   8.8e-13   53.8   0.0   1   1   3.2e-16   1.2e-12   53.4   0.0    20   263    33   269    23   271 0.79 -
YP_007349544.1       -            271 strA                 -            267   8.8e-13   53.8   0.0   1   1   3.2e-16   1.2e-12   53.4   0.0    20   263    33   269    23   271 0.79 -
YP_007969553.1       -            271 strA                 -            267   8.8e-13   53.8   0.0   1   1   3.2e-16   1.2e-12   53.4   0.0    20   263    33   269    23   271 0.79 -
YP_008605212.1       -            271 strA                 -            267   8.8e-13   53.8   0.0   1   1   3.2e-16   1.2e-12   53.4   0.0    20   263    33   269    23   271 0.79 -
YP_008864028.1       -            271 strA                 -            267   8.8e-13   53.8   0.0   1   1   3.2e-16   1.2e-12   53.4   0.0    20   263    33   269    23   271 0.79 -
YP_008864695.1       -            271 strA                 -            267   8.8e-13   53.8   0.0   1   1   3.2e-16   1.2e-12   53.4   0.0    20   263    33   269    23   271 0.79 -
YP_008995202.1       -            271 strA                 -            267   8.8e-13   53.8   0.0   1   1   3.2e-16   1.2e-12   53.4   0.0    20   263    33   269    23   271 0.79 -
YP_008997405.1       -            271 strA                 -            267   8.8e-13   53.8   0.0   1   1   3.2e-16   1.2e-12   53.4   0.0    20   263    33   269    23   271 0.79 -
YP_008997905.1       -            271 strA                 -            267   8.8e-13   53.8   0.0   1   1   3.2e-16   1.2e-12   53.4   0.0    20   263    33   269    23   271 0.79 -
YP_009022268.1       -            271 strA                 -            267   8.8e-13   53.8   0.0   1   1   3.2e-16   1.2e-12   53.4   0.0    20   263    33   269    23   271 0.79 -
YP_194837.1          -            271 strA                 -            267   8.8e-13   53.8   0.0   1   1   3.2e-16   1.2e-12   53.4   0.0    20   263    33   269    23   271 0.79 -
WP_000018322.1       -            271 strA                 -            267   8.9e-13   53.8   0.0   1   1   3.2e-16   1.2e-12   53.4   0.0    20   263    33   269    23   271 0.79 -
NP_862254.1          -            271 strA                 -            267   9.7e-13   53.7   0.0   1   1   3.4e-16   1.2e-12   53.3   0.0    34   263    51   269    24   271 0.79 -
NP_941183.1          -            271 strA                 -            267   9.7e-13   53.7   0.0   1   1   3.4e-16   1.2e-12   53.3   0.0    34   263    51   269    24   271 0.79 -
WP_000018326.1       -            271 strA                 -            267   9.7e-13   53.7   0.0   1   1   3.4e-16   1.2e-12   53.3   0.0    34   263    51   269    24   271 0.79 -
YP_003657313.1       -            271 strA                 -            267   9.7e-13   53.7   0.0   1   1   3.4e-16   1.2e-12   53.3   0.0    34   263    51   269    24   271 0.79 -
YP_003813045.1       -            271 strA                 -            267   9.7e-13   53.7   0.0   1   1   3.4e-16   1.2e-12   53.3   0.0    34   263    51   269    24   271 0.79 -
YP_008130447.1       -            271 strA                 -            267   9.7e-13   53.7   0.0   1   1   3.4e-16   1.2e-12   53.3   0.0    34   263    51   269    24   271 0.79 -
YP_724481.1          -            271 strA                 -            267   9.7e-13   53.7   0.0   1   1   3.4e-16   1.2e-12   53.3   0.0    34   263    51   269    24   271 0.79 -
YP_908414.1          -            271 strA                 -            267   9.7e-13   53.7   0.0   1   1   3.4e-16   1.2e-12   53.3   0.0    34   263    51   269    24   271 0.79 -
WP_013815100.1       -            271 strA                 -            267   1.1e-12   53.5   0.0   1   1     4e-16   1.4e-12   53.1   0.0    21   263    34   269    24   271 0.81 -
YP_004508736.1       -            271 strA                 -            267   1.1e-12   53.5   0.0   1   1     4e-16   1.4e-12   53.1   0.0    21   263    34   269    24   271 0.81 -
YP_004521253.1       -            271 strA                 -            267   1.1e-12   53.5   0.0   1   1     4e-16   1.4e-12   53.1   0.0    21   263    34   269    24   271 0.81 -
WP_000274282.1       -            229 strA                 -            267   1.1e-12   53.5   0.0   1   1     4e-16   1.4e-12   53.1   0.0    38   263    13   227     4   229 0.81 -
YP_006955527.1       -            229 strA                 -            267   1.1e-12   53.5   0.0   1   1     4e-16   1.4e-12   53.1   0.0    38   263    13   227     4   229 0.81 -
WP_012766389.1       -            259 strA                 -            267   1.3e-12   53.3   0.0   1   1   4.5e-16   1.6e-12   52.9   0.0    35   263    40   257    16   259 0.80 -
YP_002995707.1       -            259 strA                 -            267   1.3e-12   53.3   0.0   1   1   4.5e-16   1.6e-12   52.9   0.0    35   263    40   257    16   259 0.80 -
WP_001393661.1       -            271 strA                 -            267   1.4e-12   53.1   0.0   1   1   5.3e-16   1.9e-12   52.7   0.0    20   263    33   269    23   271 0.79 -
WP_032073145.1       -            229 strA                 -            267   1.5e-12   53.0   0.0   1   1   5.5e-16     2e-12   52.6   0.0    38   263    13   227     6   229 0.81 -
YP_009070402.1       -            229 strA                 -            267   1.5e-12   53.0   0.0   1   1   5.5e-16     2e-12   52.6   0.0    38   263    13   227     6   229 0.81 -
WP_088238916.1       -            271 strA                 -            267   1.6e-12   53.0   0.0   1   1   5.7e-16     2e-12   52.6   0.0    20   263    33   269    23   271 0.79 -
NP_640131.1          -            271 strA                 -            267   1.9e-12   52.7   0.0   1   1   6.8e-16   2.4e-12   52.4   0.0    21   263    34   269    24   271 0.79 -
WP_011039766.1       -            271 strA                 -            267   1.9e-12   52.7   0.0   1   1   6.8e-16   2.4e-12   52.4   0.0    21   263    34   269    24   271 0.79 -
WP_068842196.1       -            271 strA                 -            267   2.1e-12   52.6   0.0   1   1   7.5e-16   2.7e-12   52.2   0.0    20   263    33   269    23   271 0.78 -
WP_032492145.1       -            271 strA                 -            267   2.2e-12   52.5   0.0   1   1     8e-16   2.9e-12   52.1   0.0    21   263    34   269    24   271 0.79 -
NP_052154.1          -            271 strA                 -            267   5.7e-12   51.2   0.0   1   1     2e-15   7.3e-12   50.8   0.0    35   263    52   269    26   271 0.78 -
WP_010891090.1       -            271 strA                 -            267   5.7e-12   51.2   0.0   1   1     2e-15   7.3e-12   50.8   0.0    35   263    52   269    26   271 0.78 -
WP_038404948.1       -            271 strA                 -            267   6.6e-12   50.9   0.3   1   1   3.5e-15   1.3e-11   50.0   0.3    15   264    28   270    22   271 0.78 -
WP_012477822.1       -            271 strA                 -            267     7e-12   50.9   0.0   1   1   2.5e-15   9.1e-12   50.5   0.0    20   263    33   269    23   271 0.79 -
YP_001966537.1       -            271 strA                 -            267     7e-12   50.9   0.0   1   1   2.5e-15   9.1e-12   50.5   0.0    20   263    33   269    23   271 0.79 -
WP_033841345.1       -            215 strA                 -            267   7.7e-12   50.7   0.0   1   1   2.8e-15     1e-11   50.4   0.0    52   263    13   213     4   215 0.79 -
WP_069954289.1       -            237 strA                 -            267   1.3e-11   50.0   2.5   1   2    0.0038        14   10.6   0.4    15   126    23   130    18   142 0.83 -
WP_069954289.1       -            237 strA                 -            267   1.3e-11   50.0   2.5   2   2   4.9e-12   1.8e-08   39.7   0.1   177   261   153   230   137   235 0.76 -
#
# Program:         hmmsearch
# Version:         3.1b2 (February 2015)
# Pipeline mode:   SEARCH
# Query file:      /mnt/research/ShadeLab/Dunivin/gene_targeted_assembly/RDPTools/Xander_assembler/gene_resource/strA/originaldata/strA.hmm
# Target file:     /mnt/research/ShadeLab/Dunivin/hmmsearch/refseq/protein_files/plasmid.protein.fa
# Option settings: /opt/software/HMMER/3.1b2--GCC-4.8.3/bin/hmmsearch -o /mnt/research/ShadeLab/Dunivin/hmmsearch/refseq/hmm_outputs/strA.plasmid.protein.fa.stdout.txt -A /mnt/research/ShadeLab/Dunivin/hmmsearch/refseq/hmm_outputs/strA.plasmid.protein.fa.alignment.0.0000000001.txt --domtblout /mnt/research/ShadeLab/Dunivin/hmmsearch/refseq/hmm_outputs/strA.plasmid.protein.fa.0.0000000001.tbl.txt -E 0.0000000001 --cpu 8 /mnt/research/ShadeLab/Dunivin/gene_targeted_assembly/RDPTools/Xander_assembler/gene_resource/strA/originaldata/strA.hmm /mnt/research/ShadeLab/Dunivin/hmmsearch/refseq/protein_files/plasmid.protein.fa 
# Current dir:     /mnt/research/ShadeLab/Dunivin/hmmsearch/bin
# Date:            Wed Jul 25 14:06:55 2018
# [ok]
