#                                                                            --- full sequence --- -------------- this domain -------------   hmm coord   ali coord   env coord
# target name        accession   tlen query name           accession   qlen   E-value  score  bias   #  of  c-Evalue  i-Evalue  score  bias  from    to  from    to  from    to  acc description of target
#------------------- ---------- ----- -------------------- ---------- ----- --------- ------ ----- --- --- --------- --------- ------ ----- ----- ----- ----- ----- ----- ----- ---- ---------------------
NP_044302.1          -            278 strB                 -            278  1.1e-196  657.3   1.2   1   1  1.9e-200  1.2e-196  657.2   1.2     1   278     1   278     1   278 1.00 -
NP_065290.1          -            278 strB                 -            278  1.1e-196  657.3   1.2   1   1  1.9e-200  1.2e-196  657.2   1.2     1   278     1   278     1   278 1.00 -
NP_569416.1          -            278 strB                 -            278  1.1e-196  657.3   1.2   1   1  1.9e-200  1.2e-196  657.2   1.2     1   278     1   278     1   278 1.00 -
NP_863376.1          -            278 strB                 -            278  1.1e-196  657.3   1.2   1   1  1.9e-200  1.2e-196  657.2   1.2     1   278     1   278     1   278 1.00 -
NP_940691.1          -            278 strB                 -            278  1.1e-196  657.3   1.2   1   1  1.9e-200  1.2e-196  657.2   1.2     1   278     1   278     1   278 1.00 -
NP_957533.1          -            278 strB                 -            278  1.1e-196  657.3   1.2   1   1  1.9e-200  1.2e-196  657.2   1.2     1   278     1   278     1   278 1.00 -
WP_000480968.1       -            278 strB                 -            278  1.1e-196  657.3   1.2   1   1  1.9e-200  1.2e-196  657.2   1.2     1   278     1   278     1   278 1.00 -
YP_001096378.1       -            278 strB                 -            278  1.1e-196  657.3   1.2   1   1  1.9e-200  1.2e-196  657.2   1.2     1   278     1   278     1   278 1.00 -
YP_001220609.1       -            278 strB                 -            278  1.1e-196  657.3   1.2   1   1  1.9e-200  1.2e-196  657.2   1.2     1   278     1   278     1   278 1.00 -
YP_001551790.1       -            278 strB                 -            278  1.1e-196  657.3   1.2   1   1  1.9e-200  1.2e-196  657.2   1.2     1   278     1   278     1   278 1.00 -
YP_001551920.1       -            278 strB                 -            278  1.1e-196  657.3   1.2   1   1  1.9e-200  1.2e-196  657.2   1.2     1   278     1   278     1   278 1.00 -
YP_001573757.1       -            278 strB                 -            278  1.1e-196  657.3   1.2   1   1  1.9e-200  1.2e-196  657.2   1.2     1   278     1   278     1   278 1.00 -
YP_001874898.1       -            278 strB                 -            278  1.1e-196  657.3   1.2   1   1  1.9e-200  1.2e-196  657.2   1.2     1   278     1   278     1   278 1.00 -
YP_001911196.1       -            278 strB                 -            278  1.1e-196  657.3   1.2   1   1  1.9e-200  1.2e-196  657.2   1.2     1   278     1   278     1   278 1.00 -
YP_002286766.1       -            278 strB                 -            278  1.1e-196  657.3   1.2   1   1  1.9e-200  1.2e-196  657.2   1.2     1   278     1   278     1   278 1.00 -
YP_002286963.1       -            278 strB                 -            278  1.1e-196  657.3   1.2   1   1  1.9e-200  1.2e-196  657.2   1.2     1   278     1   278     1   278 1.00 -
YP_002455758.1       -            278 strB                 -            278  1.1e-196  657.3   1.2   1   1  1.9e-200  1.2e-196  657.2   1.2     1   278     1   278     1   278 1.00 -
YP_002527540.1       -            278 strB                 -            278  1.1e-196  657.3   1.2   1   1  1.9e-200  1.2e-196  657.2   1.2     1   278     1   278     1   278 1.00 -
YP_002791407.1       -            278 strB                 -            278  1.1e-196  657.3   1.2   1   1  1.9e-200  1.2e-196  657.2   1.2     1   278     1   278     1   278 1.00 -
YP_002791720.1       -            278 strB                 -            278  1.1e-196  657.3   1.2   1   1  1.9e-200  1.2e-196  657.2   1.2     1   278     1   278     1   278 1.00 -
YP_003104760.1       -            278 strB                 -            278  1.1e-196  657.3   1.2   1   1  1.9e-200  1.2e-196  657.2   1.2     1   278     1   278     1   278 1.00 -
YP_003264402.1       -            278 strB                 -            278  1.1e-196  657.3   1.2   1   1  1.9e-200  1.2e-196  657.2   1.2     1   278     1   278     1   278 1.00 -
YP_003657316.1       -            278 strB                 -            278  1.1e-196  657.3   1.2   1   1  1.9e-200  1.2e-196  657.2   1.2     1   278     1   278     1   278 1.00 -
YP_005221034.1       -            278 strB                 -            278  1.1e-196  657.3   1.2   1   1  1.9e-200  1.2e-196  657.2   1.2     1   278     1   278     1   278 1.00 -
YP_005351740.1       -            278 strB                 -            278  1.1e-196  657.3   1.2   1   1  1.9e-200  1.2e-196  657.2   1.2     1   278     1   278     1   278 1.00 -
YP_006316043.1       -            278 strB                 -            278  1.1e-196  657.3   1.2   1   1  1.9e-200  1.2e-196  657.2   1.2     1   278     1   278     1   278 1.00 -
YP_006905828.1       -            278 strB                 -            278  1.1e-196  657.3   1.2   1   1  1.9e-200  1.2e-196  657.2   1.2     1   278     1   278     1   278 1.00 -
YP_006952283.1       -            278 strB                 -            278  1.1e-196  657.3   1.2   1   1  1.9e-200  1.2e-196  657.2   1.2     1   278     1   278     1   278 1.00 -
YP_006952304.1       -            278 strB                 -            278  1.1e-196  657.3   1.2   1   1  1.9e-200  1.2e-196  657.2   1.2     1   278     1   278     1   278 1.00 -
YP_006952744.1       -            278 strB                 -            278  1.1e-196  657.3   1.2   1   1  1.9e-200  1.2e-196  657.2   1.2     1   278     1   278     1   278 1.00 -
YP_006953260.1       -            278 strB                 -            278  1.1e-196  657.3   1.2   1   1  1.9e-200  1.2e-196  657.2   1.2     1   278     1   278     1   278 1.00 -
YP_006954011.1       -            278 strB                 -            278  1.1e-196  657.3   1.2   1   1  1.9e-200  1.2e-196  657.2   1.2     1   278     1   278     1   278 1.00 -
YP_006955043.1       -            278 strB                 -            278  1.1e-196  657.3   1.2   1   1  1.9e-200  1.2e-196  657.2   1.2     1   278     1   278     1   278 1.00 -
YP_006956021.1       -            278 strB                 -            278  1.1e-196  657.3   1.2   1   1  1.9e-200  1.2e-196  657.2   1.2     1   278     1   278     1   278 1.00 -
YP_006956996.1       -            278 strB                 -            278  1.1e-196  657.3   1.2   1   1  1.9e-200  1.2e-196  657.2   1.2     1   278     1   278     1   278 1.00 -
YP_006957160.1       -            278 strB                 -            278  1.1e-196  657.3   1.2   1   1  1.9e-200  1.2e-196  657.2   1.2     1   278     1   278     1   278 1.00 -
YP_006957934.1       -            278 strB                 -            278  1.1e-196  657.3   1.2   1   1  1.9e-200  1.2e-196  657.2   1.2     1   278     1   278     1   278 1.00 -
YP_006960705.1       -            278 strB                 -            278  1.1e-196  657.3   1.2   1   1  1.9e-200  1.2e-196  657.2   1.2     1   278     1   278     1   278 1.00 -
YP_006960712.1       -            278 strB                 -            278  1.1e-196  657.3   1.2   1   1  1.9e-200  1.2e-196  657.2   1.2     1   278     1   278     1   278 1.00 -
YP_006960769.1       -            278 strB                 -            278  1.1e-196  657.3   1.2   1   1  1.9e-200  1.2e-196  657.2   1.2     1   278     1   278     1   278 1.00 -
YP_006970877.1       -            278 strB                 -            278  1.1e-196  657.3   1.2   1   1  1.9e-200  1.2e-196  657.2   1.2     1   278     1   278     1   278 1.00 -
YP_006971005.1       -            278 strB                 -            278  1.1e-196  657.3   1.2   1   1  1.9e-200  1.2e-196  657.2   1.2     1   278     1   278     1   278 1.00 -
YP_006973748.1       -            278 strB                 -            278  1.1e-196  657.3   1.2   1   1  1.9e-200  1.2e-196  657.2   1.2     1   278     1   278     1   278 1.00 -
YP_007878544.1       -            278 strB                 -            278  1.1e-196  657.3   1.2   1   1  1.9e-200  1.2e-196  657.2   1.2     1   278     1   278     1   278 1.00 -
YP_007905963.1       -            278 strB                 -            278  1.1e-196  657.3   1.2   1   1  1.9e-200  1.2e-196  657.2   1.2     1   278     1   278     1   278 1.00 -
YP_007969747.1       -            278 strB                 -            278  1.1e-196  657.3   1.2   1   1  1.9e-200  1.2e-196  657.2   1.2     1   278     1   278     1   278 1.00 -
YP_008130438.1       -            278 strB                 -            278  1.1e-196  657.3   1.2   1   1  1.9e-200  1.2e-196  657.2   1.2     1   278     1   278     1   278 1.00 -
YP_008167028.1       -            278 strB                 -            278  1.1e-196  657.3   1.2   1   1  1.9e-200  1.2e-196  657.2   1.2     1   278     1   278     1   278 1.00 -
YP_008574694.1       -            278 strB                 -            278  1.1e-196  657.3   1.2   1   1  1.9e-200  1.2e-196  657.2   1.2     1   278     1   278     1   278 1.00 -
YP_008574997.1       -            278 strB                 -            278  1.1e-196  657.3   1.2   1   1  1.9e-200  1.2e-196  657.2   1.2     1   278     1   278     1   278 1.00 -
YP_008605050.1       -            278 strB                 -            278  1.1e-196  657.3   1.2   1   1  1.9e-200  1.2e-196  657.2   1.2     1   278     1   278     1   278 1.00 -
YP_008864026.1       -            278 strB                 -            278  1.1e-196  657.3   1.2   1   1  1.9e-200  1.2e-196  657.2   1.2     1   278     1   278     1   278 1.00 -
YP_008864693.1       -            278 strB                 -            278  1.1e-196  657.3   1.2   1   1  1.9e-200  1.2e-196  657.2   1.2     1   278     1   278     1   278 1.00 -
YP_008994881.1       -            278 strB                 -            278  1.1e-196  657.3   1.2   1   1  1.9e-200  1.2e-196  657.2   1.2     1   278     1   278     1   278 1.00 -
YP_008995006.1       -            278 strB                 -            278  1.1e-196  657.3   1.2   1   1  1.9e-200  1.2e-196  657.2   1.2     1   278     1   278     1   278 1.00 -
YP_008995204.1       -            278 strB                 -            278  1.1e-196  657.3   1.2   1   1  1.9e-200  1.2e-196  657.2   1.2     1   278     1   278     1   278 1.00 -
YP_008997407.1       -            278 strB                 -            278  1.1e-196  657.3   1.2   1   1  1.9e-200  1.2e-196  657.2   1.2     1   278     1   278     1   278 1.00 -
YP_008997521.1       -            278 strB                 -            278  1.1e-196  657.3   1.2   1   1  1.9e-200  1.2e-196  657.2   1.2     1   278     1   278     1   278 1.00 -
YP_008998373.1       -            278 strB                 -            278  1.1e-196  657.3   1.2   1   1  1.9e-200  1.2e-196  657.2   1.2     1   278     1   278     1   278 1.00 -
YP_009060373.1       -            278 strB                 -            278  1.1e-196  657.3   1.2   1   1  1.9e-200  1.2e-196  657.2   1.2     1   278     1   278     1   278 1.00 -
YP_009060622.1       -            278 strB                 -            278  1.1e-196  657.3   1.2   1   1  1.9e-200  1.2e-196  657.2   1.2     1   278     1   278     1   278 1.00 -
YP_009060625.1       -            278 strB                 -            278  1.1e-196  657.3   1.2   1   1  1.9e-200  1.2e-196  657.2   1.2     1   278     1   278     1   278 1.00 -
YP_009061964.1       -            278 strB                 -            278  1.1e-196  657.3   1.2   1   1  1.9e-200  1.2e-196  657.2   1.2     1   278     1   278     1   278 1.00 -
YP_009062702.1       -            278 strB                 -            278  1.1e-196  657.3   1.2   1   1  1.9e-200  1.2e-196  657.2   1.2     1   278     1   278     1   278 1.00 -
YP_009068680.1       -            278 strB                 -            278  1.1e-196  657.3   1.2   1   1  1.9e-200  1.2e-196  657.2   1.2     1   278     1   278     1   278 1.00 -
YP_009070800.1       -            278 strB                 -            278  1.1e-196  657.3   1.2   1   1  1.9e-200  1.2e-196  657.2   1.2     1   278     1   278     1   278 1.00 -
YP_009071738.1       -            278 strB                 -            278  1.1e-196  657.3   1.2   1   1  1.9e-200  1.2e-196  657.2   1.2     1   278     1   278     1   278 1.00 -
YP_194839.1          -            278 strB                 -            278  1.1e-196  657.3   1.2   1   1  1.9e-200  1.2e-196  657.2   1.2     1   278     1   278     1   278 1.00 -
YP_783832.1          -            278 strB                 -            278  1.1e-196  657.3   1.2   1   1  1.9e-200  1.2e-196  657.2   1.2     1   278     1   278     1   278 1.00 -
YP_891142.1          -            278 strB                 -            278  1.1e-196  657.3   1.2   1   1  1.9e-200  1.2e-196  657.2   1.2     1   278     1   278     1   278 1.00 -
WP_024130057.1       -            279 strB                 -            278  1.1e-196  657.3   1.2   1   1    2e-200  1.2e-196  657.2   1.2     1   278     2   279     2   279 1.00 -
YP_008998863.1       -            279 strB                 -            278  1.1e-196  657.3   1.2   1   1    2e-200  1.2e-196  657.2   1.2     1   278     2   279     2   279 1.00 -
WP_000480972.1       -            278 strB                 -            278  1.8e-196  656.6   1.1   1   1  3.2e-200    2e-196  656.5   1.1     1   278     1   278     1   278 1.00 -
YP_001966218.1       -            278 strB                 -            278  1.8e-196  656.6   1.1   1   1  3.2e-200    2e-196  656.5   1.1     1   278     1   278     1   278 1.00 -
YP_003937711.1       -            278 strB                 -            278  1.8e-196  656.6   1.1   1   1  3.2e-200    2e-196  656.5   1.1     1   278     1   278     1   278 1.00 -
YP_007349701.1       -            278 strB                 -            278  1.8e-196  656.6   1.1   1   1  3.2e-200    2e-196  656.5   1.1     1   278     1   278     1   278 1.00 -
WP_013023852.1       -            281 strB                 -            278  1.8e-196  656.6   1.1   1   1  3.4e-200  2.1e-196  656.4   1.1     1   278     4   281     4   281 1.00 -
YP_003517601.1       -            281 strB                 -            278  1.8e-196  656.6   1.1   1   1  3.4e-200  2.1e-196  656.4   1.1     1   278     4   281     4   281 1.00 -
NP_955645.1          -            278 strB                 -            278  2.9e-196  655.9   1.1   1   1  5.2e-200  3.2e-196  655.8   1.1     1   278     1   278     1   278 1.00 -
WP_011161217.1       -            278 strB                 -            278  2.9e-196  655.9   1.1   1   1  5.2e-200  3.2e-196  655.8   1.1     1   278     1   278     1   278 1.00 -
WP_094885524.1       -            278 strB                 -            278  3.3e-196  655.7   1.0   1   1    6e-200  3.7e-196  655.6   1.0     1   278     1   278     1   278 1.00 -
WP_045893453.1       -            278 strB                 -            278  5.3e-196  655.0   1.1   1   1  9.7e-200    6e-196  654.9   1.1     1   278     1   278     1   278 1.00 -
WP_094929352.1       -            278 strB                 -            278    6e-196  654.9   1.1   1   1  1.1e-199  6.7e-196  654.7   1.1     1   278     1   278     1   278 1.00 -
WP_100190804.1       -            278 strB                 -            278  6.7e-196  654.7   1.2   1   1  1.2e-199  7.5e-196  654.6   1.2     1   278     1   278     1   278 1.00 -
WP_000480966.1       -            278 strB                 -            278    7e-196  654.7   1.2   1   1  1.3e-199  7.8e-196  654.5   1.2     1   278     1   278     1   278 1.00 -
WP_049195390.1       -            278 strB                 -            278    1e-195  654.1   1.2   1   1  1.9e-199  1.2e-195  653.9   1.2     1   278     1   278     1   278 1.00 -
WP_040110386.1       -            278 strB                 -            278  1.1e-195  654.0   1.4   1   1  2.1e-199  1.3e-195  653.8   1.4     1   278     1   278     1   278 1.00 -
WP_001391758.1       -            276 strB                 -            278  6.9e-195  651.4   1.1   1   1  1.3e-198  7.7e-195  651.2   1.1     3   278     1   276     1   276 1.00 -
YP_001101857.1       -            276 strB                 -            278  6.9e-195  651.4   1.1   1   1  1.3e-198  7.7e-195  651.2   1.1     3   278     1   276     1   276 1.00 -
YP_002891089.1       -            276 strB                 -            278  6.9e-195  651.4   1.1   1   1  1.3e-198  7.7e-195  651.2   1.1     3   278     1   276     1   276 1.00 -
YP_002894393.1       -            276 strB                 -            278  6.9e-195  651.4   1.1   1   1  1.3e-198  7.7e-195  651.2   1.1     3   278     1   276     1   276 1.00 -
YP_002894581.1       -            276 strB                 -            278  6.9e-195  651.4   1.1   1   1  1.3e-198  7.7e-195  651.2   1.1     3   278     1   276     1   276 1.00 -
YP_003377832.1       -            276 strB                 -            278  6.9e-195  651.4   1.1   1   1  1.3e-198  7.7e-195  651.2   1.1     3   278     1   276     1   276 1.00 -
YP_006162237.1       -            276 strB                 -            278  6.9e-195  651.4   1.1   1   1  1.3e-198  7.7e-195  651.2   1.1     3   278     1   276     1   276 1.00 -
YP_006956312.1       -            276 strB                 -            278  6.9e-195  651.4   1.1   1   1  1.3e-198  7.7e-195  651.2   1.1     3   278     1   276     1   276 1.00 -
YP_006956548.1       -            276 strB                 -            278  6.9e-195  651.4   1.1   1   1  1.3e-198  7.7e-195  651.2   1.1     3   278     1   276     1   276 1.00 -
YP_006956626.1       -            276 strB                 -            278  6.9e-195  651.4   1.1   1   1  1.3e-198  7.7e-195  651.2   1.1     3   278     1   276     1   276 1.00 -
YP_006962123.1       -            276 strB                 -            278  6.9e-195  651.4   1.1   1   1  1.3e-198  7.7e-195  651.2   1.1     3   278     1   276     1   276 1.00 -
YP_009067791.1       -            276 strB                 -            278  6.9e-195  651.4   1.1   1   1  1.3e-198  7.7e-195  651.2   1.1     3   278     1   276     1   276 1.00 -
WP_104021968.1       -            274 strB                 -            278  1.5e-191  640.4   1.4   1   1  2.8e-195  1.7e-191  640.3   1.4     6   278     2   274     1   274 1.00 -
WP_105826609.1       -            305 strB                 -            278  2.4e-191  639.8   1.3   1   1  4.4e-195  2.7e-191  639.6   1.3     1   275     4   278     4   283 0.99 -
WP_013263783.1       -            278 strB                 -            278  1.4e-190  637.3   0.6   1   1  2.5e-194  1.5e-190  637.1   0.6     1   278     1   278     1   278 1.00 -
YP_003813053.1       -            278 strB                 -            278  1.4e-190  637.3   0.6   1   1  2.5e-194  1.5e-190  637.1   0.6     1   278     1   278     1   278 1.00 -
WP_009447875.1       -            255 strB                 -            278  1.4e-174  584.8   0.9   1   1  2.8e-178  1.7e-174  584.5   0.9     1   251     1   251     1   253 0.99 -
WP_000480970.1       -            260 strB                 -            278  2.4e-174  584.0   0.6   1   1  4.8e-178  2.9e-174  583.7   0.6     1   248     1   248     1   252 0.99 -
WP_052943198.1       -            262 strB                 -            278  2.5e-174  583.9   0.5   1   1  5.1e-178  3.1e-174  583.7   0.5     1   248     1   248     1   251 1.00 -
WP_000935800.1       -            257 strB                 -            278  1.3e-168  565.2   2.0   1   1  2.6e-172  1.6e-168  564.9   2.0    35   278    14   257     6   257 0.99 -
WP_015056426.1       -            254 strB                 -            278  1.5e-168  565.0   2.2   1   1  2.9e-172  1.8e-168  564.7   2.2    35   278    11   254     5   254 0.99 -
YP_006940089.1       -            254 strB                 -            278  1.5e-168  565.0   2.2   1   1  2.9e-172  1.8e-168  564.7   2.2    35   278    11   254     5   254 0.99 -
WP_001427862.1       -            201 strB                 -            278  5.3e-137  461.5   4.0   1   1  9.7e-141  5.9e-137  461.4   4.0    78   278     1   201     1   201 1.00 -
YP_006952888.1       -            201 strB                 -            278  5.3e-137  461.5   4.0   1   1  9.7e-141  5.9e-137  461.4   4.0    78   278     1   201     1   201 1.00 -
WP_110844356.1       -            169 strB                 -            278   1.7e-94  322.1   0.9   1   1   3.7e-98   2.3e-94  321.7   0.9   104   248    11   155     7   158 0.98 -
WP_005826107.1       -             97 strB                 -            278   4.8e-65  225.5   0.1   1   1   8.7e-69   5.3e-65  225.4   0.1     1    97     1    97     1    97 1.00 -
YP_001941138.1       -             97 strB                 -            278   4.8e-65  225.5   0.1   1   1   8.7e-69   5.3e-65  225.4   0.1     1    97     1    97     1    97 1.00 -
YP_006965144.1       -             97 strB                 -            278   4.8e-65  225.5   0.1   1   1   8.7e-69   5.3e-65  225.4   0.1     1    97     1    97     1    97 1.00 -
YP_006966080.1       -             97 strB                 -            278   4.8e-65  225.5   0.1   1   1   8.7e-69   5.3e-65  225.4   0.1     1    97     1    97     1    97 1.00 -
YP_245414.1          -             97 strB                 -            278   4.8e-65  225.5   0.1   1   1   8.7e-69   5.3e-65  225.4   0.1     1    97     1    97     1    97 1.00 -
WP_095436941.1       -            274 strB                 -            278   3.8e-32  117.6   0.2   1   1   7.9e-36   4.9e-32  117.2   0.2    34   263    36   256    16   271 0.88 -
WP_077874891.1       -             75 strB                 -            278   4.8e-31  114.0   0.1   1   1   8.8e-35   5.4e-31  113.8   0.1     1    65     1    64     1    72 0.94 -
WP_040403518.1       -            282 strB                 -            278   1.5e-30  112.3   0.4   1   1     3e-34   1.8e-30  112.1   0.4    32   267    35   266     7   273 0.86 -
WP_002025539.1       -             68 strB                 -            278   1.5e-29  109.1   0.6   1   1   2.4e-33   1.5e-29  109.1   0.6     1    51     1    51     1    63 0.96 -
WP_036970840.1       -             71 strB                 -            278   2.4e-29  108.4   1.0   1   1   4.5e-33   2.8e-29  108.2   1.0     1    51     1    51     1    57 0.97 -
WP_015342599.1       -            274 strB                 -            278   1.1e-28  106.2   0.3   1   1   2.4e-32   1.5e-28  105.8   0.3    34   268    36   261    21   270 0.88 -
WP_093998344.1       -             72 strB                 -            278   1.1e-27  103.0   0.0   1   1   1.9e-31   1.2e-27  102.9   0.0     6    58     2    54     1    66 0.92 -
WP_066110657.1       -            269 strB                 -            278   6.3e-26   97.2   0.0   1   1   1.2e-29   7.6e-26   96.9   0.0    40   267    33   260    22   268 0.84 -
NP_573539.1          -             69 strB                 -            278   8.5e-26   96.8   1.4   1   1   1.6e-29   9.9e-26   96.5   1.4     1    47     1    47     1    53 0.96 -
WP_011011115.1       -             69 strB                 -            278   8.5e-26   96.8   1.4   1   1   1.6e-29   9.9e-26   96.5   1.4     1    47     1    47     1    53 0.96 -
WP_060420865.1       -            284 strB                 -            278   2.9e-25   95.0   0.2   1   1   5.7e-29   3.5e-25   94.7   0.2     9   267    10   258     1   264 0.84 -
WP_011666520.1       -            266 strB                 -            278   9.8e-25   93.3   0.0   1   1     2e-28   1.2e-24   92.9   0.0    46   271    34   258     6   264 0.86 -
YP_001551783.1       -            266 strB                 -            278   9.8e-25   93.3   0.0   1   1     2e-28   1.2e-24   92.9   0.0    46   271    34   258     6   264 0.86 -
YP_788128.1          -            266 strB                 -            278   9.8e-25   93.3   0.0   1   1     2e-28   1.2e-24   92.9   0.0    46   271    34   258     6   264 0.86 -
WP_000116906.1       -            280 strB                 -            278     1e-24   93.2   0.1   1   1   2.1e-28   1.3e-24   92.9   0.1    46   271    48   272    12   278 0.85 -
YP_006956131.1       -            280 strB                 -            278     1e-24   93.2   0.1   1   1   2.1e-28   1.3e-24   92.9   0.1    46   271    48   272    12   278 0.85 -
WP_017961438.1       -            266 strB                 -            278   1.3e-23   89.6   0.2   1   1     3e-27   1.9e-23   89.1   0.2    44   268    38   256    20   262 0.85 -
WP_020833650.1       -            275 strB                 -            278   3.1e-23   88.3   0.0   1   1   6.4e-27   3.9e-23   88.0   0.0    38   259    38   257    15   269 0.86 -
WP_097361931.1       -            275 strB                 -            278   2.4e-22   85.4   0.0   1   1     5e-26   3.1e-22   85.1   0.0    38   257    38   255    15   268 0.86 -
WP_088731451.1       -            269 strB                 -            278   1.8e-20   79.3   0.0   1   1   6.2e-24   3.8e-20   78.2   0.0    38   259    38   251    15   263 0.84 -
WP_071587652.1       -             53 strB                 -            278   2.1e-20   79.1   0.6   1   1   3.5e-24   2.1e-20   79.0   0.6     1    39     1    39     1    49 0.92 -
WP_102860063.1       -            274 strB                 -            278   2.8e-20   78.7   0.0   1   1   6.5e-24     4e-20   78.1   0.0    46   258    43   254    28   270 0.78 -
WP_099514245.1       -            269 strB                 -            278   3.7e-20   78.3   0.1   1   1   7.6e-24   4.6e-20   77.9   0.1    46   255    39   247     6   266 0.83 -
NP_073224.1          -             38 strB                 -            278   9.7e-17   67.0   4.1   1   1   1.8e-20   1.1e-16   66.9   4.1     1    33     1    33     1    36 0.98 -
WP_010904472.1       -             38 strB                 -            278   9.7e-17   67.0   4.1   1   1   1.8e-20   1.1e-16   66.9   4.1     1    33     1    33     1    36 0.98 -
WP_106195504.1       -            302 strB                 -            278   6.8e-11   47.9   0.0   1   1   1.3e-14   8.2e-11   47.6   0.0    54   257    79   282    36   297 0.79 -
#
# Program:         hmmsearch
# Version:         3.1b2 (February 2015)
# Pipeline mode:   SEARCH
# Query file:      /mnt/research/ShadeLab/Dunivin/gene_targeted_assembly/RDPTools/Xander_assembler/gene_resource/strB/originaldata/strB.hmm
# Target file:     /mnt/research/ShadeLab/Dunivin/hmmsearch/refseq/protein_files/plasmid.protein.fa
# Option settings: /opt/software/HMMER/3.1b2--GCC-4.8.3/bin/hmmsearch -o /mnt/research/ShadeLab/Dunivin/hmmsearch/refseq/hmm_outputs/strB.plasmid.protein.fa.stdout.txt -A /mnt/research/ShadeLab/Dunivin/hmmsearch/refseq/hmm_outputs/strB.plasmid.protein.fa.alignment.0.0000000001.txt --domtblout /mnt/research/ShadeLab/Dunivin/hmmsearch/refseq/hmm_outputs/strB.plasmid.protein.fa.0.0000000001.tbl.txt -E 0.0000000001 --cpu 8 /mnt/research/ShadeLab/Dunivin/gene_targeted_assembly/RDPTools/Xander_assembler/gene_resource/strB/originaldata/strB.hmm /mnt/research/ShadeLab/Dunivin/hmmsearch/refseq/protein_files/plasmid.protein.fa 
# Current dir:     /mnt/research/ShadeLab/Dunivin/hmmsearch/bin
# Date:            Wed Jul 25 14:06:57 2018
# [ok]
