#                                                                            --- full sequence --- -------------- this domain -------------   hmm coord   ali coord   env coord
# target name        accession   tlen query name           accession   qlen   E-value  score  bias   #  of  c-Evalue  i-Evalue  score  bias  from    to  from    to  from    to  acc description of target
#------------------- ---------- ----- -------------------- ---------- ----- --------- ------ ----- --- --- --------- --------- ------ ----- ----- ----- ----- ----- ----- ----- ---- ---------------------
WP_032490786.1       -            272 tet_sul2             -            272  2.2e-185  619.9  11.4   1   1  9.3e-189  2.5e-185  619.8  11.4     1   272     1   272     1   272 1.00 -
WP_011270145.1       -            283 tet_sul2             -            272  1.1e-184  617.7  11.6   1   1  4.7e-188  1.2e-184  617.5  11.6     1   271     1   271     1   272 1.00 -
YP_002650687.1       -            283 tet_sul2             -            272  1.1e-184  617.7  11.6   1   1  4.7e-188  1.2e-184  617.5  11.6     1   271     1   271     1   272 1.00 -
YP_245431.1          -            283 tet_sul2             -            272  1.1e-184  617.7  11.6   1   1  4.7e-188  1.2e-184  617.5  11.6     1   271     1   271     1   272 1.00 -
NP_065288.1          -            271 tet_sul2             -            272  1.6e-184  617.1  11.9   1   1  6.9e-188  1.8e-184  616.9  11.9     1   271     1   271     1   271 1.00 -
NP_848165.1          -            271 tet_sul2             -            272  1.6e-184  617.1  11.9   1   1  6.9e-188  1.8e-184  616.9  11.9     1   271     1   271     1   271 1.00 -
NP_955643.1          -            271 tet_sul2             -            272  1.6e-184  617.1  11.9   1   1  6.9e-188  1.8e-184  616.9  11.9     1   271     1   271     1   271 1.00 -
NP_957531.1          -            271 tet_sul2             -            272  1.6e-184  617.1  11.9   1   1  6.9e-188  1.8e-184  616.9  11.9     1   271     1   271     1   271 1.00 -
WP_001043260.1       -            271 tet_sul2             -            272  1.6e-184  617.1  11.9   1   1  6.9e-188  1.8e-184  616.9  11.9     1   271     1   271     1   271 1.00 -
YP_001101746.1       -            271 tet_sul2             -            272  1.6e-184  617.1  11.9   1   1  6.9e-188  1.8e-184  616.9  11.9     1   271     1   271     1   271 1.00 -
YP_001220611.1       -            271 tet_sul2             -            272  1.6e-184  617.1  11.9   1   1  6.9e-188  1.8e-184  616.9  11.9     1   271     1   271     1   271 1.00 -
YP_001315007.1       -            271 tet_sul2             -            272  1.6e-184  617.1  11.9   1   1  6.9e-188  1.8e-184  616.9  11.9     1   271     1   271     1   271 1.00 -
YP_001315016.1       -            271 tet_sul2             -            272  1.6e-184  617.1  11.9   1   1  6.9e-188  1.8e-184  616.9  11.9     1   271     1   271     1   271 1.00 -
YP_001315027.1       -            271 tet_sul2             -            272  1.6e-184  617.1  11.9   1   1  6.9e-188  1.8e-184  616.9  11.9     1   271     1   271     1   271 1.00 -
YP_001941133.1       -            271 tet_sul2             -            272  1.6e-184  617.1  11.9   1   1  6.9e-188  1.8e-184  616.9  11.9     1   271     1   271     1   271 1.00 -
YP_001966216.1       -            271 tet_sul2             -            272  1.6e-184  617.1  11.9   1   1  6.9e-188  1.8e-184  616.9  11.9     1   271     1   271     1   271 1.00 -
YP_002286764.1       -            271 tet_sul2             -            272  1.6e-184  617.1  11.9   1   1  6.9e-188  1.8e-184  616.9  11.9     1   271     1   271     1   271 1.00 -
YP_002286961.1       -            271 tet_sul2             -            272  1.6e-184  617.1  11.9   1   1  6.9e-188  1.8e-184  616.9  11.9     1   271     1   271     1   271 1.00 -
YP_002455756.1       -            271 tet_sul2             -            272  1.6e-184  617.1  11.9   1   1  6.9e-188  1.8e-184  616.9  11.9     1   271     1   271     1   271 1.00 -
YP_002791518.1       -            271 tet_sul2             -            272  1.6e-184  617.1  11.9   1   1  6.9e-188  1.8e-184  616.9  11.9     1   271     1   271     1   271 1.00 -
YP_002791824.1       -            271 tet_sul2             -            272  1.6e-184  617.1  11.9   1   1  6.9e-188  1.8e-184  616.9  11.9     1   271     1   271     1   271 1.00 -
YP_002891091.1       -            271 tet_sul2             -            272  1.6e-184  617.1  11.9   1   1  6.9e-188  1.8e-184  616.9  11.9     1   271     1   271     1   271 1.00 -
YP_002894395.1       -            271 tet_sul2             -            272  1.6e-184  617.1  11.9   1   1  6.9e-188  1.8e-184  616.9  11.9     1   271     1   271     1   271 1.00 -
YP_002894583.1       -            271 tet_sul2             -            272  1.6e-184  617.1  11.9   1   1  6.9e-188  1.8e-184  616.9  11.9     1   271     1   271     1   271 1.00 -
YP_002995637.1       -            271 tet_sul2             -            272  1.6e-184  617.1  11.9   1   1  6.9e-188  1.8e-184  616.9  11.9     1   271     1   271     1   271 1.00 -
YP_002995721.1       -            271 tet_sul2             -            272  1.6e-184  617.1  11.9   1   1  6.9e-188  1.8e-184  616.9  11.9     1   271     1   271     1   271 1.00 -
YP_003104758.1       -            271 tet_sul2             -            272  1.6e-184  617.1  11.9   1   1  6.9e-188  1.8e-184  616.9  11.9     1   271     1   271     1   271 1.00 -
YP_003517599.1       -            271 tet_sul2             -            272  1.6e-184  617.1  11.9   1   1  6.9e-188  1.8e-184  616.9  11.9     1   271     1   271     1   271 1.00 -
YP_004869730.1       -            271 tet_sul2             -            272  1.6e-184  617.1  11.9   1   1  6.9e-188  1.8e-184  616.9  11.9     1   271     1   271     1   271 1.00 -
YP_005221036.1       -            271 tet_sul2             -            272  1.6e-184  617.1  11.9   1   1  6.9e-188  1.8e-184  616.9  11.9     1   271     1   271     1   271 1.00 -
YP_005351742.1       -            271 tet_sul2             -            272  1.6e-184  617.1  11.9   1   1  6.9e-188  1.8e-184  616.9  11.9     1   271     1   271     1   271 1.00 -
YP_005351921.1       -            271 tet_sul2             -            272  1.6e-184  617.1  11.9   1   1  6.9e-188  1.8e-184  616.9  11.9     1   271     1   271     1   271 1.00 -
YP_006905826.1       -            271 tet_sul2             -            272  1.6e-184  617.1  11.9   1   1  6.9e-188  1.8e-184  616.9  11.9     1   271     1   271     1   271 1.00 -
YP_006940094.1       -            271 tet_sul2             -            272  1.6e-184  617.1  11.9   1   1  6.9e-188  1.8e-184  616.9  11.9     1   271     1   271     1   271 1.00 -
YP_006952281.1       -            271 tet_sul2             -            272  1.6e-184  617.1  11.9   1   1  6.9e-188  1.8e-184  616.9  11.9     1   271     1   271     1   271 1.00 -
YP_006952747.1       -            271 tet_sul2             -            272  1.6e-184  617.1  11.9   1   1  6.9e-188  1.8e-184  616.9  11.9     1   271     1   271     1   271 1.00 -
YP_006952891.1       -            271 tet_sul2             -            272  1.6e-184  617.1  11.9   1   1  6.9e-188  1.8e-184  616.9  11.9     1   271     1   271     1   271 1.00 -
YP_006953258.1       -            271 tet_sul2             -            272  1.6e-184  617.1  11.9   1   1  6.9e-188  1.8e-184  616.9  11.9     1   271     1   271     1   271 1.00 -
YP_006953602.1       -            271 tet_sul2             -            272  1.6e-184  617.1  11.9   1   1  6.9e-188  1.8e-184  616.9  11.9     1   271     1   271     1   271 1.00 -
YP_006955045.1       -            271 tet_sul2             -            272  1.6e-184  617.1  11.9   1   1  6.9e-188  1.8e-184  616.9  11.9     1   271     1   271     1   271 1.00 -
YP_006956314.1       -            271 tet_sul2             -            272  1.6e-184  617.1  11.9   1   1  6.9e-188  1.8e-184  616.9  11.9     1   271     1   271     1   271 1.00 -
YP_006956566.1       -            271 tet_sul2             -            272  1.6e-184  617.1  11.9   1   1  6.9e-188  1.8e-184  616.9  11.9     1   271     1   271     1   271 1.00 -
YP_006956628.1       -            271 tet_sul2             -            272  1.6e-184  617.1  11.9   1   1  6.9e-188  1.8e-184  616.9  11.9     1   271     1   271     1   271 1.00 -
YP_006956993.1       -            271 tet_sul2             -            272  1.6e-184  617.1  11.9   1   1  6.9e-188  1.8e-184  616.9  11.9     1   271     1   271     1   271 1.00 -
YP_006957178.1       -            271 tet_sul2             -            272  1.6e-184  617.1  11.9   1   1  6.9e-188  1.8e-184  616.9  11.9     1   271     1   271     1   271 1.00 -
YP_006960718.1       -            271 tet_sul2             -            272  1.6e-184  617.1  11.9   1   1  6.9e-188  1.8e-184  616.9  11.9     1   271     1   271     1   271 1.00 -
YP_006960773.1       -            271 tet_sul2             -            272  1.6e-184  617.1  11.9   1   1  6.9e-188  1.8e-184  616.9  11.9     1   271     1   271     1   271 1.00 -
YP_006962130.1       -            271 tet_sul2             -            272  1.6e-184  617.1  11.9   1   1  6.9e-188  1.8e-184  616.9  11.9     1   271     1   271     1   271 1.00 -
YP_006962133.1       -            271 tet_sul2             -            272  1.6e-184  617.1  11.9   1   1  6.9e-188  1.8e-184  616.9  11.9     1   271     1   271     1   271 1.00 -
YP_006965139.1       -            271 tet_sul2             -            272  1.6e-184  617.1  11.9   1   1  6.9e-188  1.8e-184  616.9  11.9     1   271     1   271     1   271 1.00 -
YP_006966078.1       -            271 tet_sul2             -            272  1.6e-184  617.1  11.9   1   1  6.9e-188  1.8e-184  616.9  11.9     1   271     1   271     1   271 1.00 -
YP_006973750.1       -            271 tet_sul2             -            272  1.6e-184  617.1  11.9   1   1  6.9e-188  1.8e-184  616.9  11.9     1   271     1   271     1   271 1.00 -
YP_007316604.1       -            271 tet_sul2             -            272  1.6e-184  617.1  11.9   1   1  6.9e-188  1.8e-184  616.9  11.9     1   271     1   271     1   271 1.00 -
YP_007349479.1       -            271 tet_sul2             -            272  1.6e-184  617.1  11.9   1   1  6.9e-188  1.8e-184  616.9  11.9     1   271     1   271     1   271 1.00 -
YP_007349554.1       -            271 tet_sul2             -            272  1.6e-184  617.1  11.9   1   1  6.9e-188  1.8e-184  616.9  11.9     1   271     1   271     1   271 1.00 -
YP_007349699.1       -            271 tet_sul2             -            272  1.6e-184  617.1  11.9   1   1  6.9e-188  1.8e-184  616.9  11.9     1   271     1   271     1   271 1.00 -
YP_007969749.1       -            271 tet_sul2             -            272  1.6e-184  617.1  11.9   1   1  6.9e-188  1.8e-184  616.9  11.9     1   271     1   271     1   271 1.00 -
YP_008167032.1       -            271 tet_sul2             -            272  1.6e-184  617.1  11.9   1   1  6.9e-188  1.8e-184  616.9  11.9     1   271     1   271     1   271 1.00 -
YP_008574696.1       -            271 tet_sul2             -            272  1.6e-184  617.1  11.9   1   1  6.9e-188  1.8e-184  616.9  11.9     1   271     1   271     1   271 1.00 -
YP_008574999.1       -            271 tet_sul2             -            272  1.6e-184  617.1  11.9   1   1  6.9e-188  1.8e-184  616.9  11.9     1   271     1   271     1   271 1.00 -
YP_008725153.1       -            271 tet_sul2             -            272  1.6e-184  617.1  11.9   1   1  6.9e-188  1.8e-184  616.9  11.9     1   271     1   271     1   271 1.00 -
YP_008997665.1       -            271 tet_sul2             -            272  1.6e-184  617.1  11.9   1   1  6.9e-188  1.8e-184  616.9  11.9     1   271     1   271     1   271 1.00 -
YP_008998865.1       -            271 tet_sul2             -            272  1.6e-184  617.1  11.9   1   1  6.9e-188  1.8e-184  616.9  11.9     1   271     1   271     1   271 1.00 -
YP_009022334.1       -            271 tet_sul2             -            272  1.6e-184  617.1  11.9   1   1  6.9e-188  1.8e-184  616.9  11.9     1   271     1   271     1   271 1.00 -
YP_009061414.1       -            271 tet_sul2             -            272  1.6e-184  617.1  11.9   1   1  6.9e-188  1.8e-184  616.9  11.9     1   271     1   271     1   271 1.00 -
YP_009061550.1       -            271 tet_sul2             -            272  1.6e-184  617.1  11.9   1   1  6.9e-188  1.8e-184  616.9  11.9     1   271     1   271     1   271 1.00 -
YP_009061670.1       -            271 tet_sul2             -            272  1.6e-184  617.1  11.9   1   1  6.9e-188  1.8e-184  616.9  11.9     1   271     1   271     1   271 1.00 -
YP_009061966.1       -            271 tet_sul2             -            272  1.6e-184  617.1  11.9   1   1  6.9e-188  1.8e-184  616.9  11.9     1   271     1   271     1   271 1.00 -
YP_009067793.1       -            271 tet_sul2             -            272  1.6e-184  617.1  11.9   1   1  6.9e-188  1.8e-184  616.9  11.9     1   271     1   271     1   271 1.00 -
YP_009068735.1       -            271 tet_sul2             -            272  1.6e-184  617.1  11.9   1   1  6.9e-188  1.8e-184  616.9  11.9     1   271     1   271     1   271 1.00 -
YP_009068851.1       -            271 tet_sul2             -            272  1.6e-184  617.1  11.9   1   1  6.9e-188  1.8e-184  616.9  11.9     1   271     1   271     1   271 1.00 -
YP_009069120.1       -            271 tet_sul2             -            272  1.6e-184  617.1  11.9   1   1  6.9e-188  1.8e-184  616.9  11.9     1   271     1   271     1   271 1.00 -
YP_009070395.1       -            271 tet_sul2             -            272  1.6e-184  617.1  11.9   1   1  6.9e-188  1.8e-184  616.9  11.9     1   271     1   271     1   271 1.00 -
YP_009070428.1       -            271 tet_sul2             -            272  1.6e-184  617.1  11.9   1   1  6.9e-188  1.8e-184  616.9  11.9     1   271     1   271     1   271 1.00 -
YP_009070858.1       -            271 tet_sul2             -            272  1.6e-184  617.1  11.9   1   1  6.9e-188  1.8e-184  616.9  11.9     1   271     1   271     1   271 1.00 -
YP_009071740.1       -            271 tet_sul2             -            272  1.6e-184  617.1  11.9   1   1  6.9e-188  1.8e-184  616.9  11.9     1   271     1   271     1   271 1.00 -
YP_245403.1          -            271 tet_sul2             -            272  1.6e-184  617.1  11.9   1   1  6.9e-188  1.8e-184  616.9  11.9     1   271     1   271     1   271 1.00 -
YP_245412.1          -            271 tet_sul2             -            272  1.6e-184  617.1  11.9   1   1  6.9e-188  1.8e-184  616.9  11.9     1   271     1   271     1   271 1.00 -
YP_245422.1          -            271 tet_sul2             -            272  1.6e-184  617.1  11.9   1   1  6.9e-188  1.8e-184  616.9  11.9     1   271     1   271     1   271 1.00 -
YP_245426.1          -            271 tet_sul2             -            272  1.6e-184  617.1  11.9   1   1  6.9e-188  1.8e-184  616.9  11.9     1   271     1   271     1   271 1.00 -
YP_794145.1          -            271 tet_sul2             -            272  1.6e-184  617.1  11.9   1   1  6.9e-188  1.8e-184  616.9  11.9     1   271     1   271     1   271 1.00 -
YP_891140.1          -            271 tet_sul2             -            272  1.6e-184  617.1  11.9   1   1  6.9e-188  1.8e-184  616.9  11.9     1   271     1   271     1   271 1.00 -
YP_908437.1          -            271 tet_sul2             -            272  1.6e-184  617.1  11.9   1   1  6.9e-188  1.8e-184  616.9  11.9     1   271     1   271     1   271 1.00 -
YP_908616.1          -            271 tet_sul2             -            272  1.6e-184  617.1  11.9   1   1  6.9e-188  1.8e-184  616.9  11.9     1   271     1   271     1   271 1.00 -
WP_011270126.1       -            271 tet_sul2             -            272  4.3e-184  615.7  11.4   1   1  1.8e-187  4.8e-184  615.6  11.4     1   271     1   271     1   271 1.00 -
YP_245395.1          -            271 tet_sul2             -            272  4.3e-184  615.7  11.4   1   1  1.8e-187  4.8e-184  615.6  11.4     1   271     1   271     1   271 1.00 -
NP_054473.1          -            271 tet_sul2             -            272  4.3e-184  615.7  11.4   1   1  1.8e-187  4.8e-184  615.6  11.4     1   271     1   271     1   271 1.00 -
WP_010890206.1       -            271 tet_sul2             -            272  4.3e-184  615.7  11.4   1   1  1.8e-187  4.8e-184  615.6  11.4     1   271     1   271     1   271 1.00 -
WP_063855540.1       -            271 tet_sul2             -            272  5.1e-184  615.5  12.1   1   1  2.1e-187  5.7e-184  615.3  12.1     1   271     1   271     1   271 1.00 -
WP_110871677.1       -            271 tet_sul2             -            272  5.8e-184  615.3  11.6   1   1  2.5e-187  6.5e-184  615.1  11.6     1   271     1   271     1   271 1.00 -
WP_110826437.1       -            271 tet_sul2             -            272  6.3e-184  615.2  11.7   1   1  2.7e-187    7e-184  615.0  11.7     1   271     1   271     1   271 1.00 -
WP_106959163.1       -            271 tet_sul2             -            272  6.5e-184  615.1  11.6   1   1  2.7e-187  7.2e-184  615.0  11.6     1   271     1   271     1   271 1.00 -
NP_569414.1          -            271 tet_sul2             -            272  6.5e-184  615.1  11.1   1   1  2.7e-187  7.3e-184  615.0  11.1     1   271     1   271     1   271 1.00 -
WP_001043265.1       -            271 tet_sul2             -            272  6.5e-184  615.1  11.1   1   1  2.7e-187  7.3e-184  615.0  11.1     1   271     1   271     1   271 1.00 -
YP_001551918.1       -            271 tet_sul2             -            272  6.5e-184  615.1  11.1   1   1  2.7e-187  7.3e-184  615.0  11.1     1   271     1   271     1   271 1.00 -
YP_002527537.1       -            271 tet_sul2             -            272  6.5e-184  615.1  11.1   1   1  2.7e-187  7.3e-184  615.0  11.1     1   271     1   271     1   271 1.00 -
YP_003264400.1       -            271 tet_sul2             -            272  6.5e-184  615.1  11.1   1   1  2.7e-187  7.3e-184  615.0  11.1     1   271     1   271     1   271 1.00 -
YP_003377830.1       -            271 tet_sul2             -            272  6.5e-184  615.1  11.1   1   1  2.7e-187  7.3e-184  615.0  11.1     1   271     1   271     1   271 1.00 -
YP_003937709.1       -            271 tet_sul2             -            272  6.5e-184  615.1  11.1   1   1  2.7e-187  7.3e-184  615.0  11.1     1   271     1   271     1   271 1.00 -
YP_006162235.1       -            271 tet_sul2             -            272  6.5e-184  615.1  11.1   1   1  2.7e-187  7.3e-184  615.0  11.1     1   271     1   271     1   271 1.00 -
YP_006954013.1       -            271 tet_sul2             -            272  6.5e-184  615.1  11.1   1   1  2.7e-187  7.3e-184  615.0  11.1     1   271     1   271     1   271 1.00 -
YP_006957936.1       -            271 tet_sul2             -            272  6.5e-184  615.1  11.1   1   1  2.7e-187  7.3e-184  615.0  11.1     1   271     1   271     1   271 1.00 -
YP_008605052.1       -            271 tet_sul2             -            272  6.5e-184  615.1  11.1   1   1  2.7e-187  7.3e-184  615.0  11.1     1   271     1   271     1   271 1.00 -
YP_008864024.1       -            271 tet_sul2             -            272  6.5e-184  615.1  11.1   1   1  2.7e-187  7.3e-184  615.0  11.1     1   271     1   271     1   271 1.00 -
YP_008864691.1       -            271 tet_sul2             -            272  6.5e-184  615.1  11.1   1   1  2.7e-187  7.3e-184  615.0  11.1     1   271     1   271     1   271 1.00 -
YP_008995206.1       -            271 tet_sul2             -            272  6.5e-184  615.1  11.1   1   1  2.7e-187  7.3e-184  615.0  11.1     1   271     1   271     1   271 1.00 -
YP_008997409.1       -            271 tet_sul2             -            272  6.5e-184  615.1  11.1   1   1  2.7e-187  7.3e-184  615.0  11.1     1   271     1   271     1   271 1.00 -
YP_008998371.1       -            271 tet_sul2             -            272  6.5e-184  615.1  11.1   1   1  2.7e-187  7.3e-184  615.0  11.1     1   271     1   271     1   271 1.00 -
YP_009070802.1       -            271 tet_sul2             -            272  6.5e-184  615.1  11.1   1   1  2.7e-187  7.3e-184  615.0  11.1     1   271     1   271     1   271 1.00 -
YP_194841.1          -            271 tet_sul2             -            272  6.5e-184  615.1  11.1   1   1  2.7e-187  7.3e-184  615.0  11.1     1   271     1   271     1   271 1.00 -
WP_070180801.1       -            271 tet_sul2             -            272  8.3e-184  614.8  11.8   1   1  3.5e-187  9.3e-184  614.6  11.8     1   271     1   271     1   271 1.00 -
WP_047715692.1       -            271 tet_sul2             -            272  9.7e-184  614.6  11.6   1   1  4.1e-187  1.1e-183  614.4  11.6     1   271     1   271     1   271 1.00 -
WP_022631488.1       -            271 tet_sul2             -            272  9.7e-184  614.5  11.9   1   1  4.1e-187  1.1e-183  614.4  11.9     1   271     1   271     1   271 1.00 -
NP_073221.1          -            271 tet_sul2             -            272    1e-183  614.5  11.8   1   1  4.2e-187  1.1e-183  614.3  11.8     1   271     1   271     1   271 1.00 -
WP_003970071.1       -            271 tet_sul2             -            272    1e-183  614.5  11.8   1   1  4.2e-187  1.1e-183  614.3  11.8     1   271     1   271     1   271 1.00 -
YP_783830.1          -            271 tet_sul2             -            272    1e-183  614.5  11.8   1   1  4.2e-187  1.1e-183  614.3  11.8     1   271     1   271     1   271 1.00 -
WP_015060203.1       -            283 tet_sul2             -            272  1.6e-183  613.9  11.8   1   1  6.7e-187  1.8e-183  613.7  11.8     1   271     1   271     1   272 1.00 -
YP_006960602.1       -            283 tet_sul2             -            272  1.6e-183  613.9  11.8   1   1  6.7e-187  1.8e-183  613.7  11.8     1   271     1   271     1   272 1.00 -
WP_087760815.1       -            271 tet_sul2             -            272  1.7e-183  613.7  12.2   1   1  7.4e-187    2e-183  613.6  12.2     1   271     1   271     1   271 1.00 -
NP_573536.1          -            271 tet_sul2             -            272    2e-183  613.6  11.9   1   1  8.2e-187  2.2e-183  613.4  11.9     1   271     1   271     1   271 1.00 -
WP_011011113.1       -            271 tet_sul2             -            272    2e-183  613.6  11.9   1   1  8.2e-187  2.2e-183  613.4  11.9     1   271     1   271     1   271 1.00 -
WP_011176578.1       -            271 tet_sul2             -            272    2e-183  613.5  12.2   1   1  8.5e-187  2.2e-183  613.4  12.2     1   271     1   271     1   271 1.00 -
YP_009034.1          -            271 tet_sul2             -            272    2e-183  613.5  12.2   1   1  8.5e-187  2.2e-183  613.4  12.2     1   271     1   271     1   271 1.00 -
WP_014386805.1       -            271 tet_sul2             -            272  3.3e-183  612.8  12.1   1   1  1.4e-186  3.7e-183  612.6  12.1     1   271     1   271     1   271 1.00 -
YP_005352575.1       -            271 tet_sul2             -            272  3.3e-183  612.8  12.1   1   1  1.4e-186  3.7e-183  612.6  12.1     1   271     1   271     1   271 1.00 -
WP_063855557.1       -            271 tet_sul2             -            272    4e-182  609.2  10.7   1   1  1.7e-185  4.5e-182  609.1  10.7     1   271     1   271     1   271 1.00 -
WP_013512945.1       -            271 tet_sul2             -            272  1.1e-181  607.8  12.1   1   1  4.7e-185  1.2e-181  607.6  12.1     1   271     1   271     1   271 1.00 -
YP_004119718.1       -            271 tet_sul2             -            272  1.1e-181  607.8  12.1   1   1  4.7e-185  1.2e-181  607.6  12.1     1   271     1   271     1   271 1.00 -
NP_387465.1          -            283 tet_sul2             -            272  1.4e-181  607.5  10.7   1   1    6e-185  1.6e-181  607.3  10.7     1   271     1   271     1   272 1.00 -
WP_010981367.1       -            283 tet_sul2             -            272  1.4e-181  607.5  10.7   1   1    6e-185  1.6e-181  607.3  10.7     1   271     1   271     1   272 1.00 -
WP_001043259.1       -            263 tet_sul2             -            272  1.9e-179  600.5  12.4   1   1  7.9e-183  2.1e-179  600.3  12.4     1   263     1   263     1   263 1.00 -
YP_001966538.1       -            263 tet_sul2             -            272  1.9e-179  600.5  12.4   1   1  7.9e-183  2.1e-179  600.3  12.4     1   263     1   263     1   263 1.00 -
WP_011453052.1       -            272 tet_sul2             -            272  4.3e-176  589.5  11.4   1   1  1.8e-179  4.8e-176  589.3  11.4     1   271     1   272     1   272 0.99 -
YP_512237.1          -            272 tet_sul2             -            272  4.3e-176  589.5  11.4   1   1  1.8e-179  4.8e-176  589.3  11.4     1   271     1   272     1   272 0.99 -
NP_044311.1          -            262 tet_sul2             -            272  4.4e-132  445.1   4.0   1   1  2.1e-135  5.5e-132  444.8   4.0     1   228     1   227     1   234 0.97 -
WP_010890159.1       -            262 tet_sul2             -            272  4.4e-132  445.1   4.0   1   1  2.1e-135  5.5e-132  444.8   4.0     1   228     1   227     1   234 0.97 -
WP_069710404.1       -            276 tet_sul2             -            272   3.6e-85  291.2   0.4   1   1   1.6e-88   4.2e-85  291.0   0.4     7   265     7   266     1   271 0.97 -
WP_101415847.1       -            279 tet_sul2             -            272   5.5e-84  287.4   4.4   1   1   2.4e-87   6.4e-84  287.1   4.4     6   264     3   263     1   271 0.96 -
WP_101429026.1       -            279 tet_sul2             -            272   2.8e-83  285.1   3.9   1   1   1.2e-86   3.2e-83  284.8   3.9     6   261     3   260     1   271 0.96 -
WP_012312004.1       -            279 tet_sul2             -            272   3.9e-83  284.6   3.7   1   1   1.7e-86   4.6e-83  284.4   3.7     6   261     3   260     1   271 0.96 -
YP_001746870.1       -            279 tet_sul2             -            272   3.9e-83  284.6   3.7   1   1   1.7e-86   4.6e-83  284.4   3.7     6   261     3   260     1   271 0.96 -
WP_032072921.1       -            279 tet_sul2             -            272   7.3e-83  283.7   4.4   1   1   3.3e-86   8.6e-83  283.4   4.4     6   264     3   263     1   271 0.96 -
YP_009071630.1       -            279 tet_sul2             -            272   7.3e-83  283.7   4.4   1   1   3.3e-86   8.6e-83  283.4   4.4     6   264     3   263     1   271 0.96 -
WP_000259018.1       -            279 tet_sul2             -            272   1.3e-82  282.8   4.2   1   1   5.9e-86   1.6e-82  282.6   4.2     6   261     3   260     1   271 0.96 -
WP_015272384.1       -            291 tet_sul2             -            272   1.4e-82  282.8   2.7   1   1   6.6e-86   1.7e-82  282.5   2.7     5   261    14   272    10   283 0.96 -
WP_080783712.1       -            279 tet_sul2             -            272   1.8e-82  282.4   4.1   1   1   8.1e-86   2.1e-82  282.2   4.1     6   261     3   260     1   271 0.96 -
WP_000259032.1       -            279 tet_sul2             -            272     2e-82  282.2   4.0   1   1     9e-86   2.4e-82  282.0   4.0     6   264     3   263     1   271 0.96 -
YP_006958741.1       -            279 tet_sul2             -            272     2e-82  282.2   4.0   1   1     9e-86   2.4e-82  282.0   4.0     6   264     3   263     1   271 0.96 -
WP_000946487.1       -            283 tet_sul2             -            272     2e-82  282.2   3.7   1   1   8.8e-86   2.3e-82  282.0   3.7     5   261     6   264     1   275 0.95 -
WP_031942459.1       -            278 tet_sul2             -            272   2.9e-82  281.7   3.4   1   1   1.3e-85   3.3e-82  281.5   3.4     6   260     3   259     1   270 0.96 -
YP_009061692.1       -            278 tet_sul2             -            272   2.9e-82  281.7   3.4   1   1   1.3e-85   3.3e-82  281.5   3.4     6   260     3   259     1   270 0.96 -
NP_478074.1          -            279 tet_sul2             -            272   3.7e-82  281.4   3.8   1   1   1.6e-85   4.3e-82  281.2   3.8     6   261     3   260     1   271 0.96 -
NP_511228.1          -            279 tet_sul2             -            272   3.7e-82  281.4   3.8   1   1   1.6e-85   4.3e-82  281.2   3.8     6   261     3   260     1   271 0.96 -
NP_775047.1          -            279 tet_sul2             -            272   3.7e-82  281.4   3.8   1   1   1.6e-85   4.3e-82  281.2   3.8     6   261     3   260     1   271 0.96 -
NP_862308.1          -            279 tet_sul2             -            272   3.7e-82  281.4   3.8   1   1   1.6e-85   4.3e-82  281.2   3.8     6   261     3   260     1   271 0.96 -
NP_863000.1          -            279 tet_sul2             -            272   3.7e-82  281.4   3.8   1   1   1.6e-85   4.3e-82  281.2   3.8     6   261     3   260     1   271 0.96 -
WP_000259031.1       -            279 tet_sul2             -            272   3.7e-82  281.4   3.8   1   1   1.6e-85   4.3e-82  281.2   3.8     6   261     3   260     1   271 0.96 -
YP_001096203.1       -            279 tet_sul2             -            272   3.7e-82  281.4   3.8   1   1   1.6e-85   4.3e-82  281.2   3.8     6   261     3   260     1   271 0.96 -
YP_001096354.1       -            279 tet_sul2             -            272   3.7e-82  281.4   3.8   1   1   1.6e-85   4.3e-82  281.2   3.8     6   261     3   260     1   271 0.96 -
YP_001096411.1       -            279 tet_sul2             -            272   3.7e-82  281.4   3.8   1   1   1.6e-85   4.3e-82  281.2   3.8     6   261     3   260     1   271 0.96 -
YP_001551926.1       -            279 tet_sul2             -            272   3.7e-82  281.4   3.8   1   1   1.6e-85   4.3e-82  281.2   3.8     6   261     3   260     1   271 0.96 -
YP_001552092.1       -            279 tet_sul2             -            272   3.7e-82  281.4   3.8   1   1   1.6e-85   4.3e-82  281.2   3.8     6   261     3   260     1   271 0.96 -
YP_001552097.1       -            279 tet_sul2             -            272   3.7e-82  281.4   3.8   1   1   1.6e-85   4.3e-82  281.2   3.8     6   261     3   260     1   271 0.96 -
YP_001965785.1       -            279 tet_sul2             -            272   3.7e-82  281.4   3.8   1   1   1.6e-85   4.3e-82  281.2   3.8     6   261     3   260     1   271 0.96 -
YP_001965791.1       -            279 tet_sul2             -            272   3.7e-82  281.4   3.8   1   1   1.6e-85   4.3e-82  281.2   3.8     6   261     3   260     1   271 0.96 -
YP_001966858.1       -            279 tet_sul2             -            272   3.7e-82  281.4   3.8   1   1   1.6e-85   4.3e-82  281.2   3.8     6   261     3   260     1   271 0.96 -
YP_001966862.1       -            279 tet_sul2             -            272   3.7e-82  281.4   3.8   1   1   1.6e-85   4.3e-82  281.2   3.8     6   261     3   260     1   271 0.96 -
YP_002332853.1       -            279 tet_sul2             -            272   3.7e-82  281.4   3.8   1   1   1.6e-85   4.3e-82  281.2   3.8     6   261     3   260     1   271 0.96 -
YP_002332857.1       -            279 tet_sul2             -            272   3.7e-82  281.4   3.8   1   1   1.6e-85   4.3e-82  281.2   3.8     6   261     3   260     1   271 0.96 -
YP_002891164.1       -            279 tet_sul2             -            272   3.7e-82  281.4   3.8   1   1   1.6e-85   4.3e-82  281.2   3.8     6   261     3   260     1   271 0.96 -
YP_002894492.1       -            279 tet_sul2             -            272   3.7e-82  281.4   3.8   1   1   1.6e-85   4.3e-82  281.2   3.8     6   261     3   260     1   271 0.96 -
YP_003264407.1       -            279 tet_sul2             -            272   3.7e-82  281.4   3.8   1   1   1.6e-85   4.3e-82  281.2   3.8     6   261     3   260     1   271 0.96 -
YP_003517589.1       -            279 tet_sul2             -            272   3.7e-82  281.4   3.8   1   1   1.6e-85   4.3e-82  281.2   3.8     6   261     3   260     1   271 0.96 -
YP_003657319.1       -            279 tet_sul2             -            272   3.7e-82  281.4   3.8   1   1   1.6e-85   4.3e-82  281.2   3.8     6   261     3   260     1   271 0.96 -
YP_003754036.1       -            279 tet_sul2             -            272   3.7e-82  281.4   3.8   1   1   1.6e-85   4.3e-82  281.2   3.8     6   261     3   260     1   271 0.96 -
YP_003813039.1       -            279 tet_sul2             -            272   3.7e-82  281.4   3.8   1   1   1.6e-85   4.3e-82  281.2   3.8     6   261     3   260     1   271 0.96 -
YP_003813060.1       -            279 tet_sul2             -            272   3.7e-82  281.4   3.8   1   1   1.6e-85   4.3e-82  281.2   3.8     6   261     3   260     1   271 0.96 -
YP_003937681.1       -            279 tet_sul2             -            272   3.7e-82  281.4   3.8   1   1   1.6e-85   4.3e-82  281.2   3.8     6   261     3   260     1   271 0.96 -
YP_004558213.1       -            279 tet_sul2             -            272   3.7e-82  281.4   3.8   1   1   1.6e-85   4.3e-82  281.2   3.8     6   261     3   260     1   271 0.96 -
YP_005351437.1       -            279 tet_sul2             -            272   3.7e-82  281.4   3.8   1   1   1.6e-85   4.3e-82  281.2   3.8     6   261     3   260     1   271 0.96 -
YP_005352043.1       -            279 tet_sul2             -            272   3.7e-82  281.4   3.8   1   1   1.6e-85   4.3e-82  281.2   3.8     6   261     3   260     1   271 0.96 -
YP_006162242.1       -            279 tet_sul2             -            272   3.7e-82  281.4   3.8   1   1   1.6e-85   4.3e-82  281.2   3.8     6   261     3   260     1   271 0.96 -
YP_006316011.1       -            279 tet_sul2             -            272   3.7e-82  281.4   3.8   1   1   1.6e-85   4.3e-82  281.2   3.8     6   261     3   260     1   271 0.96 -
YP_006902980.1       -            279 tet_sul2             -            272   3.7e-82  281.4   3.8   1   1   1.6e-85   4.3e-82  281.2   3.8     6   261     3   260     1   271 0.96 -
YP_006903340.1       -            279 tet_sul2             -            272   3.7e-82  281.4   3.8   1   1   1.6e-85   4.3e-82  281.2   3.8     6   261     3   260     1   271 0.96 -
YP_006939957.1       -            279 tet_sul2             -            272   3.7e-82  281.4   3.8   1   1   1.6e-85   4.3e-82  281.2   3.8     6   261     3   260     1   271 0.96 -
YP_006952407.1       -            279 tet_sul2             -            272   3.7e-82  281.4   3.8   1   1   1.6e-85   4.3e-82  281.2   3.8     6   261     3   260     1   271 0.96 -
YP_006952437.1       -            279 tet_sul2             -            272   3.7e-82  281.4   3.8   1   1   1.6e-85   4.3e-82  281.2   3.8     6   261     3   260     1   271 0.96 -
YP_006952978.1       -            279 tet_sul2             -            272   3.7e-82  281.4   3.8   1   1   1.6e-85   4.3e-82  281.2   3.8     6   261     3   260     1   271 0.96 -
YP_006953197.1       -            279 tet_sul2             -            272   3.7e-82  281.4   3.8   1   1   1.6e-85   4.3e-82  281.2   3.8     6   261     3   260     1   271 0.96 -
YP_006953612.1       -            279 tet_sul2             -            272   3.7e-82  281.4   3.8   1   1   1.6e-85   4.3e-82  281.2   3.8     6   261     3   260     1   271 0.96 -
YP_006953620.1       -            279 tet_sul2             -            272   3.7e-82  281.4   3.8   1   1   1.6e-85   4.3e-82  281.2   3.8     6   261     3   260     1   271 0.96 -
YP_006955147.1       -            279 tet_sul2             -            272   3.7e-82  281.4   3.8   1   1   1.6e-85   4.3e-82  281.2   3.8     6   261     3   260     1   271 0.96 -
YP_006955543.1       -            279 tet_sul2             -            272   3.7e-82  281.4   3.8   1   1   1.6e-85   4.3e-82  281.2   3.8     6   261     3   260     1   271 0.96 -
YP_006957201.1       -            279 tet_sul2             -            272   3.7e-82  281.4   3.8   1   1   1.6e-85   4.3e-82  281.2   3.8     6   261     3   260     1   271 0.96 -
YP_006957929.1       -            279 tet_sul2             -            272   3.7e-82  281.4   3.8   1   1   1.6e-85   4.3e-82  281.2   3.8     6   261     3   260     1   271 0.96 -
YP_006959141.1       -            279 tet_sul2             -            272   3.7e-82  281.4   3.8   1   1   1.6e-85   4.3e-82  281.2   3.8     6   261     3   260     1   271 0.96 -
YP_006961979.1       -            279 tet_sul2             -            272   3.7e-82  281.4   3.8   1   1   1.6e-85   4.3e-82  281.2   3.8     6   261     3   260     1   271 0.96 -
YP_006964888.1       -            279 tet_sul2             -            272   3.7e-82  281.4   3.8   1   1   1.6e-85   4.3e-82  281.2   3.8     6   261     3   260     1   271 0.96 -
YP_006964900.1       -            279 tet_sul2             -            272   3.7e-82  281.4   3.8   1   1   1.6e-85   4.3e-82  281.2   3.8     6   261     3   260     1   271 0.96 -
YP_006965433.1       -            279 tet_sul2             -            272   3.7e-82  281.4   3.8   1   1   1.6e-85   4.3e-82  281.2   3.8     6   261     3   260     1   271 0.96 -
YP_006965436.1       -            279 tet_sul2             -            272   3.7e-82  281.4   3.8   1   1   1.6e-85   4.3e-82  281.2   3.8     6   261     3   260     1   271 0.96 -
YP_006965588.1       -            279 tet_sul2             -            272   3.7e-82  281.4   3.8   1   1   1.6e-85   4.3e-82  281.2   3.8     6   261     3   260     1   271 0.96 -
YP_006966038.1       -            279 tet_sul2             -            272   3.7e-82  281.4   3.8   1   1   1.6e-85   4.3e-82  281.2   3.8     6   261     3   260     1   271 0.96 -
YP_006966042.1       -            279 tet_sul2             -            272   3.7e-82  281.4   3.8   1   1   1.6e-85   4.3e-82  281.2   3.8     6   261     3   260     1   271 0.96 -
YP_007173667.1       -            279 tet_sul2             -            272   3.7e-82  281.4   3.8   1   1   1.6e-85   4.3e-82  281.2   3.8     6   261     3   260     1   271 0.96 -
YP_007195402.1       -            279 tet_sul2             -            272   3.7e-82  281.4   3.8   1   1   1.6e-85   4.3e-82  281.2   3.8     6   261     3   260     1   271 0.96 -
YP_007195408.1       -            279 tet_sul2             -            272   3.7e-82  281.4   3.8   1   1   1.6e-85   4.3e-82  281.2   3.8     6   261     3   260     1   271 0.96 -
YP_007215131.1       -            279 tet_sul2             -            272   3.7e-82  281.4   3.8   1   1   1.6e-85   4.3e-82  281.2   3.8     6   261     3   260     1   271 0.96 -
YP_007316626.1       -            279 tet_sul2             -            272   3.7e-82  281.4   3.8   1   1   1.6e-85   4.3e-82  281.2   3.8     6   261     3   260     1   271 0.96 -
YP_007316641.1       -            279 tet_sul2             -            272   3.7e-82  281.4   3.8   1   1   1.6e-85   4.3e-82  281.2   3.8     6   261     3   260     1   271 0.96 -
YP_007316648.1       -            279 tet_sul2             -            272   3.7e-82  281.4   3.8   1   1   1.6e-85   4.3e-82  281.2   3.8     6   261     3   260     1   271 0.96 -
YP_007316663.1       -            279 tet_sul2             -            272   3.7e-82  281.4   3.8   1   1   1.6e-85   4.3e-82  281.2   3.8     6   261     3   260     1   271 0.96 -
YP_007316697.1       -            279 tet_sul2             -            272   3.7e-82  281.4   3.8   1   1   1.6e-85   4.3e-82  281.2   3.8     6   261     3   260     1   271 0.96 -
YP_007316712.1       -            279 tet_sul2             -            272   3.7e-82  281.4   3.8   1   1   1.6e-85   4.3e-82  281.2   3.8     6   261     3   260     1   271 0.96 -
YP_007888633.1       -            279 tet_sul2             -            272   3.7e-82  281.4   3.8   1   1   1.6e-85   4.3e-82  281.2   3.8     6   261     3   260     1   271 0.96 -
YP_007936906.1       -            279 tet_sul2             -            272   3.7e-82  281.4   3.8   1   1   1.6e-85   4.3e-82  281.2   3.8     6   261     3   260     1   271 0.96 -
YP_007969562.1       -            279 tet_sul2             -            272   3.7e-82  281.4   3.8   1   1   1.6e-85   4.3e-82  281.2   3.8     6   261     3   260     1   271 0.96 -
YP_008130449.1       -            279 tet_sul2             -            272   3.7e-82  281.4   3.8   1   1   1.6e-85   4.3e-82  281.2   3.8     6   261     3   260     1   271 0.96 -
YP_008167120.1       -            279 tet_sul2             -            272   3.7e-82  281.4   3.8   1   1   1.6e-85   4.3e-82  281.2   3.8     6   261     3   260     1   271 0.96 -
YP_008167129.1       -            279 tet_sul2             -            272   3.7e-82  281.4   3.8   1   1   1.6e-85   4.3e-82  281.2   3.8     6   261     3   260     1   271 0.96 -
YP_008508479.1       -            279 tet_sul2             -            272   3.7e-82  281.4   3.8   1   1   1.6e-85   4.3e-82  281.2   3.8     6   261     3   260     1   271 0.96 -
YP_008574825.1       -            279 tet_sul2             -            272   3.7e-82  281.4   3.8   1   1   1.6e-85   4.3e-82  281.2   3.8     6   261     3   260     1   271 0.96 -
YP_008691685.1       -            279 tet_sul2             -            272   3.7e-82  281.4   3.8   1   1   1.6e-85   4.3e-82  281.2   3.8     6   261     3   260     1   271 0.96 -
YP_008997878.1       -            279 tet_sul2             -            272   3.7e-82  281.4   3.8   1   1   1.6e-85   4.3e-82  281.2   3.8     6   261     3   260     1   271 0.96 -
YP_008997896.1       -            279 tet_sul2             -            272   3.7e-82  281.4   3.8   1   1   1.6e-85   4.3e-82  281.2   3.8     6   261     3   260     1   271 0.96 -
YP_008998378.1       -            279 tet_sul2             -            272   3.7e-82  281.4   3.8   1   1   1.6e-85   4.3e-82  281.2   3.8     6   261     3   260     1   271 0.96 -
YP_008999097.1       -            279 tet_sul2             -            272   3.7e-82  281.4   3.8   1   1   1.6e-85   4.3e-82  281.2   3.8     6   261     3   260     1   271 0.96 -
YP_009022257.1       -            279 tet_sul2             -            272   3.7e-82  281.4   3.8   1   1   1.6e-85   4.3e-82  281.2   3.8     6   261     3   260     1   271 0.96 -
YP_009022261.1       -            279 tet_sul2             -            272   3.7e-82  281.4   3.8   1   1   1.6e-85   4.3e-82  281.2   3.8     6   261     3   260     1   271 0.96 -
YP_009023055.1       -            279 tet_sul2             -            272   3.7e-82  281.4   3.8   1   1   1.6e-85   4.3e-82  281.2   3.8     6   261     3   260     1   271 0.96 -
YP_009023104.1       -            279 tet_sul2             -            272   3.7e-82  281.4   3.8   1   1   1.6e-85   4.3e-82  281.2   3.8     6   261     3   260     1   271 0.96 -
YP_009023518.1       -            279 tet_sul2             -            272   3.7e-82  281.4   3.8   1   1   1.6e-85   4.3e-82  281.2   3.8     6   261     3   260     1   271 0.96 -
YP_009023527.1       -            279 tet_sul2             -            272   3.7e-82  281.4   3.8   1   1   1.6e-85   4.3e-82  281.2   3.8     6   261     3   260     1   271 0.96 -
YP_009023551.1       -            279 tet_sul2             -            272   3.7e-82  281.4   3.8   1   1   1.6e-85   4.3e-82  281.2   3.8     6   261     3   260     1   271 0.96 -
YP_009060115.1       -            279 tet_sul2             -            272   3.7e-82  281.4   3.8   1   1   1.6e-85   4.3e-82  281.2   3.8     6   261     3   260     1   271 0.96 -
YP_009061085.1       -            279 tet_sul2             -            272   3.7e-82  281.4   3.8   1   1   1.6e-85   4.3e-82  281.2   3.8     6   261     3   260     1   271 0.96 -
YP_009062569.1       -            279 tet_sul2             -            272   3.7e-82  281.4   3.8   1   1   1.6e-85   4.3e-82  281.2   3.8     6   261     3   260     1   271 0.96 -
YP_009067914.1       -            279 tet_sul2             -            272   3.7e-82  281.4   3.8   1   1   1.6e-85   4.3e-82  281.2   3.8     6   261     3   260     1   271 0.96 -
YP_009068292.1       -            279 tet_sul2             -            272   3.7e-82  281.4   3.8   1   1   1.6e-85   4.3e-82  281.2   3.8     6   261     3   260     1   271 0.96 -
YP_009070794.1       -            279 tet_sul2             -            272   3.7e-82  281.4   3.8   1   1   1.6e-85   4.3e-82  281.2   3.8     6   261     3   260     1   271 0.96 -
YP_009071812.1       -            279 tet_sul2             -            272   3.7e-82  281.4   3.8   1   1   1.6e-85   4.3e-82  281.2   3.8     6   261     3   260     1   271 0.96 -
YP_009182147.1       -            279 tet_sul2             -            272   3.7e-82  281.4   3.8   1   1   1.6e-85   4.3e-82  281.2   3.8     6   261     3   260     1   271 0.96 -
YP_009328496.1       -            279 tet_sul2             -            272   3.7e-82  281.4   3.8   1   1   1.6e-85   4.3e-82  281.2   3.8     6   261     3   260     1   271 0.96 -
YP_067852.1          -            279 tet_sul2             -            272   3.7e-82  281.4   3.8   1   1   1.6e-85   4.3e-82  281.2   3.8     6   261     3   260     1   271 0.96 -
YP_190215.1          -            279 tet_sul2             -            272   3.7e-82  281.4   3.8   1   1   1.6e-85   4.3e-82  281.2   3.8     6   261     3   260     1   271 0.96 -
YP_245438.1          -            279 tet_sul2             -            272   3.7e-82  281.4   3.8   1   1   1.6e-85   4.3e-82  281.2   3.8     6   261     3   260     1   271 0.96 -
YP_724471.1          -            279 tet_sul2             -            272   3.7e-82  281.4   3.8   1   1   1.6e-85   4.3e-82  281.2   3.8     6   261     3   260     1   271 0.96 -
WP_044719974.1       -            279 tet_sul2             -            272   3.7e-82  281.4   4.2   1   1   1.6e-85   4.3e-82  281.1   4.2     6   261     3   260     1   271 0.96 -
WP_063855103.1       -            279 tet_sul2             -            272   4.5e-82  281.1   4.0   1   1     2e-85   5.2e-82  280.9   4.0     6   261     3   260     1   271 0.96 -
WP_001336346.1       -            308 tet_sul2             -            272     5e-82  281.0   4.3   1   1   2.3e-85   6.2e-82  280.6   4.3     5   260    31   288    27   299 0.96 -
YP_001816598.1       -            308 tet_sul2             -            272     5e-82  281.0   4.3   1   1   2.3e-85   6.2e-82  280.6   4.3     5   260    31   288    27   299 0.96 -
YP_002527545.1       -            308 tet_sul2             -            272     5e-82  281.0   4.3   1   1   2.3e-85   6.2e-82  280.6   4.3     5   260    31   288    27   299 0.96 -
YP_002791513.1       -            308 tet_sul2             -            272     5e-82  281.0   4.3   1   1   2.3e-85   6.2e-82  280.6   4.3     5   260    31   288    27   299 0.96 -
YP_002791716.1       -            308 tet_sul2             -            272     5e-82  281.0   4.3   1   1   2.3e-85   6.2e-82  280.6   4.3     5   260    31   288    27   299 0.96 -
YP_002791829.1       -            308 tet_sul2             -            272     5e-82  281.0   4.3   1   1   2.3e-85   6.2e-82  280.6   4.3     5   260    31   288    27   299 0.96 -
YP_003108351.1       -            308 tet_sul2             -            272     5e-82  281.0   4.3   1   1   2.3e-85   6.2e-82  280.6   4.3     5   260    31   288    27   299 0.96 -
YP_003864164.1       -            308 tet_sul2             -            272     5e-82  281.0   4.3   1   1   2.3e-85   6.2e-82  280.6   4.3     5   260    31   288    27   299 0.96 -
YP_004032859.1       -            308 tet_sul2             -            272     5e-82  281.0   4.3   1   1   2.3e-85   6.2e-82  280.6   4.3     5   260    31   288    27   299 0.96 -
YP_005351817.1       -            308 tet_sul2             -            272     5e-82  281.0   4.3   1   1   2.3e-85   6.2e-82  280.6   4.3     5   260    31   288    27   299 0.96 -
YP_005351833.1       -            308 tet_sul2             -            272     5e-82  281.0   4.3   1   1   2.3e-85   6.2e-82  280.6   4.3     5   260    31   288    27   299 0.96 -
YP_005351846.1       -            308 tet_sul2             -            272     5e-82  281.0   4.3   1   1   2.3e-85   6.2e-82  280.6   4.3     5   260    31   288    27   299 0.96 -
YP_006953871.1       -            308 tet_sul2             -            272     5e-82  281.0   4.3   1   1   2.3e-85   6.2e-82  280.6   4.3     5   260    31   288    27   299 0.96 -
YP_006955301.1       -            308 tet_sul2             -            272     5e-82  281.0   4.3   1   1   2.3e-85   6.2e-82  280.6   4.3     5   260    31   288    27   299 0.96 -
YP_006955464.1       -            308 tet_sul2             -            272     5e-82  281.0   4.3   1   1   2.3e-85   6.2e-82  280.6   4.3     5   260    31   288    27   299 0.96 -
YP_007195506.1       -            308 tet_sul2             -            272     5e-82  281.0   4.3   1   1   2.3e-85   6.2e-82  280.6   4.3     5   260    31   288    27   299 0.96 -
YP_007509599.1       -            308 tet_sul2             -            272     5e-82  281.0   4.3   1   1   2.3e-85   6.2e-82  280.6   4.3     5   260    31   288    27   299 0.96 -
YP_008146261.1       -            308 tet_sul2             -            272     5e-82  281.0   4.3   1   1   2.3e-85   6.2e-82  280.6   4.3     5   260    31   288    27   299 0.96 -
YP_009066444.1       -            308 tet_sul2             -            272     5e-82  281.0   4.3   1   1   2.3e-85   6.2e-82  280.6   4.3     5   260    31   288    27   299 0.96 -
YP_009163987.1       -            308 tet_sul2             -            272     5e-82  281.0   4.3   1   1   2.3e-85   6.2e-82  280.6   4.3     5   260    31   288    27   299 0.96 -
NP_052895.3          -            288 tet_sul2             -            272   5.2e-82  280.9   4.7   1   1   2.3e-85   6.2e-82  280.6   4.7     5   261    11   269     7   280 0.96 -
WP_000451390.1       -            288 tet_sul2             -            272   5.2e-82  280.9   4.7   1   1   2.3e-85   6.2e-82  280.6   4.7     5   261    11   269     7   280 0.96 -
YP_008725247.1       -            288 tet_sul2             -            272   5.2e-82  280.9   4.7   1   1   2.3e-85   6.2e-82  280.6   4.7     5   261    11   269     7   280 0.96 -
YP_009023111.1       -            288 tet_sul2             -            272   5.2e-82  280.9   4.7   1   1   2.3e-85   6.2e-82  280.6   4.7     5   261    11   269     7   280 0.96 -
YP_009023192.1       -            288 tet_sul2             -            272   5.2e-82  280.9   4.7   1   1   2.3e-85   6.2e-82  280.6   4.7     5   261    11   269     7   280 0.96 -
YP_009023545.1       -            288 tet_sul2             -            272   5.2e-82  280.9   4.7   1   1   2.3e-85   6.2e-82  280.6   4.7     5   261    11   269     7   280 0.96 -
WP_000034420.1       -            263 tet_sul2             -            272   5.2e-82  280.9   0.0   1   1   2.2e-85   5.7e-82  280.8   0.0     7   264     4   262     1   263 0.98 -
YP_001598135.1       -            263 tet_sul2             -            272   5.2e-82  280.9   0.0   1   1   2.2e-85   5.7e-82  280.8   0.0     7   264     4   262     1   263 0.98 -
YP_006903502.1       -            263 tet_sul2             -            272   5.2e-82  280.9   0.0   1   1   2.2e-85   5.7e-82  280.8   0.0     7   264     4   262     1   263 0.98 -
YP_009068495.1       -            263 tet_sul2             -            272   5.2e-82  280.9   0.0   1   1   2.2e-85   5.7e-82  280.8   0.0     7   264     4   262     1   263 0.98 -
WP_000259029.1       -            259 tet_sul2             -            272   6.8e-82  280.5   3.1   1   1   3.1e-85   8.3e-82  280.2   3.1     6   256     3   255     1   258 0.97 -
YP_006953991.1       -            259 tet_sul2             -            272   6.8e-82  280.5   3.1   1   1   3.1e-85   8.3e-82  280.2   3.1     6   256     3   255     1   258 0.97 -
WP_032491228.1       -            279 tet_sul2             -            272   1.1e-81  279.8   4.0   1   1     5e-85   1.3e-81  279.6   4.0     6   261     3   260     1   271 0.96 -
WP_063855106.1       -            279 tet_sul2             -            272   1.3e-81  279.6   3.9   1   1   5.6e-85   1.5e-81  279.4   3.9     6   261     3   260     1   271 0.96 -
WP_032490976.1       -            279 tet_sul2             -            272   1.3e-81  279.5   3.5   1   1   5.9e-85   1.6e-81  279.3   3.5     6   261     3   260     1   271 0.96 -
WP_058685609.1       -            279 tet_sul2             -            272   1.9e-81  279.0   3.8   1   1   8.5e-85   2.2e-81  278.8   3.8     6   261     3   260     1   271 0.96 -
WP_032491570.1       -            279 tet_sul2             -            272     2e-81  279.0   3.9   1   1   8.6e-85   2.3e-81  278.8   3.9     6   261     3   260     1   271 0.96 -
WP_070180855.1       -            279 tet_sul2             -            272   2.1e-81  278.9   3.8   1   1   9.2e-85   2.4e-81  278.7   3.8     6   261     3   260     1   271 0.96 -
WP_032492024.1       -            279 tet_sul2             -            272   2.1e-81  278.9   3.8   1   1   9.2e-85   2.4e-81  278.7   3.8     6   261     3   260     1   271 0.96 -
WP_076606888.1       -            279 tet_sul2             -            272   2.1e-81  278.9   3.8   1   1   9.2e-85   2.4e-81  278.7   3.8     6   261     3   260     1   271 0.96 -
WP_104963091.1       -            279 tet_sul2             -            272   2.2e-81  278.8   4.3   1   1   9.7e-85   2.6e-81  278.6   4.3     6   261     3   260     1   271 0.96 -
WP_032491966.1       -            279 tet_sul2             -            272   2.3e-81  278.8   3.3   1   1     1e-84   2.7e-81  278.5   3.3     6   260     3   259     1   270 0.96 -
WP_012695459.1       -            308 tet_sul2             -            272   2.6e-81  278.6   4.2   1   1   1.2e-84   3.2e-81  278.3   4.2     5   260    31   288    27   299 0.96 -
YP_002791403.1       -            308 tet_sul2             -            272   2.6e-81  278.6   4.2   1   1   1.2e-84   3.2e-81  278.3   4.2     5   260    31   288    27   299 0.96 -
YP_002791713.1       -            308 tet_sul2             -            272   2.6e-81  278.6   4.2   1   1   1.2e-84   3.2e-81  278.3   4.2     5   260    31   288    27   299 0.96 -
WP_095866700.1       -            263 tet_sul2             -            272     3e-81  278.4   0.0   1   1   1.3e-84   3.3e-81  278.2   0.0     7   264     4   262     1   263 0.98 -
WP_085409097.1       -            279 tet_sul2             -            272   6.6e-81  277.3   4.2   1   1   2.9e-84   7.7e-81  277.1   4.2     6   261     3   260     1   271 0.96 -
WP_078081112.1       -            279 tet_sul2             -            272   2.9e-80  275.2   4.0   1   1   1.3e-83   3.4e-80  274.9   4.0     6   261     3   260     1   271 0.96 -
WP_032490794.1       -            279 tet_sul2             -            272   2.8e-79  271.9   3.0   1   1   1.2e-82   3.2e-79  271.7   3.0     6   261     3   260     1   271 0.96 -
WP_000259026.1       -            323 tet_sul2             -            272   4.9e-54  189.1   0.8   1   1   2.4e-57   6.3e-54  188.8   0.8     6   180     3   179     1   205 0.94 -
YP_005221015.1       -            323 tet_sul2             -            272   4.9e-54  189.1   0.8   1   1   2.4e-57   6.3e-54  188.8   0.8     6   180     3   179     1   205 0.94 -
WP_048817389.1       -            265 tet_sul2             -            272   3.5e-49  173.2   0.3   1   1   1.6e-52   4.2e-49  173.0   0.3     8   260     1   251     1   259 0.94 -
WP_050768204.1       -            275 tet_sul2             -            272   9.1e-41  145.6  10.0   1   1   4.2e-44   1.1e-40  145.3  10.0     8   265     1   263     1   267 0.85 -
WP_096610558.1       -            278 tet_sul2             -            272   5.2e-40  143.1   0.2   1   1   2.3e-43   6.2e-40  142.9   0.2     4   263    13   274    10   277 0.90 -
WP_096540758.1       -            286 tet_sul2             -            272   6.7e-40  142.8   2.6   1   1   3.1e-43   8.1e-40  142.5   2.6     7   269    20   283    16   286 0.92 -
WP_081315607.1       -            302 tet_sul2             -            272   5.5e-39  139.8   8.0   1   1   2.7e-42   7.1e-39  139.4   8.0     6   261    38   294    35   299 0.87 -
WP_076978331.1       -            179 tet_sul2             -            272   5.6e-39  139.7   0.2   1   1   3.5e-42   9.3e-39  139.0   0.2     6   179     3   178     1   179 0.89 -
WP_012945734.1       -            810 tet_sul2             -            272   7.8e-38  136.0   4.7   1   1   2.9e-41   7.8e-38  136.0   4.7     7   251   551   793   546   806 0.93 -
WP_109331927.1       -            392 tet_sul2             -            272   2.4e-37  134.4   1.2   1   1   1.4e-40   3.6e-37  133.8   1.2     6   257   128   377   126   387 0.89 -
WP_049954894.1       -            801 tet_sul2             -            272   4.8e-37  133.4   7.5   1   1     3e-40     8e-37  132.7   7.5     6   253   543   786   539   800 0.92 -
WP_015059564.1       -            124 tet_sul2             -            272   7.1e-37  132.9   0.2   1   1   3.1e-40   8.2e-37  132.6   0.2     6   117     3   114     1   119 0.97 -
YP_006956381.1       -            124 tet_sul2             -            272   7.1e-37  132.9   0.2   1   1   3.1e-40   8.2e-37  132.6   0.2     6   117     3   114     1   119 0.97 -
YP_006956695.1       -            124 tet_sul2             -            272   7.1e-37  132.9   0.2   1   1   3.1e-40   8.2e-37  132.6   0.2     6   117     3   114     1   119 0.97 -
WP_111070525.1       -            388 tet_sul2             -            272   7.6e-37  132.8   2.0   1   1   4.8e-40   1.3e-36  132.0   2.0     6   251   129   372   124   386 0.92 -
WP_014249899.1       -            388 tet_sul2             -            272   3.2e-36  130.7   4.6   1   2       0.4   1.1e+03    4.4   0.0   118   148    61    93    45   122 0.78 -
WP_014249899.1       -            388 tet_sul2             -            272   3.2e-36  130.7   4.6   2   2   2.2e-38   5.9e-35  126.6   2.5     6   251   129   372   124   386 0.92 -
WP_033648673.1       -            278 tet_sul2             -            272     8e-36  129.4   0.2   1   1   3.8e-39     1e-35  129.1   0.2     7   263    17   271    11   276 0.91 -
WP_050038313.1       -            799 tet_sul2             -            272   1.5e-35  128.5   7.4   1   1   1.3e-38   3.4e-35  127.3   7.4     7   266   536   788   532   793 0.92 -
WP_012540474.1       -            282 tet_sul2             -            272   2.2e-35  127.9   0.0   1   1   1.1e-38   2.9e-35  127.6   0.0     7   263    17   271    14   280 0.91 -
WP_011222755.1       -            799 tet_sul2             -            272   2.4e-35  127.9   6.1   1   1   1.7e-38   4.4e-35  127.0   6.1     7   266   536   788   532   793 0.92 -
WP_000764711.1       -            282 tet_sul2             -            272   4.7e-35  126.9   0.1   1   1   2.2e-38   5.9e-35  126.6   0.1     7   263    17   271    14   280 0.92 -
WP_014031177.1       -            799 tet_sul2             -            272   8.7e-35  126.0   7.0   1   1   6.7e-38   1.8e-34  125.0   7.0     7   266   536   788   532   793 0.92 -
WP_012978265.1       -            385 tet_sul2             -            272   9.1e-35  125.9   3.5   1   1   6.1e-38   1.6e-34  125.1   3.5     6   254   125   371   121   382 0.91 -
WP_081051235.1       -            295 tet_sul2             -            272   2.2e-34  124.7   7.7   1   1   1.1e-37   2.8e-34  124.3   7.7     4   258    24   279    21   284 0.90 -
WP_088835987.1       -            263 tet_sul2             -            272   8.4e-33  119.5   0.2   1   1   3.8e-36     1e-32  119.2   0.2     7   259     4   249     1   259 0.91 -
WP_024639746.1       -            283 tet_sul2             -            272   3.8e-32  117.3   3.7   1   1   1.7e-35   4.5e-32  117.1   3.7     7   265    24   280    20   283 0.93 -
WP_060498446.1       -            283 tet_sul2             -            272   2.7e-31  114.6   5.3   1   1   1.2e-34   3.2e-31  114.3   5.3     7   266    24   281    20   283 0.91 -
WP_014407063.1       -             78 tet_sul2             -            272   1.8e-25   95.5   0.2   1   1   7.6e-29     2e-25   95.3   0.2     1    47     1    47     1    56 0.97 -
WP_101987966.1       -            110 tet_sul2             -            272   4.2e-18   71.3   0.1   1   1   1.7e-21   4.4e-18   71.2   0.1     6    77     3    74     1    96 0.94 -
WP_060595142.1       -            294 tet_sul2             -            272   6.4e-17   67.4   8.7   1   1     3e-20   8.1e-17   67.1   8.7     6   265    23   281    19   289 0.86 -
WP_088172505.1       -             98 tet_sul2             -            272     3e-13   55.4   0.1   1   1   1.3e-16   3.4e-13   55.2   0.1     6    69     3    66     1    76 0.93 -
WP_009228218.1       -            281 tet_sul2             -            272   3.3e-11   48.7   0.0   1   1     1e-13   2.7e-10   45.7   0.0     6   264    18   272    15   278 0.78 -
#
# Program:         hmmsearch
# Version:         3.1b2 (February 2015)
# Pipeline mode:   SEARCH
# Query file:      /mnt/research/ShadeLab/Dunivin/gene_targeted_assembly/RDPTools/Xander_assembler/gene_resource/sul2/originaldata/sul2.hmm
# Target file:     /mnt/research/ShadeLab/Dunivin/hmmsearch/refseq/protein_files/plasmid.protein.fa
# Option settings: /opt/software/HMMER/3.1b2--GCC-4.8.3/bin/hmmsearch -o /mnt/research/ShadeLab/Dunivin/hmmsearch/refseq/hmm_outputs/sul2.plasmid.protein.fa.stdout.txt -A /mnt/research/ShadeLab/Dunivin/hmmsearch/refseq/hmm_outputs/sul2.plasmid.protein.fa.alignment.0.0000000001.txt --domtblout /mnt/research/ShadeLab/Dunivin/hmmsearch/refseq/hmm_outputs/sul2.plasmid.protein.fa.0.0000000001.tbl.txt -E 0.0000000001 --cpu 8 /mnt/research/ShadeLab/Dunivin/gene_targeted_assembly/RDPTools/Xander_assembler/gene_resource/sul2/originaldata/sul2.hmm /mnt/research/ShadeLab/Dunivin/hmmsearch/refseq/protein_files/plasmid.protein.fa 
# Current dir:     /mnt/research/ShadeLab/Dunivin/hmmsearch/bin
# Date:            Wed Jul 25 14:07:41 2018
# [ok]
