#                                                                            --- full sequence --- -------------- this domain -------------   hmm coord   ali coord   env coord
# target name        accession   tlen query name           accession   qlen   E-value  score  bias   #  of  c-Evalue  i-Evalue  score  bias  from    to  from    to  from    to  acc description of target
#------------------- ---------- ----- -------------------- ---------- ----- --------- ------ ----- --- --- --------- --------- ------ ----- ----- ----- ----- ----- ----- ----- ---- ---------------------
WP_001039466.1       -            394 Resfam_TetD          -            394  1.2e-265  886.3  34.1   1   1  3.9e-269  1.3e-265  886.1  34.1     1   394     1   394     1   394 1.00 -
YP_001966176.1       -            394 Resfam_TetD          -            394  1.2e-265  886.3  34.1   1   1  3.9e-269  1.3e-265  886.1  34.1     1   394     1   394     1   394 1.00 -
YP_002791388.1       -            394 Resfam_TetD          -            394  1.2e-265  886.3  34.1   1   1  3.9e-269  1.3e-265  886.1  34.1     1   394     1   394     1   394 1.00 -
YP_002791698.1       -            394 Resfam_TetD          -            394  1.2e-265  886.3  34.1   1   1  3.9e-269  1.3e-265  886.1  34.1     1   394     1   394     1   394 1.00 -
YP_002995632.1       -            394 Resfam_TetD          -            394  1.2e-265  886.3  34.1   1   1  3.9e-269  1.3e-265  886.1  34.1     1   394     1   394     1   394 1.00 -
YP_002995713.1       -            394 Resfam_TetD          -            394  1.2e-265  886.3  34.1   1   1  3.9e-269  1.3e-265  886.1  34.1     1   394     1   394     1   394 1.00 -
YP_003023972.1       -            394 Resfam_TetD          -            394  1.2e-265  886.3  34.1   1   1  3.9e-269  1.3e-265  886.1  34.1     1   394     1   394     1   394 1.00 -
YP_007349484.1       -            394 Resfam_TetD          -            394  1.2e-265  886.3  34.1   1   1  3.9e-269  1.3e-265  886.1  34.1     1   394     1   394     1   394 1.00 -
YP_908417.1          -            394 Resfam_TetD          -            394  1.2e-265  886.3  34.1   1   1  3.9e-269  1.3e-265  886.1  34.1     1   394     1   394     1   394 1.00 -
YP_908601.1          -            394 Resfam_TetD          -            394  1.2e-265  886.3  34.1   1   1  3.9e-269  1.3e-265  886.1  34.1     1   394     1   394     1   394 1.00 -
WP_063856075.1       -            394 Resfam_TetD          -            394  1.8e-265  885.7  34.2   1   1    6e-269  2.1e-265  885.5  34.2     1   394     1   394     1   394 1.00 -
WP_108996614.1       -            394 Resfam_TetD          -            394  4.1e-265  884.5  34.0   1   1  1.3e-268  4.6e-265  884.4  34.0     1   394     1   394     1   394 1.00 -
NP_052931.1          -            401 Resfam_TetD          -            394  1.6e-154  520.4  28.6   1   1  5.6e-158  1.9e-154  520.1  28.6     1   381     1   383     1   393 0.96 -
NP_941291.1          -            401 Resfam_TetD          -            394  1.6e-154  520.4  28.6   1   1  5.6e-158  1.9e-154  520.1  28.6     1   381     1   383     1   393 0.96 -
WP_001089072.1       -            401 Resfam_TetD          -            394  1.6e-154  520.4  28.6   1   1  5.6e-158  1.9e-154  520.1  28.6     1   381     1   383     1   393 0.96 -
YP_001096450.1       -            401 Resfam_TetD          -            394  1.6e-154  520.4  28.6   1   1  5.6e-158  1.9e-154  520.1  28.6     1   381     1   383     1   393 0.96 -
YP_001101850.1       -            401 Resfam_TetD          -            394  1.6e-154  520.4  28.6   1   1  5.6e-158  1.9e-154  520.1  28.6     1   381     1   383     1   393 0.96 -
YP_009060383.1       -            401 Resfam_TetD          -            394  1.6e-154  520.4  28.6   1   1  5.6e-158  1.9e-154  520.1  28.6     1   381     1   383     1   393 0.96 -
WP_012881330.1       -            402 Resfam_TetD          -            394    5e-154  518.8  28.5   1   1  1.8e-157  6.1e-154  518.5  28.5     1   381     1   383     1   394 0.96 -
YP_003329461.1       -            402 Resfam_TetD          -            394    5e-154  518.8  28.5   1   1  1.8e-157  6.1e-154  518.5  28.5     1   381     1   383     1   394 0.96 -
WP_001089064.1       -            401 Resfam_TetD          -            394  5.2e-154  518.7  28.5   1   1  1.8e-157  6.3e-154  518.4  28.5     1   381     1   383     1   393 0.96 -
YP_006956556.1       -            401 Resfam_TetD          -            394  5.2e-154  518.7  28.5   1   1  1.8e-157  6.3e-154  518.4  28.5     1   381     1   383     1   393 0.96 -
YP_006957169.1       -            401 Resfam_TetD          -            394  5.2e-154  518.7  28.5   1   1  1.8e-157  6.3e-154  518.4  28.5     1   381     1   383     1   393 0.96 -
YP_009328481.1       -            401 Resfam_TetD          -            394  5.2e-154  518.7  28.5   1   1  1.8e-157  6.3e-154  518.4  28.5     1   381     1   383     1   393 0.96 -
WP_010446567.1       -            401 Resfam_TetD          -            394  7.3e-154  518.2  28.3   1   1  2.5e-157  8.8e-154  518.0  28.3     1   381     1   383     1   393 0.96 -
WP_021038254.1       -            418 Resfam_TetD          -            394  7.4e-154  518.2  28.8   1   1  2.6e-157    9e-154  517.9  28.8     1   381    24   406    24   415 0.96 -
YP_008567636.1       -            418 Resfam_TetD          -            394  7.4e-154  518.2  28.8   1   1  2.6e-157    9e-154  517.9  28.8     1   381    24   406    24   415 0.96 -
NP_058295.1          -            401 Resfam_TetD          -            394  8.4e-154  518.0  28.9   1   1  2.9e-157    1e-153  517.8  28.9     1   381     1   383     1   393 0.96 -
NP_569429.1          -            401 Resfam_TetD          -            394  8.4e-154  518.0  28.9   1   1  2.9e-157    1e-153  517.8  28.9     1   381     1   383     1   393 0.96 -
NP_863368.1          -            401 Resfam_TetD          -            394  8.4e-154  518.0  28.9   1   1  2.9e-157    1e-153  517.8  28.9     1   381     1   383     1   393 0.96 -
WP_001089068.1       -            401 Resfam_TetD          -            394  8.4e-154  518.0  28.9   1   1  2.9e-157    1e-153  517.8  28.9     1   381     1   383     1   393 0.96 -
YP_001551912.1       -            401 Resfam_TetD          -            394  8.4e-154  518.0  28.9   1   1  2.9e-157    1e-153  517.8  28.9     1   381     1   383     1   393 0.96 -
YP_001746874.1       -            401 Resfam_TetD          -            394  8.4e-154  518.0  28.9   1   1  2.9e-157    1e-153  517.8  28.9     1   381     1   383     1   393 0.96 -
YP_001816585.1       -            401 Resfam_TetD          -            394  8.4e-154  518.0  28.9   1   1  2.9e-157    1e-153  517.8  28.9     1   381     1   383     1   393 0.96 -
YP_002291038.1       -            401 Resfam_TetD          -            394  8.4e-154  518.0  28.9   1   1  2.9e-157    1e-153  517.8  28.9     1   381     1   383     1   393 0.96 -
YP_002456172.1       -            401 Resfam_TetD          -            394  8.4e-154  518.0  28.9   1   1  2.9e-157    1e-153  517.8  28.9     1   381     1   383     1   393 0.96 -
YP_004823716.1       -            401 Resfam_TetD          -            394  8.4e-154  518.0  28.9   1   1  2.9e-157    1e-153  517.8  28.9     1   381     1   383     1   393 0.96 -
YP_006956010.1       -            401 Resfam_TetD          -            394  8.4e-154  518.0  28.9   1   1  2.9e-157    1e-153  517.8  28.9     1   381     1   383     1   393 0.96 -
YP_006970885.1       -            401 Resfam_TetD          -            394  8.4e-154  518.0  28.9   1   1  2.9e-157    1e-153  517.8  28.9     1   381     1   383     1   393 0.96 -
YP_006971013.1       -            401 Resfam_TetD          -            394  8.4e-154  518.0  28.9   1   1  2.9e-157    1e-153  517.8  28.9     1   381     1   383     1   393 0.96 -
YP_008995191.1       -            401 Resfam_TetD          -            394  8.4e-154  518.0  28.9   1   1  2.9e-157    1e-153  517.8  28.9     1   381     1   383     1   393 0.96 -
YP_008997394.1       -            401 Resfam_TetD          -            394  8.4e-154  518.0  28.9   1   1  2.9e-157    1e-153  517.8  28.9     1   381     1   383     1   393 0.96 -
WP_002035597.1       -            407 Resfam_TetD          -            394  8.8e-154  517.9  28.9   1   1  3.1e-157  1.1e-153  517.7  28.9     1   381     7   389     7   399 0.96 -
YP_009023315.1       -            407 Resfam_TetD          -            394  8.8e-154  517.9  28.9   1   1  3.1e-157  1.1e-153  517.7  28.9     1   381     7   389     7   399 0.96 -
WP_031944061.1       -            401 Resfam_TetD          -            394  9.1e-154  517.9  28.5   1   1  3.2e-157  1.1e-153  517.6  28.5     1   381     1   383     1   393 0.96 -
YP_009062141.1       -            401 Resfam_TetD          -            394  9.1e-154  517.9  28.5   1   1  3.2e-157  1.1e-153  517.6  28.5     1   381     1   383     1   393 0.96 -
WP_012600019.1       -            417 Resfam_TetD          -            394  9.7e-154  517.8  28.9   1   1  3.4e-157  1.2e-153  517.5  28.9     1   381    17   399    17   409 0.96 -
YP_002405954.1       -            417 Resfam_TetD          -            394  9.7e-154  517.8  28.9   1   1  3.4e-157  1.2e-153  517.5  28.9     1   381    17   399    17   409 0.96 -
YP_006940241.1       -            417 Resfam_TetD          -            394  9.7e-154  517.8  28.9   1   1  3.4e-157  1.2e-153  517.5  28.9     1   381    17   399    17   409 0.96 -
WP_063964002.1       -            401 Resfam_TetD          -            394  1.5e-153  517.2  28.2   1   1  5.2e-157  1.8e-153  516.9  28.2     1   381     1   383     1   393 0.96 -
WP_011255120.1       -            424 Resfam_TetD          -            394  1.8e-153  516.9  28.2   1   1  6.5e-157  2.2e-153  516.6  28.2     1   381    24   406    24   416 0.96 -
YP_195816.1          -            424 Resfam_TetD          -            394  1.8e-153  516.9  28.2   1   1  6.5e-157  2.2e-153  516.6  28.2     1   381    24   406    24   416 0.96 -
WP_014386815.1       -            401 Resfam_TetD          -            394  2.6e-153  516.4  28.4   1   1  9.2e-157  3.2e-153  516.1  28.4     1   381     1   383     1   393 0.96 -
YP_005352589.1       -            401 Resfam_TetD          -            394  2.6e-153  516.4  28.4   1   1  9.2e-157  3.2e-153  516.1  28.4     1   381     1   383     1   393 0.96 -
WP_031942563.1       -            401 Resfam_TetD          -            394  1.7e-152  513.7  26.6   1   1  5.9e-156    2e-152  513.5  26.6     1   381     1   383     1   393 0.96 -
YP_009062970.1       -            401 Resfam_TetD          -            394  1.7e-152  513.7  26.6   1   1  5.9e-156    2e-152  513.5  26.6     1   381     1   383     1   393 0.96 -
WP_032490133.1       -            401 Resfam_TetD          -            394  2.9e-152  513.0  28.6   1   1    1e-155  3.5e-152  512.7  28.6     1   381     1   383     1   393 0.96 -
WP_031204920.1       -            403 Resfam_TetD          -            394  1.6e-146  494.1  25.5   1   1  5.4e-150  1.9e-146  493.8  25.5     1   386     1   391     1   396 0.96 -
WP_032073035.1       -            385 Resfam_TetD          -            394    7e-146  491.9  27.1   1   1  2.4e-149  8.4e-146  491.7  27.1    17   381     1   367     1   377 0.96 -
YP_009067405.1       -            385 Resfam_TetD          -            394    7e-146  491.9  27.1   1   1  2.4e-149  8.4e-146  491.7  27.1    17   381     1   367     1   377 0.96 -
WP_069971687.1       -            403 Resfam_TetD          -            394  1.1e-145  491.2  25.1   1   1  3.9e-149  1.4e-145  491.0  25.1     1   386     1   391     1   396 0.96 -
WP_011899270.1       -            405 Resfam_TetD          -            394  3.4e-138  466.6  29.7   1   1  1.2e-141  4.2e-138  466.3  29.7     1   381     1   384     1   392 0.97 -
WP_017411290.1       -            405 Resfam_TetD          -            394  8.5e-138  465.3  30.0   1   1  2.9e-141    1e-137  465.1  30.0     1   381     1   384     1   393 0.97 -
WP_014343702.1       -            405 Resfam_TetD          -            394  4.4e-137  463.0  30.3   1   1  1.5e-140  5.2e-137  462.7  30.3     1   381     1   384     1   393 0.97 -
YP_005230999.1       -            405 Resfam_TetD          -            394  4.4e-137  463.0  30.3   1   1  1.5e-140  5.2e-137  462.7  30.3     1   381     1   384     1   393 0.97 -
WP_032490168.1       -            405 Resfam_TetD          -            394  3.1e-136  460.2  29.8   1   1  1.1e-139  3.7e-136  459.9  29.8     1   381     1   384     1   392 0.97 -
WP_006248867.1       -            400 Resfam_TetD          -            394    6e-128  432.9  26.6   1   1  2.1e-131  7.1e-128  432.6  26.6     1   391     1   395     1   398 0.95 -
YP_001966263.1       -            400 Resfam_TetD          -            394    6e-128  432.9  26.6   1   1  2.1e-131  7.1e-128  432.6  26.6     1   391     1   395     1   398 0.95 -
YP_006960706.1       -            400 Resfam_TetD          -            394    6e-128  432.9  26.6   1   1  2.1e-131  7.1e-128  432.6  26.6     1   391     1   395     1   398 0.95 -
YP_009065932.1       -            400 Resfam_TetD          -            394    6e-128  432.9  26.6   1   1  2.1e-131  7.1e-128  432.6  26.6     1   391     1   395     1   398 0.95 -
YP_009065935.1       -            400 Resfam_TetD          -            394    6e-128  432.9  26.6   1   1  2.1e-131  7.1e-128  432.6  26.6     1   391     1   395     1   398 0.95 -
YP_009065954.1       -            400 Resfam_TetD          -            394    6e-128  432.9  26.6   1   1  2.1e-131  7.1e-128  432.6  26.6     1   391     1   395     1   398 0.95 -
WP_015328224.1       -            393 Resfam_TetD          -            394    1e-127  432.1  25.4   1   1  3.3e-131  1.1e-127  432.0  25.4     1   382     1   385     1   393 0.95 -
YP_007316612.1       -            393 Resfam_TetD          -            394    1e-127  432.1  25.4   1   1  3.3e-131  1.1e-127  432.0  25.4     1   382     1   385     1   393 0.95 -
WP_015589629.1       -            393 Resfam_TetD          -            394  1.4e-127  431.6  26.1   1   1  4.6e-131  1.6e-127  431.5  26.1     1   383     1   386     1   393 0.95 -
YP_007905966.1       -            393 Resfam_TetD          -            394  1.4e-127  431.6  26.1   1   1  4.6e-131  1.6e-127  431.5  26.1     1   383     1   386     1   393 0.95 -
WP_063856078.1       -            400 Resfam_TetD          -            394  2.7e-127  430.8  26.2   1   1  9.2e-131  3.2e-127  430.5  26.2     1   391     1   395     1   398 0.95 -
WP_012209823.1       -            392 Resfam_TetD          -            394  2.8e-127  430.7  26.6   1   1  9.8e-131  3.4e-127  430.4  26.6     1   381     1   384     1   391 0.96 -
YP_001569046.1       -            392 Resfam_TetD          -            394  2.8e-127  430.7  26.6   1   1  9.8e-131  3.4e-127  430.4  26.6     1   381     1   384     1   391 0.96 -
WP_034065994.1       -            391 Resfam_TetD          -            394  2.2e-126  427.7  29.5   1   1  7.9e-130  2.7e-126  427.4  29.5     1   380     1   382     1   389 0.95 -
WP_001257840.1       -            391 Resfam_TetD          -            394  3.4e-125  423.8  29.3   1   1  1.2e-128  4.2e-125  423.5  29.3     1   380     1   382     1   389 0.95 -
YP_005221011.1       -            391 Resfam_TetD          -            394  3.4e-125  423.8  29.3   1   1  1.2e-128  4.2e-125  423.5  29.3     1   380     1   382     1   389 0.95 -
WP_032488557.1       -            393 Resfam_TetD          -            394  1.4e-124  421.8  28.9   1   1  4.9e-128  1.7e-124  421.5  28.9     1   380     1   382     1   390 0.95 -
WP_011931119.1       -            391 Resfam_TetD          -            394    5e-114  387.1  29.5   1   1  1.7e-117    6e-114  386.8  29.5     1   383     1   382     1   389 0.96 -
YP_001220608.1       -            391 Resfam_TetD          -            394    5e-114  387.1  29.5   1   1  1.7e-117    6e-114  386.8  29.5     1   383     1   382     1   389 0.96 -
WP_013851372.1       -            399 Resfam_TetD          -            394  8.8e-114  386.3  23.4   1   1  3.2e-117  1.1e-113  385.9  23.4     2   378     4   382     3   387 0.97 -
YP_004558220.1       -            399 Resfam_TetD          -            394  8.8e-114  386.3  23.4   1   1  3.2e-117  1.1e-113  385.9  23.4     2   378     4   382     3   387 0.97 -
WP_025732387.1       -            399 Resfam_TetD          -            394  1.7e-113  385.3  24.2   1   1  6.2e-117  2.1e-113  385.0  24.2     2   378     4   382     3   387 0.97 -
WP_063097389.1       -            399 Resfam_TetD          -            394  1.9e-113  385.2  24.4   1   1    7e-117  2.4e-113  384.8  24.4     2   378     4   382     3   389 0.97 -
WP_063855887.1       -            399 Resfam_TetD          -            394  2.5e-113  384.7  23.7   1   1  9.4e-117  3.2e-113  384.4  23.7     2   378     4   382     3   387 0.97 -
WP_031942321.1       -            399 Resfam_TetD          -            394  3.3e-113  384.4  23.4   1   1  1.2e-116  4.1e-113  384.1  23.4     2   378     4   382     3   387 0.97 -
YP_009061934.1       -            399 Resfam_TetD          -            394  3.3e-113  384.4  23.4   1   1  1.2e-116  4.1e-113  384.1  23.4     2   378     4   382     3   387 0.97 -
WP_001493765.1       -            399 Resfam_TetD          -            394  4.2e-113  384.0  23.6   1   1  1.6e-116  5.4e-113  383.7  23.6     2   378     4   382     3   387 0.97 -
YP_009068689.1       -            399 Resfam_TetD          -            394  4.2e-113  384.0  23.6   1   1  1.6e-116  5.4e-113  383.7  23.6     2   378     4   382     3   387 0.97 -
WP_077248803.1       -            399 Resfam_TetD          -            394  4.6e-113  383.9  24.2   1   1  1.7e-116  5.9e-113  383.5  24.2     2   378     4   382     3   387 0.97 -
NP_957551.1          -            399 Resfam_TetD          -            394  4.8e-113  383.8  23.9   1   1  1.8e-116  6.1e-113  383.5  23.9     2   378     4   382     3   387 0.97 -
WP_000804064.1       -            399 Resfam_TetD          -            394  4.8e-113  383.8  23.9   1   1  1.8e-116  6.1e-113  383.5  23.9     2   378     4   382     3   387 0.97 -
YP_001551809.1       -            399 Resfam_TetD          -            394  4.8e-113  383.8  23.9   1   1  1.8e-116  6.1e-113  383.5  23.9     2   378     4   382     3   387 0.97 -
YP_001911158.1       -            399 Resfam_TetD          -            394  4.8e-113  383.8  23.9   1   1  1.8e-116  6.1e-113  383.5  23.9     2   378     4   382     3   387 0.97 -
YP_002291079.1       -            399 Resfam_TetD          -            394  4.8e-113  383.8  23.9   1   1  1.8e-116  6.1e-113  383.5  23.9     2   378     4   382     3   387 0.97 -
YP_006162222.1       -            399 Resfam_TetD          -            394  4.8e-113  383.8  23.9   1   1  1.8e-116  6.1e-113  383.5  23.9     2   378     4   382     3   387 0.97 -
YP_006955310.1       -            399 Resfam_TetD          -            394  4.8e-113  383.8  23.9   1   1  1.8e-116  6.1e-113  383.5  23.9     2   378     4   382     3   387 0.97 -
YP_006955473.1       -            399 Resfam_TetD          -            394  4.8e-113  383.8  23.9   1   1  1.8e-116  6.1e-113  383.5  23.9     2   378     4   382     3   387 0.97 -
YP_006955535.1       -            399 Resfam_TetD          -            394  4.8e-113  383.8  23.9   1   1  1.8e-116  6.1e-113  383.5  23.9     2   378     4   382     3   387 0.97 -
YP_008997867.1       -            399 Resfam_TetD          -            394  4.8e-113  383.8  23.9   1   1  1.8e-116  6.1e-113  383.5  23.9     2   378     4   382     3   387 0.97 -
YP_009060101.1       -            399 Resfam_TetD          -            394  4.8e-113  383.8  23.9   1   1  1.8e-116  6.1e-113  383.5  23.9     2   378     4   382     3   387 0.97 -
YP_009062557.1       -            399 Resfam_TetD          -            394  4.8e-113  383.8  23.9   1   1  1.8e-116  6.1e-113  383.5  23.9     2   378     4   382     3   387 0.97 -
YP_067901.1          -            399 Resfam_TetD          -            394  4.8e-113  383.8  23.9   1   1  1.8e-116  6.1e-113  383.5  23.9     2   378     4   382     3   387 0.97 -
YP_190205.1          -            399 Resfam_TetD          -            394  4.8e-113  383.8  23.9   1   1  1.8e-116  6.1e-113  383.5  23.9     2   378     4   382     3   387 0.97 -
YP_194897.1          -            399 Resfam_TetD          -            394  4.8e-113  383.8  23.9   1   1  1.8e-116  6.1e-113  383.5  23.9     2   378     4   382     3   387 0.97 -
WP_032153701.1       -            399 Resfam_TetD          -            394  4.8e-113  383.8  23.8   1   1  1.8e-116  6.2e-113  383.5  23.8     2   378     4   382     3   389 0.97 -
WP_047706567.1       -            396 Resfam_TetD          -            394  4.9e-113  383.8  24.1   1   1  1.7e-116    6e-113  383.5  24.1     2   378     4   382     3   394 0.97 -
WP_000804063.1       -            399 Resfam_TetD          -            394  5.4e-113  383.6  24.1   1   1    2e-116  6.9e-113  383.3  24.1     2   378     4   382     3   389 0.97 -
YP_006956309.1       -            399 Resfam_TetD          -            394  5.4e-113  383.6  24.1   1   1    2e-116  6.9e-113  383.3  24.1     2   378     4   382     3   389 0.97 -
YP_006956623.1       -            399 Resfam_TetD          -            394  5.4e-113  383.6  24.1   1   1    2e-116  6.9e-113  383.3  24.1     2   378     4   382     3   389 0.97 -
YP_006956999.1       -            399 Resfam_TetD          -            394  5.4e-113  383.6  24.1   1   1    2e-116  6.9e-113  383.3  24.1     2   378     4   382     3   389 0.97 -
YP_008574691.1       -            399 Resfam_TetD          -            394  5.4e-113  383.6  24.1   1   1    2e-116  6.9e-113  383.3  24.1     2   378     4   382     3   389 0.97 -
WP_032072899.1       -            424 Resfam_TetD          -            394  5.4e-113  383.6  23.6   1   1    2e-116  6.8e-113  383.3  23.6     2   378    29   407    28   412 0.97 -
YP_009071447.1       -            424 Resfam_TetD          -            394  5.4e-113  383.6  23.6   1   1    2e-116  6.8e-113  383.3  23.6     2   378    29   407    28   412 0.97 -
WP_000106218.1       -            424 Resfam_TetD          -            394  6.1e-113  383.5  23.9   1   1  2.2e-116  7.7e-113  383.2  23.9     2   378    29   407    28   412 0.97 -
YP_001598107.1       -            424 Resfam_TetD          -            394  6.1e-113  383.5  23.9   1   1  2.2e-116  7.7e-113  383.2  23.9     2   378    29   407    28   412 0.97 -
YP_001691008.1       -            424 Resfam_TetD          -            394  6.1e-113  383.5  23.9   1   1  2.2e-116  7.7e-113  383.2  23.9     2   378    29   407    28   412 0.97 -
YP_002527531.1       -            424 Resfam_TetD          -            394  6.1e-113  383.5  23.9   1   1  2.2e-116  7.7e-113  383.2  23.9     2   378    29   407    28   412 0.97 -
YP_003108191.1       -            424 Resfam_TetD          -            394  6.1e-113  383.5  23.9   1   1  2.2e-116  7.7e-113  383.2  23.9     2   378    29   407    28   412 0.97 -
YP_003108334.1       -            424 Resfam_TetD          -            394  6.1e-113  383.5  23.9   1   1  2.2e-116  7.7e-113  383.2  23.9     2   378    29   407    28   412 0.97 -
YP_003517603.1       -            424 Resfam_TetD          -            394  6.1e-113  383.5  23.9   1   1  2.2e-116  7.7e-113  383.2  23.9     2   378    29   407    28   412 0.97 -
YP_003864157.1       -            424 Resfam_TetD          -            394  6.1e-113  383.5  23.9   1   1  2.2e-116  7.7e-113  383.2  23.9     2   378    29   407    28   412 0.97 -
YP_003937713.1       -            424 Resfam_TetD          -            394  6.1e-113  383.5  23.9   1   1  2.2e-116  7.7e-113  383.2  23.9     2   378    29   407    28   412 0.97 -
YP_004032933.1       -            424 Resfam_TetD          -            394  6.1e-113  383.5  23.9   1   1  2.2e-116  7.7e-113  383.2  23.9     2   378    29   407    28   412 0.97 -
YP_005351459.1       -            424 Resfam_TetD          -            394  6.1e-113  383.5  23.9   1   1  2.2e-116  7.7e-113  383.2  23.9     2   378    29   407    28   412 0.97 -
YP_006954820.1       -            424 Resfam_TetD          -            394  6.1e-113  383.5  23.9   1   1  2.2e-116  7.7e-113  383.2  23.9     2   378    29   407    28   412 0.97 -
YP_006966049.1       -            424 Resfam_TetD          -            394  6.1e-113  383.5  23.9   1   1  2.2e-116  7.7e-113  383.2  23.9     2   378    29   407    28   412 0.97 -
YP_006973727.1       -            424 Resfam_TetD          -            394  6.1e-113  383.5  23.9   1   1  2.2e-116  7.7e-113  383.2  23.9     2   378    29   407    28   412 0.97 -
YP_007349569.1       -            424 Resfam_TetD          -            394  6.1e-113  383.5  23.9   1   1  2.2e-116  7.7e-113  383.2  23.9     2   378    29   407    28   412 0.97 -
YP_007969716.1       -            424 Resfam_TetD          -            394  6.1e-113  383.5  23.9   1   1  2.2e-116  7.7e-113  383.2  23.9     2   378    29   407    28   412 0.97 -
YP_008864043.1       -            424 Resfam_TetD          -            394  6.1e-113  383.5  23.9   1   1  2.2e-116  7.7e-113  383.2  23.9     2   378    29   407    28   412 0.97 -
YP_008864710.1       -            424 Resfam_TetD          -            394  6.1e-113  383.5  23.9   1   1  2.2e-116  7.7e-113  383.2  23.9     2   378    29   407    28   412 0.97 -
YP_008994893.1       -            424 Resfam_TetD          -            394  6.1e-113  383.5  23.9   1   1  2.2e-116  7.7e-113  383.2  23.9     2   378    29   407    28   412 0.97 -
YP_008998849.1       -            424 Resfam_TetD          -            394  6.1e-113  383.5  23.9   1   1  2.2e-116  7.7e-113  383.2  23.9     2   378    29   407    28   412 0.97 -
YP_008999331.1       -            424 Resfam_TetD          -            394  6.1e-113  383.5  23.9   1   1  2.2e-116  7.7e-113  383.2  23.9     2   378    29   407    28   412 0.97 -
YP_008999523.1       -            424 Resfam_TetD          -            394  6.1e-113  383.5  23.9   1   1  2.2e-116  7.7e-113  383.2  23.9     2   378    29   407    28   412 0.97 -
YP_009068274.1       -            424 Resfam_TetD          -            394  6.1e-113  383.5  23.9   1   1  2.2e-116  7.7e-113  383.2  23.9     2   378    29   407    28   412 0.97 -
YP_009070769.1       -            424 Resfam_TetD          -            394  6.1e-113  383.5  23.9   1   1  2.2e-116  7.7e-113  383.2  23.9     2   378    29   407    28   412 0.97 -
WP_015058876.1       -            424 Resfam_TetD          -            394  6.2e-113  383.5  23.9   1   1  2.2e-116  7.7e-113  383.2  23.9     2   378    29   407    28   412 0.97 -
YP_006952174.1       -            424 Resfam_TetD          -            394  6.2e-113  383.5  23.9   1   1  2.2e-116  7.7e-113  383.2  23.9     2   378    29   407    28   412 0.97 -
WP_013279371.1       -            430 Resfam_TetD          -            394  6.5e-113  383.4  23.9   1   1  2.3e-116  8.1e-113  383.1  23.9     2   378    35   413    34   418 0.97 -
YP_003829179.1       -            430 Resfam_TetD          -            394  6.5e-113  383.4  23.9   1   1  2.3e-116  8.1e-113  383.1  23.9     2   378    35   413    34   418 0.97 -
WP_000106217.1       -            424 Resfam_TetD          -            394    7e-113  383.3  24.1   1   1  2.5e-116  8.7e-113  383.0  24.1     2   378    29   407    28   414 0.97 -
YP_002891086.1       -            424 Resfam_TetD          -            394    7e-113  383.3  24.1   1   1  2.5e-116  8.7e-113  383.0  24.1     2   378    29   407    28   414 0.97 -
YP_002894390.1       -            424 Resfam_TetD          -            394    7e-113  383.3  24.1   1   1  2.5e-116  8.7e-113  383.0  24.1     2   378    29   407    28   414 0.97 -
YP_002894578.1       -            424 Resfam_TetD          -            394    7e-113  383.3  24.1   1   1  2.5e-116  8.7e-113  383.0  24.1     2   378    29   407    28   414 0.97 -
YP_005351738.1       -            424 Resfam_TetD          -            394    7e-113  383.3  24.1   1   1  2.5e-116  8.7e-113  383.0  24.1     2   378    29   407    28   414 0.97 -
YP_006952742.1       -            424 Resfam_TetD          -            394    7e-113  383.3  24.1   1   1  2.5e-116  8.7e-113  383.0  24.1     2   378    29   407    28   414 0.97 -
YP_006952886.1       -            424 Resfam_TetD          -            394    7e-113  383.3  24.1   1   1  2.5e-116  8.7e-113  383.0  24.1     2   378    29   407    28   414 0.97 -
YP_006955040.1       -            424 Resfam_TetD          -            394    7e-113  383.3  24.1   1   1  2.5e-116  8.7e-113  383.0  24.1     2   378    29   407    28   414 0.97 -
YP_008574995.1       -            424 Resfam_TetD          -            394    7e-113  383.3  24.1   1   1  2.5e-116  8.7e-113  383.0  24.1     2   378    29   407    28   414 0.97 -
WP_095454475.1       -            399 Resfam_TetD          -            394  8.2e-113  383.0  23.8   1   1    3e-116  1.1e-112  382.7  23.8     2   378     4   382     3   387 0.97 -
WP_077519757.1       -            399 Resfam_TetD          -            394    1e-112  382.7  23.9   1   1  3.8e-116  1.3e-112  382.4  23.9     2   378     4   382     3   387 0.97 -
WP_063855888.1       -            399 Resfam_TetD          -            394  2.2e-112  381.6  24.5   1   1  8.3e-116  2.9e-112  381.3  24.5     2   378     4   382     3   387 0.97 -
WP_011666300.1       -            424 Resfam_TetD          -            394  3.8e-112  380.9  23.7   1   1  1.4e-115  4.8e-112  380.5  23.7     2   378    29   407    28   414 0.97 -
YP_783828.1          -            424 Resfam_TetD          -            394  3.8e-112  380.9  23.7   1   1  1.4e-115  4.8e-112  380.5  23.7     2   378    29   407    28   414 0.97 -
WP_020442383.1       -            424 Resfam_TetD          -            394  4.3e-112  380.7  23.5   1   1  1.6e-115  5.4e-112  380.4  23.5     2   378    29   407    28   414 0.97 -
YP_008167026.1       -            424 Resfam_TetD          -            394  4.3e-112  380.7  23.5   1   1  1.6e-115  5.4e-112  380.4  23.5     2   378    29   407    28   414 0.97 -
WP_058214444.1       -            399 Resfam_TetD          -            394  6.4e-112  380.1  24.2   1   1  2.4e-115  8.1e-112  379.8  24.2     2   378     4   382     3   387 0.97 -
WP_047722176.1       -            396 Resfam_TetD          -            394  7.4e-112  379.9  25.5   1   1  2.7e-115  9.4e-112  379.6  25.5     5   378     7   382     3   394 0.95 -
WP_001973670.1       -            399 Resfam_TetD          -            394  1.9e-111  378.6  23.4   1   1  6.9e-115  2.4e-111  378.2  23.4     2   378     4   382     3   387 0.97 -
WP_011645018.1       -            399 Resfam_TetD          -            394  9.9e-111  376.2  24.6   1   1  3.8e-114  1.3e-110  375.8  24.6     2   378     4   382     3   387 0.97 -
YP_758652.1          -            399 Resfam_TetD          -            394  9.9e-111  376.2  24.6   1   1  3.8e-114  1.3e-110  375.8  24.6     2   378     4   382     3   387 0.97 -
WP_011178609.1       -            424 Resfam_TetD          -            394  1.3e-110  375.9  24.6   1   1  4.8e-114  1.7e-110  375.5  24.6     2   378    29   407    28   412 0.97 -
YP_025722.1          -            424 Resfam_TetD          -            394  1.3e-110  375.9  24.6   1   1  4.8e-114  1.7e-110  375.5  24.6     2   378    29   407    28   412 0.97 -
WP_012579085.1       -            399 Resfam_TetD          -            394    3e-110  374.6  23.9   1   1  1.1e-113  3.8e-110  374.3  23.9     2   378     4   382     3   387 0.97 -
YP_002332890.1       -            399 Resfam_TetD          -            394    3e-110  374.6  23.9   1   1  1.1e-113  3.8e-110  374.3  23.9     2   378     4   382     3   387 0.97 -
YP_006953645.1       -            399 Resfam_TetD          -            394    3e-110  374.6  23.9   1   1  1.1e-113  3.8e-110  374.3  23.9     2   378     4   382     3   387 0.97 -
YP_008574854.1       -            399 Resfam_TetD          -            394    3e-110  374.6  23.9   1   1  1.1e-113  3.8e-110  374.3  23.9     2   378     4   382     3   387 0.97 -
YP_009023145.1       -            399 Resfam_TetD          -            394    3e-110  374.6  23.9   1   1  1.1e-113  3.8e-110  374.3  23.9     2   378     4   382     3   387 0.97 -
YP_009023226.1       -            399 Resfam_TetD          -            394    3e-110  374.6  23.9   1   1  1.1e-113  3.8e-110  374.3  23.9     2   378     4   382     3   387 0.97 -
WP_000841446.1       -            396 Resfam_TetD          -            394  5.5e-107  363.9  28.5   1   1    2e-110    7e-107  363.5  28.5     5   378     7   382     3   394 0.95 -
NP_052244.1          -            396 Resfam_TetD          -            394  2.7e-106  361.6  28.4   1   1  9.9e-110  3.4e-106  361.3  28.4     5   378     7   382     3   394 0.95 -
NP_958729.1          -            396 Resfam_TetD          -            394  2.7e-106  361.6  28.4   1   1  9.9e-110  3.4e-106  361.3  28.4     5   378     7   382     3   394 0.95 -
WP_010891057.1       -            396 Resfam_TetD          -            394  2.7e-106  361.6  28.4   1   1  9.9e-110  3.4e-106  361.3  28.4     5   378     7   382     3   394 0.95 -
NP_387461.1          -            396 Resfam_TetD          -            394  4.8e-106  360.8  28.7   1   1  1.8e-109  6.1e-106  360.4  28.7     5   378     7   382     3   394 0.95 -
WP_001297013.1       -            396 Resfam_TetD          -            394  4.8e-106  360.8  28.7   1   1  1.8e-109  6.1e-106  360.4  28.7     5   378     7   382     3   394 0.95 -
YP_001409236.1       -            396 Resfam_TetD          -            394  4.8e-106  360.8  28.7   1   1  1.8e-109  6.1e-106  360.4  28.7     5   378     7   382     3   394 0.95 -
NP_511233.1          -            391 Resfam_TetD          -            394  5.5e-106  360.6  28.8   1   1  2.1e-109  7.3e-106  360.2  28.8     5   378     7   382     3   388 0.96 -
WP_000841448.1       -            391 Resfam_TetD          -            394  5.5e-106  360.6  28.8   1   1  2.1e-109  7.3e-106  360.2  28.8     5   378     7   382     3   388 0.96 -
NP_387454.1          -            396 Resfam_TetD          -            394  5.6e-106  360.6  28.6   1   1    2e-109  6.9e-106  360.3  28.6     7   378     9   382     3   394 0.95 -
WP_010981361.1       -            396 Resfam_TetD          -            394  5.6e-106  360.6  28.6   1   1    2e-109  6.9e-106  360.3  28.6     7   378     9   382     3   394 0.95 -
WP_011076165.1       -            396 Resfam_TetD          -            394  2.9e-105  358.2  28.7   1   1  1.1e-108  3.7e-105  357.8  28.7     5   378     7   382     3   394 0.95 -
YP_001687825.1       -            396 Resfam_TetD          -            394  2.9e-105  358.2  28.7   1   1  1.1e-108  3.7e-105  357.8  28.7     5   378     7   382     3   394 0.95 -
NP_848166.1          -            308 Resfam_TetD          -            394  4.1e-102  347.8  22.5   1   1  1.4e-105    5e-102  347.6  22.5    17   318     1   304     1   306 0.94 -
WP_011113044.1       -            308 Resfam_TetD          -            394  4.1e-102  347.8  22.5   1   1  1.4e-105    5e-102  347.6  22.5    17   318     1   304     1   306 0.94 -
WP_088498802.1       -            350 Resfam_TetD          -            394   6.6e-95  324.1  23.5   1   1   2.2e-98   7.7e-95  323.9  23.5    45   378     1   336     1   348 0.96 -
WP_064190967.1       -            416 Resfam_TetD          -            394   1.4e-91  313.2  24.6   1   1     5e-95   1.7e-91  312.8  24.6     8   385    33   407    26   413 0.93 -
NP_052571.1          -            384 Resfam_TetD          -            394   2.5e-91  312.3  24.2   1   1   8.7e-95     3e-91  312.0  24.2     9   385     2   375     1   381 0.94 -
WP_010889965.1       -            384 Resfam_TetD          -            394   2.5e-91  312.3  24.2   1   1   8.7e-95     3e-91  312.0  24.2     9   385     2   375     1   381 0.94 -
WP_004856455.1       -            395 Resfam_TetD          -            394   8.1e-90  307.3  25.1   1   1   2.8e-93   9.6e-90  307.1  25.1     1   383     1   385     1   392 0.94 -
WP_031942342.1       -            342 Resfam_TetD          -            394   2.1e-87  299.4  24.3   1   1   6.9e-91   2.4e-87  299.2  24.3    53   378     1   328     1   340 0.96 -
YP_278133.1          -            342 Resfam_TetD          -            394   2.1e-87  299.4  24.3   1   1   6.9e-91   2.4e-87  299.2  24.3    53   378     1   328     1   340 0.96 -
WP_005231954.1       -            342 Resfam_TetD          -            394   3.5e-87  298.7  24.5   1   1   1.2e-90   4.1e-87  298.4  24.5    53   378     1   328     1   340 0.96 -
NP_478096.2          -            407 Resfam_TetD          -            394     3e-86  295.6  27.5   1   1   1.1e-89   3.9e-86  295.2  27.5     8   377    14   384     8   396 0.92 -
NP_940742.1          -            407 Resfam_TetD          -            394     3e-86  295.6  27.5   1   1   1.1e-89   3.9e-86  295.2  27.5     8   377    14   384     8   396 0.92 -
WP_010991840.1       -            407 Resfam_TetD          -            394     3e-86  295.6  27.5   1   1   1.1e-89   3.9e-86  295.2  27.5     8   377    14   384     8   396 0.92 -
WP_077625545.1       -            166 Resfam_TetD          -            394   7.7e-86  294.2  12.2   1   1   2.6e-89     9e-86  294.0  12.2   253   394    25   166    12   166 0.97 -
WP_109545038.1       -            407 Resfam_TetD          -            394   3.1e-85  292.2  27.1   1   1   1.2e-88     4e-85  291.9  27.1     8   377    14   384     8   396 0.92 -
WP_011867689.1       -            419 Resfam_TetD          -            394   3.4e-85  292.1  27.1   1   1   1.3e-88   4.5e-85  291.7  27.1     8   377    26   396    20   408 0.92 -
YP_001096238.1       -            419 Resfam_TetD          -            394   3.4e-85  292.1  27.1   1   1   1.3e-88   4.5e-85  291.7  27.1     8   377    26   396    20   408 0.92 -
WP_082936562.1       -            400 Resfam_TetD          -            394   1.8e-76  263.4  25.1   1   1   6.9e-80   2.4e-76  263.0  25.1     1   385     7   393     7   397 0.94 -
WP_095715105.1       -            301 Resfam_TetD          -            394   1.2e-73  254.0  16.6   1   1   4.4e-77   1.5e-73  253.8  16.6    97   378     1   284     1   289 0.96 -
WP_062172770.1       -            395 Resfam_TetD          -            394   1.1e-71  247.6  26.8   1   1   3.9e-75   1.4e-71  247.3  26.8     1   379     1   381     1   388 0.94 -
WP_012695206.1       -            407 Resfam_TetD          -            394   3.9e-65  226.1  27.5   1   1   1.5e-68   5.2e-65  225.7  27.5     6   371     9   380     3   400 0.88 -
WP_077898219.1       -            284 Resfam_TetD          -            394   2.4e-64  223.4  11.8   1   1   9.3e-68   3.2e-64  223.1  11.8   118   378     5   267     2   272 0.96 -
WP_011242208.1       -            399 Resfam_TetD          -            394   3.9e-58  203.0  33.1   1   1   1.4e-61   4.7e-58  202.8  33.1     4   380     4   390     1   398 0.89 -
WP_086472125.1       -             97 Resfam_TetD          -            394   9.5e-58  201.7   9.0   1   1     3e-61     1e-57  201.6   9.0   298   394     1    97     1    97 1.00 -
WP_111070498.1       -            415 Resfam_TetD          -            394     3e-54  190.2  24.7   1   1   1.1e-57   3.8e-54  189.9  24.7     7   357    14   368     7   394 0.94 -
WP_014249925.1       -            415 Resfam_TetD          -            394   8.5e-52  182.2  25.8   1   1   3.2e-55   1.1e-51  181.8  25.8     7   358    14   369     7   396 0.92 -
WP_017961420.1       -            414 Resfam_TetD          -            394   7.9e-51  179.0  20.6   1   1   3.1e-54   1.1e-50  178.5  20.6     7   360    13   371     8   409 0.86 -
WP_109332994.1       -            430 Resfam_TetD          -            394   1.4e-50  178.1  25.6   1   1   5.4e-54   1.8e-50  177.7  25.6     7   359    15   371     8   399 0.92 -
WP_042446635.1       -            415 Resfam_TetD          -            394   1.5e-50  178.0  23.7   1   1   4.3e-54   1.5e-50  178.0  23.7     5   357    12   368     8   374 0.94 -
WP_009932658.1       -            406 Resfam_TetD          -            394   2.6e-43  154.2  25.8   1   1   8.8e-47     3e-43  154.0  25.8     6   376    17   398    11   405 0.85 -
WP_096539820.1       -            407 Resfam_TetD          -            394   3.5e-37  134.0  22.7   1   1   1.3e-40   4.5e-37  133.7  22.7     4   362     8   374     5   400 0.85 -
WP_015179935.1       -            567 Resfam_TetD          -            394   1.1e-33  122.5  20.8   1   1   3.9e-37   1.3e-33  122.2  20.8     4   356     6   363     1   399 0.89 -
WP_077273747.1       -            103 Resfam_TetD          -            394   2.7e-31  114.7   4.5   1   1   9.2e-35   3.2e-31  114.4   4.5    53   150     1    98     1   101 0.98 -
WP_029325518.1       -            398 Resfam_TetD          -            394   8.1e-31  113.1  24.4   1   1   2.9e-34     1e-30  112.8  24.4    11   358    15   360     4   387 0.84 -
WP_079246607.1       -            391 Resfam_TetD          -            394   9.2e-31  112.9  19.8   1   2     3e-32     1e-28  106.1  12.7    13   334    18   339     5   349 0.83 -
WP_079246607.1       -            391 Resfam_TetD          -            394   9.2e-31  112.9  19.8   2   2   0.00087         3   12.4   1.3   129   181   335   388   327   390 0.83 -
WP_014805279.1       -            416 Resfam_TetD          -            394   1.2e-27  102.7  21.4   1   1   5.7e-31     2e-27  101.9  21.4     7   354     8   384     1   388 0.78 -
WP_068393909.1       -            406 Resfam_TetD          -            394   1.5e-27  102.3  28.9   1   1   6.2e-31   2.1e-27  101.8  28.9     7   373     7   392     1   398 0.77 -
WP_051077916.1       -            404 Resfam_TetD          -            394   5.2e-27  100.5  26.5   1   1   2.2e-30   7.4e-27  100.0  26.5    11   360    11   377     1   396 0.79 -
WP_015242008.1       -            419 Resfam_TetD          -            394   1.3e-23   89.4  28.3   1   1     5e-27   1.7e-23   89.0  28.3     9   361    26   381    22   412 0.85 -
WP_015328788.1       -            426 Resfam_TetD          -            394   1.4e-23   89.3  25.0   1   2   1.4e-23   4.7e-20   77.6   8.7     6   162     6   169     1   195 0.85 -
WP_015328788.1       -            426 Resfam_TetD          -            394   1.4e-23   89.3  25.0   2   2   2.1e-05     0.071   17.8   8.3   199   373   237   413   219   417 0.79 -
WP_088197478.1       -            420 Resfam_TetD          -            394   1.1e-22   86.3  27.2   1   1   4.4e-26   1.5e-22   85.8  27.2     9   358    26   377    22   403 0.84 -
WP_088837011.1       -            395 Resfam_TetD          -            394   1.8e-22   85.6  30.0   1   2     1e-23   3.5e-20   78.1  24.3     9   324    11   324     3   336 0.81 -
WP_088837011.1       -            395 Resfam_TetD          -            394   1.8e-22   85.6  30.0   2   2    0.0016       5.4   11.6   0.4   130   184   330   385   321   392 0.84 -
WP_088896133.1       -            414 Resfam_TetD          -            394   3.6e-22   84.6  29.0   1   1   1.5e-25   5.1e-22   84.1  29.0     9   359    26   379    22   406 0.85 -
WP_001095734.1       -            413 Resfam_TetD          -            394   1.4e-18   72.8  36.0   1   1   4.8e-22   1.7e-18   72.5  36.0    13   386    30   403    17   410 0.85 -
WP_000446772.1       -            403 Resfam_TetD          -            394   2.1e-18   72.2  25.2   1   1   7.8e-22   2.7e-18   71.9  25.2    16   355    19   364     6   394 0.82 -
WP_032435589.1       -            399 Resfam_TetD          -            394   4.5e-18   71.1  25.5   1   1   1.7e-21   5.8e-18   70.8  25.5    17   354    20   363     7   387 0.81 -
WP_001634153.1       -            413 Resfam_TetD          -            394   1.4e-17   69.5  35.6   1   1   4.7e-21   1.6e-17   69.3  35.6    13   386    30   403    17   410 0.85 -
WP_058901027.1       -            409 Resfam_TetD          -            394   1.7e-17   69.2  32.2   1   1   6.5e-21   2.2e-17   68.8  32.2     9   382    25   400    20   407 0.84 -
WP_011931016.1       -            426 Resfam_TetD          -            394   1.1e-15   63.2  32.4   1   1   4.7e-19   1.6e-15   62.7  32.4     8   369    17   392    11   405 0.74 -
WP_012642725.1       -            424 Resfam_TetD          -            394   7.2e-14   57.3  32.9   1   2   6.2e-10   2.1e-06   32.7  17.2    14   251    33   271    25   275 0.77 -
WP_012642725.1       -            424 Resfam_TetD          -            394   7.2e-14   57.3  32.9   2   2   4.4e-08   0.00015   26.6  15.2     4   183   228   411   225   420 0.80 -
WP_011875662.1       -            441 Resfam_TetD          -            394   9.3e-14   56.9  27.8   1   1   1.7e-16     6e-13   54.2  27.8    15   356    25   381    15   401 0.74 -
WP_011992964.1       -            406 Resfam_TetD          -            394   8.4e-13   53.8   7.3   1   1   2.4e-16   8.4e-13   53.8   7.3    16   152    12   153     2   163 0.86 -
NP_149193.1          -            399 Resfam_TetD          -            394   9.4e-13   53.6  20.5   1   2   1.2e-13   4.2e-10   44.9   7.2    12   194    15   201     3   232 0.70 -
NP_149193.1          -            399 Resfam_TetD          -            394   9.4e-13   53.6  20.5   2   2   0.00045       1.5   13.4   7.8    15   176   222   386   208   397 0.61 -
WP_010890714.1       -            399 Resfam_TetD          -            394   9.4e-13   53.6  20.5   1   2   1.2e-13   4.2e-10   44.9   7.2    12   194    15   201     3   232 0.70 -
WP_010890714.1       -            399 Resfam_TetD          -            394   9.4e-13   53.6  20.5   2   2   0.00045       1.5   13.4   7.8    15   176   222   386   208   397 0.61 -
WP_022557174.1       -            409 Resfam_TetD          -            394     2e-12   52.5  33.5   1   2   8.4e-12   2.9e-08   38.8   9.1     6   194    24   215    20   222 0.85 -
WP_022557174.1       -            409 Resfam_TetD          -            394     2e-12   52.5  33.5   2   2   5.8e-06      0.02   19.6  16.3     4   175   226   399   222   405 0.80 -
WP_104834819.1       -            401 Resfam_TetD          -            394   2.1e-12   52.5  28.5   1   2   7.3e-14   2.5e-10   45.6  10.3    13   182    22   205    13   216 0.78 -
WP_104834819.1       -            401 Resfam_TetD          -            394   2.1e-12   52.5  28.5   2   2   0.00068       2.3   12.8  10.2    22   167   242   386   223   392 0.70 -
WP_028861462.1       -            405 Resfam_TetD          -            394   2.7e-12   52.1  32.5   1   1     1e-15   3.4e-12   51.7  32.5    13   371    17   381     5   403 0.74 -
WP_087452850.1       -            405 Resfam_TetD          -            394   4.6e-12   51.3  32.1   1   1   1.7e-15   5.9e-12   51.0  32.1    13   371    17   381     5   403 0.74 -
WP_011003732.1       -            405 Resfam_TetD          -            394   7.1e-12   50.7  32.6   1   1   2.7e-15   9.2e-12   50.3  32.6    13   371    17   381     5   403 0.74 -
WP_033655017.1       -            399 Resfam_TetD          -            394   1.3e-11   49.9  24.4   1   1     5e-15   1.7e-11   49.4  24.4    18   354    17   362     4   391 0.77 -
WP_020829777.1       -            405 Resfam_TetD          -            394   1.5e-11   49.6  32.6   1   1   5.7e-15     2e-11   49.3  32.6    13   371    17   381     5   403 0.74 -
WP_012405726.1       -            420 Resfam_TetD          -            394   2.2e-11   49.1  27.3   1   1   7.7e-15   2.7e-11   48.8  25.1    18   350    46   386    34   390 0.81 -
WP_102058620.1       -            391 Resfam_TetD          -            394     3e-11   48.7  31.0   1   2   3.2e-12   1.1e-08   40.2  22.6    44   302    46   313    40   326 0.76 -
WP_102058620.1       -            391 Resfam_TetD          -            394     3e-11   48.7  31.0   2   2   0.00076       2.6   12.6   1.5   116   165   327   376   318   385 0.85 -
WP_000074172.1       -            408 Resfam_TetD          -            394     3e-11   48.6  20.8   1   1   1.1e-14   3.9e-11   48.3  20.8     7   356    18   372    13   404 0.80 -
WP_014631028.1       -            405 Resfam_TetD          -            394   5.3e-11   47.8  32.9   1   1   2.4e-14   8.2e-11   47.2  32.9    13   371    17   381     5   403 0.73 -
#
# Program:         hmmsearch
# Version:         3.1b2 (February 2015)
# Pipeline mode:   SEARCH
# Query file:      /mnt/research/ShadeLab/Dunivin/gene_targeted_assembly/RDPTools/Xander_assembler/gene_resource/tetD/originaldata/tetD.hmm
# Target file:     /mnt/research/ShadeLab/Dunivin/hmmsearch/refseq/protein_files/plasmid.protein.fa
# Option settings: /opt/software/HMMER/3.1b2--GCC-4.8.3/bin/hmmsearch -o /mnt/research/ShadeLab/Dunivin/hmmsearch/refseq/hmm_outputs/tetD.plasmid.protein.fa.stdout.txt -A /mnt/research/ShadeLab/Dunivin/hmmsearch/refseq/hmm_outputs/tetD.plasmid.protein.fa.alignment.0.0000000001.txt --domtblout /mnt/research/ShadeLab/Dunivin/hmmsearch/refseq/hmm_outputs/tetD.plasmid.protein.fa.0.0000000001.tbl.txt -E 0.0000000001 --cpu 8 /mnt/research/ShadeLab/Dunivin/gene_targeted_assembly/RDPTools/Xander_assembler/gene_resource/tetD/originaldata/tetD.hmm /mnt/research/ShadeLab/Dunivin/hmmsearch/refseq/protein_files/plasmid.protein.fa 
# Current dir:     /mnt/research/ShadeLab/Dunivin/hmmsearch/bin
# Date:            Wed Jul 25 14:07:47 2018
# [ok]
