#                                                                            --- full sequence --- -------------- this domain -------------   hmm coord   ali coord   env coord
# target name        accession   tlen query name           accession   qlen   E-value  score  bias   #  of  c-Evalue  i-Evalue  score  bias  from    to  from    to  from    to  acc description of target
#------------------- ---------- ----- -------------------- ---------- ----- --------- ------ ----- --- --- --------- --------- ------ ----- ----- ----- ----- ----- ----- ----- ---- ---------------------
WP_080938424.1       -            292 Resfam_TetD          -            394   5.4e-58  203.1  17.7   1   1   8.2e-62   6.3e-58  202.9  17.7   104   378     2   278     1   290 0.93 -
WP_000156902.1       -            188 Resfam_TetD          -            394   1.1e-44  159.3  15.9   1   1   1.5e-48   1.2e-44  159.2  15.9   208   378     4   174     1   186 0.97 -
WP_004034614.1       -            175 Resfam_TetD          -            394   4.2e-42  150.8  12.7   1   1   6.2e-46   4.7e-42  150.6  12.7   219   378     2   161     1   173 0.97 -
WP_011178331.1       -            384 Resfam_TetD          -            394   2.4e-33  121.9  23.4   1   1   4.2e-37   3.2e-33  121.5  23.4     5   356     5   345     1   376 0.87 -
WP_069451350.1       -            430 Resfam_TetD          -            394   9.5e-32  116.7  23.8   1   1   3.9e-35     3e-31  115.0  23.7     8   351    13   389     6   399 0.75 -
WP_007980722.1       -            430 Resfam_TetD          -            394   1.4e-31  116.1  23.9   1   1   6.1e-35   4.7e-31  114.4  23.8     8   351    13   389     6   398 0.75 -
WP_080943766.1       -            150 Resfam_TetD          -            394   3.8e-31  114.7  10.8   1   1   5.6e-35   4.2e-31  114.5  10.8   244   378     2   136     1   148 0.97 -
WP_014405310.1       -            411 Resfam_TetD          -            394   1.4e-28  106.3  27.7   1   1   4.1e-32   3.1e-28  105.1  27.6     8   354    10   370     4   384 0.77 -
WP_077076221.1       -            261 Resfam_TetD          -            394   3.8e-26   98.2   7.4   1   1   6.9e-30   5.3e-26   97.7   7.4    10   256    16   250     8   255 0.87 -
WP_012034526.1       -            434 Resfam_TetD          -            394   4.8e-26   97.9  28.2   1   2   7.5e-21   5.7e-17   68.0  12.3    14   177    17   178     4   205 0.88 -
WP_012034526.1       -            434 Resfam_TetD          -            394   4.8e-26   97.9  28.2   2   2   2.6e-11     2e-07   36.6   6.8   213   355   241   385   235   412 0.90 -
WP_012035031.1       -            409 Resfam_TetD          -            394   9.5e-26   96.9  26.3   1   2   3.2e-26   2.4e-22   85.7  21.7    14   336    20   355     7   357 0.72 -
WP_012035031.1       -            409 Resfam_TetD          -            394   9.5e-26   96.9  26.3   2   2   1.3e-07     0.001   24.4   7.3    48   169   264   390   255   402 0.75 -
WP_091689842.1       -            416 Resfam_TetD          -            394   9.9e-26   96.8  25.5   1   1   1.5e-27   1.1e-23   90.1  25.5     9   356    17   381     9   407 0.86 -
WP_015761913.1       -            439 Resfam_TetD          -            394   2.2e-25   95.7  33.7   1   1   3.7e-28   2.8e-24   92.0  33.7     7   355    11   395     6   421 0.74 -
WP_011034255.1       -            448 Resfam_TetD          -            394   6.3e-25   94.2  27.3   1   1   1.1e-26   8.2e-23   87.2  27.3    10   360    20   410    13   436 0.76 -
WP_007189584.1       -            448 Resfam_TetD          -            394   9.3e-25   93.6  34.1   1   1   9.9e-28   7.6e-24   90.6  34.0     8   350    19   399    14   421 0.74 -
WP_048194557.1       -            416 Resfam_TetD          -            394     1e-24   93.5  30.0   1   2   3.4e-12   2.6e-08   39.5   1.1     9    93    17    98     9   115 0.84 -
WP_048194557.1       -            416 Resfam_TetD          -            394     1e-24   93.5  30.0   2   2   9.2e-18     7e-14   57.8  23.4    77   356   106   381    99   406 0.82 -
WP_005536766.1       -            449 Resfam_TetD          -            394   1.3e-24   93.2  34.4   1   1   1.1e-27   8.8e-24   90.4  34.3     7   350    19   400    14   420 0.73 -
WP_008307168.1       -            444 Resfam_TetD          -            394   1.3e-24   93.2  32.9   1   1   8.1e-27   6.2e-23   87.6  32.9     7   350    19   398    14   420 0.71 -
WP_048041563.1       -            448 Resfam_TetD          -            394   1.4e-24   93.0  26.7   1   1   2.4e-26   1.8e-22   86.1  26.7    10   372    20   418    13   437 0.77 -
WP_048045415.1       -            448 Resfam_TetD          -            394   2.2e-24   92.4  28.1   1   1   6.5e-26   4.9e-22   84.7  28.1    10   372    20   418    13   437 0.77 -
WP_011021364.1       -            443 Resfam_TetD          -            394   3.1e-24   91.9  25.3   1   1   3.5e-26   2.7e-22   85.5  25.2    10   358    20   408    13   432 0.78 -
WP_048038210.1       -            448 Resfam_TetD          -            394   3.2e-24   91.9  28.2   1   1   8.4e-26   6.4e-22   84.3  28.2    10   372    20   418    13   437 0.77 -
WP_084790843.1       -            413 Resfam_TetD          -            394   3.4e-24   91.8  33.9   1   1     6e-28   4.6e-24   91.4  33.9     9   374    18   379    11   397 0.84 -
WP_004590309.1       -            449 Resfam_TetD          -            394   3.9e-24   91.6  34.9   1   1   4.4e-27   3.3e-23   88.5  34.3     7   350    19   400    14   412 0.70 -
WP_089878512.1       -            444 Resfam_TetD          -            394   4.4e-24   91.4  27.7   1   1   4.3e-26   3.3e-22   85.2  27.7     6   284    11   307     6   432 0.73 -
WP_049995361.1       -            451 Resfam_TetD          -            394   4.9e-24   91.3  37.8   1   1   5.1e-27   3.9e-23   88.3  37.8     8   354    24   415    18   445 0.70 -
WP_053966826.1       -            448 Resfam_TetD          -            394   5.4e-24   91.1  32.7   1   1   1.7e-26   1.3e-22   86.6  32.7     7   350    18   399    13   421 0.70 -
WP_044952103.1       -            446 Resfam_TetD          -            394   5.9e-24   91.0  37.6   1   1   1.8e-26   1.4e-22   86.5  37.6     7   350    19   397    14   421 0.72 -
WP_006056850.1       -            444 Resfam_TetD          -            394   6.4e-24   90.9  26.3   1   1   9.7e-26   7.4e-22   84.1  26.3     6   358    11   403     6   432 0.73 -
WP_004515922.1       -            449 Resfam_TetD          -            394   8.7e-24   90.4  34.1   1   1   1.8e-26   1.4e-22   86.5  34.1     7   350    19   400    14   428 0.72 -
WP_089869658.1       -            434 Resfam_TetD          -            394   9.4e-24   90.3  15.8   1   2   1.2e-27   9.4e-24   90.3  15.8     7   280    12   303     6   316 0.82 -
WP_089869658.1       -            434 Resfam_TetD          -            394   9.4e-24   90.3  15.8   2   2      0.41   3.1e+03    3.0   1.5   304   353   349   398   332   411 0.81 -
WP_064288533.1       -            446 Resfam_TetD          -            394   1.1e-23   90.1  38.3   1   1   3.6e-26   2.8e-22   85.5  38.3     7   350    19   397    14   418 0.72 -
WP_048141266.1       -            453 Resfam_TetD          -            394   1.1e-23   90.1  25.8   1   1   1.8e-25   1.3e-21   83.2  25.8    10   358    20   408    13   433 0.77 -
WP_008386696.1       -            460 Resfam_TetD          -            394   1.3e-23   89.9  35.6   1   1   3.3e-27   2.5e-23   88.9  35.6     7   356    30   421    25   447 0.75 -
WP_007539069.1       -            435 Resfam_TetD          -            394   1.3e-23   89.9  18.7   1   2   1.7e-27   1.3e-23   89.9  18.7     7   279    12   301     7   313 0.82 -
WP_007539069.1       -            435 Resfam_TetD          -            394   1.3e-23   89.9  18.7   2   2       2.5   1.9e+04    0.4   1.7   115   168   361   415   304   428 0.75 -
WP_008323571.1       -            435 Resfam_TetD          -            394   1.4e-23   89.7  17.8   1   2   1.9e-27   1.4e-23   89.7  17.8     7   279    12   301     7   312 0.82 -
WP_008323571.1       -            435 Resfam_TetD          -            394   1.4e-23   89.7  17.8   2   2       2.6     2e+04    0.4   1.6   115   167   361   414   306   424 0.74 -
WP_008321349.1       -            438 Resfam_TetD          -            394   1.5e-23   89.7  18.2   1   2     2e-27   1.5e-23   89.7  18.2     8   286    13   311     7   357 0.79 -
WP_008321349.1       -            438 Resfam_TetD          -            394   1.5e-23   89.7  18.2   2   2       2.9   2.2e+04    0.2   3.1    54   167   314   417   304   425 0.64 -
WP_050037294.1       -            446 Resfam_TetD          -            394   1.6e-23   89.6  39.1   1   2   4.6e-26   3.5e-22   85.1  38.2     7   350    19   397    14   410 0.71 -
WP_050037294.1       -            446 Resfam_TetD          -            394   1.6e-23   89.6  39.1   2   2      0.79   6.1e+03    2.1   3.4   305   351   352   398   347   441 0.73 -
WP_023846048.1       -            432 Resfam_TetD          -            394   1.6e-23   89.6  25.4   1   1   3.8e-25   2.9e-21   82.1  25.4     9   355    15   397     7   416 0.80 -
WP_015325006.1       -            437 Resfam_TetD          -            394   1.6e-23   89.6  30.1   1   2   4.4e-10   3.3e-06   32.5   2.6     9   108    12   105     7   113 0.80 -
WP_015325006.1       -            437 Resfam_TetD          -            394   1.6e-23   89.6  30.1   2   2   3.1e-19   2.3e-15   62.7  20.0    94   378   116   415   108   421 0.81 -
WP_089876094.1       -            458 Resfam_TetD          -            394   1.6e-23   89.6  34.1   1   1   4.9e-27   3.8e-23   88.4  34.1     6   355    29   420    25   436 0.73 -
WP_092538329.1       -            466 Resfam_TetD          -            394   1.8e-23   89.4  33.1   1   1     4e-27   3.1e-23   88.6  33.1     6   355    30   420    25   444 0.71 -
WP_015324077.1       -            443 Resfam_TetD          -            394   2.3e-23   89.0  30.2   1   2   1.8e-11   1.4e-07   37.1   3.7    10   110    20   117    15   122 0.93 -
WP_015324077.1       -            443 Resfam_TetD          -            394   2.3e-23   89.0  30.2   2   2   3.1e-17   2.4e-13   56.1  18.7    94   359   123   409   117   434 0.75 -
WP_009366991.1       -            449 Resfam_TetD          -            394   2.5e-23   88.9  32.8   1   1   1.7e-26   1.3e-22   86.6  32.8    10   356    30   417    21   444 0.71 -
WP_009365886.1       -            434 Resfam_TetD          -            394   2.7e-23   88.8  15.6   1   2   3.5e-27   2.7e-23   88.8  15.6     7   279    12   302     6   316 0.82 -
WP_009365886.1       -            434 Resfam_TetD          -            394   2.7e-23   88.8  15.6   2   2      0.26     2e+03    3.7   1.2   303   353   348   398   334   411 0.81 -
WP_089870396.1       -            449 Resfam_TetD          -            394   3.2e-23   88.6  33.4   1   1   2.2e-26   1.7e-22   86.2  33.4    10   356    30   417    21   444 0.71 -
WP_074791948.1       -            435 Resfam_TetD          -            394   3.6e-23   88.4  18.1   1   2   4.7e-27   3.6e-23   88.4  18.1     7   279    12   301     7   313 0.81 -
WP_074791948.1       -            435 Resfam_TetD          -            394   3.6e-23   88.4  18.1   2   2       1.8   1.4e+04    0.9   1.0   115   167   361   414   312   430 0.77 -
WP_048143930.1       -            390 Resfam_TetD          -            394   4.7e-23   88.0  20.3   1   1     8e-25   6.1e-21   81.1  20.3    10   335    20   385    13   390 0.78 -
WP_012034846.1       -            410 Resfam_TetD          -            394   5.4e-23   87.8  32.1   1   2   1.5e-23   1.1e-19   76.9  16.3     6   244     9   242     4   253 0.85 -
WP_012034846.1       -            410 Resfam_TetD          -            394   5.4e-23   87.8  32.1   2   2   2.6e-05       0.2   16.8   7.9    41   176   257   394   251   410 0.86 -
WP_048141142.1       -            443 Resfam_TetD          -            394   7.9e-23   87.3  29.8   1   1   1.8e-24   1.4e-20   79.9  29.8    10   358    20   408    13   433 0.76 -
WP_048205302.1       -            416 Resfam_TetD          -            394   8.1e-23   87.3  27.4   1   1   1.8e-24   1.4e-20   79.9  27.4     9   356    17   381    11   407 0.84 -
WP_094228794.1       -            437 Resfam_TetD          -            394   8.9e-23   87.1  27.9   1   2   3.5e-13   2.7e-09   42.8   3.9     9   109    15   112     7   117 0.92 -
WP_094228794.1       -            437 Resfam_TetD          -            394   8.9e-23   87.1  27.9   2   2   5.3e-15   4.1e-11   48.7  16.5    94   362   119   406   112   427 0.78 -
WP_058571472.1       -            454 Resfam_TetD          -            394     1e-22   86.9  30.6   1   1   3.2e-26   2.5e-22   85.7  30.6     7   361    29   426    24   449 0.73 -
WP_058573170.1       -            434 Resfam_TetD          -            394     1e-22   86.9  24.5   1   2   4.8e-26   3.7e-22   85.1  23.2     8   280    13   301     7   401 0.82 -
WP_058573170.1       -            434 Resfam_TetD          -            394     1e-22   86.9  24.5   2   2       3.5   2.7e+04   -0.1   0.5   116   162   361   408   338   423 0.52 -
WP_089695176.1       -            443 Resfam_TetD          -            394   1.1e-22   86.8  27.8   1   1   6.2e-25   4.8e-21   81.4  27.7     7   349    12   394     5   406 0.71 -
WP_042666398.1       -            435 Resfam_TetD          -            394   1.4e-22   86.5  18.0   1   2   1.9e-26   1.4e-22   86.5  18.0     8   279    13   301     7   315 0.80 -
WP_042666398.1       -            435 Resfam_TetD          -            394   1.4e-22   86.5  18.0   2   2      0.45   3.4e+03    2.9   1.8   114   177   360   424   337   434 0.74 -
WP_072561259.1       -            416 Resfam_TetD          -            394   1.5e-22   86.4  28.8   1   2   2.4e-09   1.8e-05   30.1   1.0    12   109    20   114     9   118 0.86 -
WP_072561259.1       -            416 Resfam_TetD          -            394   1.5e-22   86.4  28.8   2   2   7.8e-19     6e-15   61.4  21.0    94   369   121   394   114   408 0.87 -
WP_092633792.1       -            437 Resfam_TetD          -            394   2.6e-22   85.6  31.6   1   1     6e-26   4.6e-22   84.8  31.6     9   358    21   410    13   431 0.74 -
WP_008605447.1       -            437 Resfam_TetD          -            394     3e-22   85.4  18.8   1   2   3.9e-26     3e-22   85.4  18.8     7   279    12   303     7   314 0.80 -
WP_008605447.1       -            437 Resfam_TetD          -            394     3e-22   85.4  18.8   2   2       3.9     3e+04   -0.2   2.6   111   168   359   417   303   434 0.64 -
WP_058566665.1       -            435 Resfam_TetD          -            394   3.1e-22   85.3  17.8   1   2   4.1e-26   3.1e-22   85.3  17.8     8   279    13   301     7   315 0.79 -
WP_058566665.1       -            435 Resfam_TetD          -            394   3.1e-22   85.3  17.8   2   2       1.5   1.2e+04    1.1   3.1   111   170   357   417   301   432 0.73 -
WP_004064100.1       -            437 Resfam_TetD          -            394   3.3e-22   85.2  19.2   1   2   4.3e-26   3.3e-22   85.2  19.2     7   279    12   303     7   314 0.80 -
WP_004064100.1       -            437 Resfam_TetD          -            394   3.3e-22   85.2  19.2   2   2       3.7   2.9e+04   -0.2   2.6   111   168   359   417   303   434 0.64 -
WP_008092520.1       -            435 Resfam_TetD          -            394   4.5e-22   84.8  19.1   1   2   5.8e-26   4.5e-22   84.8  19.1     8   281    13   303     7   315 0.80 -
WP_008092520.1       -            435 Resfam_TetD          -            394   4.5e-22   84.8  19.1   2   2       3.4   2.6e+04   -0.0   2.6   103   168   355   415   304   432 0.63 -
WP_004572679.1       -            441 Resfam_TetD          -            394   4.7e-22   84.7  16.1   1   2   6.2e-26   4.7e-22   84.7  16.1     8   279    13   307     7   321 0.78 -
WP_004572679.1       -            441 Resfam_TetD          -            394   4.7e-22   84.7  16.1   2   2         2   1.5e+04    0.7   1.6   110   168   362   421   315   429 0.75 -
WP_058828177.1       -            435 Resfam_TetD          -            394   6.5e-22   84.3  18.8   1   2   8.5e-26   6.5e-22   84.3  18.8     8   279    13   301     7   315 0.80 -
WP_058828177.1       -            435 Resfam_TetD          -            394   6.5e-22   84.3  18.8   2   2       1.3   9.7e+03    1.4   2.4   112   171   358   418   325   432 0.75 -
WP_089822524.1       -            451 Resfam_TetD          -            394   7.8e-22   84.0  36.1   1   1   3.8e-25   2.9e-21   82.1  36.1     6   380    28   442    21   451 0.72 -
WP_103427224.1       -            441 Resfam_TetD          -            394     8e-22   84.0  30.7   1   1   3.3e-25   2.5e-21   82.3  30.1     9   352    21   405    14   412 0.71 -
WP_089805956.1       -            444 Resfam_TetD          -            394   8.7e-22   83.9  19.2   1   2   1.1e-25   8.7e-22   83.9  19.2     7   280    12   303     7   312 0.80 -
WP_089805956.1       -            444 Resfam_TetD          -            394   8.7e-22   83.9  19.2   2   2      0.56   4.3e+03    2.5   3.9    48   162   306   410   300   425 0.52 -
WP_004977630.1       -            435 Resfam_TetD          -            394   1.3e-21   83.3  18.9   1   2   1.7e-25   1.3e-21   83.3  18.9     8   279    13   301     7   312 0.79 -
WP_004977630.1       -            435 Resfam_TetD          -            394   1.3e-21   83.3  18.9   2   2       3.7   2.8e+04   -0.1   2.6    99   167   351   414   303   432 0.63 -
WP_015052802.1       -            441 Resfam_TetD          -            394   1.6e-21   83.0  27.0   1   1   1.6e-23   1.2e-19   76.8  27.0    10   362    20   412    12   431 0.77 -
WP_092887413.1       -            450 Resfam_TetD          -            394   2.2e-21   82.5  33.4   1   1   1.2e-24   9.4e-21   80.5  33.4     6   356    30   421    25   441 0.73 -
WP_004043949.1       -            437 Resfam_TetD          -            394   3.2e-21   82.0  27.2   1   2   5.6e-25   4.3e-21   81.6  22.9     7   280    12   304     7   396 0.81 -
WP_004043949.1       -            437 Resfam_TetD          -            394   3.2e-21   82.0  27.2   2   2       3.6   2.8e+04   -0.1   2.1   112   167   360   416   306   433 0.67 -
WP_101348845.1       -            446 Resfam_TetD          -            394   3.4e-21   81.9  34.3   1   1   1.3e-23   9.7e-20   77.1  34.3     7   350    18   397    13   426 0.70 -
WP_006600508.1       -            437 Resfam_TetD          -            394   4.2e-21   81.6  28.4   1   2   1.2e-24   8.9e-21   80.5  24.6     7   280    12   304     7   397 0.82 -
WP_006600508.1       -            437 Resfam_TetD          -            394   4.2e-21   81.6  28.4   2   2       4.5   3.4e+04   -0.4   2.7   112   168   360   417   303   434 0.67 -
WP_091708080.1       -            432 Resfam_TetD          -            394   5.9e-21   81.1  26.1   1   2   9.1e-12   6.9e-08   38.1   2.7     9   108    15   111     9   116 0.92 -
WP_091708080.1       -            432 Resfam_TetD          -            394   5.9e-21   81.1  26.1   2   2   1.4e-14   1.1e-10   47.4  15.8    94   356   119   398   113   425 0.80 -
WP_091936118.1       -            432 Resfam_TetD          -            394   6.6e-21   81.0  28.4   1   1   2.8e-21   2.1e-17   69.4  28.4     9   356    15   400     9   424 0.77 -
WP_049968616.1       -            435 Resfam_TetD          -            394     1e-20   80.4  28.6   1   2   1.4e-24   1.1e-20   80.3  24.2     8   282    13   304     7   394 0.82 -
WP_049968616.1       -            435 Resfam_TetD          -            394     1e-20   80.4  28.6   2   2       4.3   3.3e+04   -0.4   2.9    88   167   340   414   301   425 0.60 -
WP_089693367.1       -            443 Resfam_TetD          -            394   1.8e-20   79.5  33.3   1   1   2.4e-23   1.8e-19   76.2  33.3    10   357    28   416    19   442 0.70 -
WP_008319954.1       -            448 Resfam_TetD          -            394   2.2e-20   79.2  30.5   1   1   2.6e-23     2e-19   76.1  30.5     7   355    27   417    22   436 0.73 -
WP_049981899.1       -            434 Resfam_TetD          -            394     3e-20   78.8  33.6   1   1   9.4e-24   7.2e-20   77.5  33.6     7   377    20   429    14   433 0.75 -
WP_089803979.1       -            445 Resfam_TetD          -            394   3.6e-20   78.5  34.1   1   1   9.5e-24   7.3e-20   77.5  34.1     7   351    30   415    25   427 0.69 -
WP_007275549.1       -            452 Resfam_TetD          -            394   5.7e-20   77.9  30.6   1   1     3e-23   2.3e-19   75.9  30.6     7   355    27   418    22   444 0.70 -
WP_014052556.1       -            434 Resfam_TetD          -            394   5.8e-20   77.9  34.8   1   1   4.6e-23   3.5e-19   75.3  34.8     7   361    20   413    14   430 0.74 -
WP_089766844.1       -            434 Resfam_TetD          -            394   1.2e-19   76.8  31.0   1   2   7.2e-23   5.5e-19   74.6  29.3    10   329    18   361     9   406 0.75 -
WP_089766844.1       -            434 Resfam_TetD          -            394   1.2e-19   76.8  31.0   2   2       4.5   3.4e+04   -0.4   0.3   131   167   380   417   363   429 0.60 -
WP_101295152.1       -            450 Resfam_TetD          -            394   1.2e-19   76.8  21.7   1   2   1.6e-23   1.2e-19   76.8  21.7     9   281    24   319    16   346 0.76 -
WP_101295152.1       -            450 Resfam_TetD          -            394   1.2e-19   76.8  21.7   2   2      0.36   2.8e+03    3.2   4.2   304   358   364   418   351   441 0.80 -
WP_058568344.1       -            454 Resfam_TetD          -            394   1.5e-19   76.5  31.0   1   1   9.4e-23   7.2e-19   74.3  31.0     7   355    27   418    22   449 0.72 -
WP_049917889.1       -            452 Resfam_TetD          -            394   1.7e-19   76.3  30.7   1   1   1.6e-22   1.2e-18   73.5  30.7     7   355    27   418    22   441 0.70 -
WP_050033332.1       -            451 Resfam_TetD          -            394   2.4e-19   75.8  41.1   1   1   1.3e-22     1e-18   73.8  41.1     8   359    30   428    22   445 0.69 -
WP_082230842.1       -            469 Resfam_TetD          -            394   2.8e-19   75.6  30.9   1   1   3.3e-22   2.6e-18   72.4  30.9     6   361    21   417    16   441 0.69 -
WP_054582912.1       -            434 Resfam_TetD          -            394   2.9e-19   75.6  35.5   1   1   1.2e-22   9.3e-19   73.9  35.5     7   377    20   429    14   433 0.75 -
WP_069284318.1       -            382 Resfam_TetD          -            394   3.2e-19   75.4  22.3   1   1   5.7e-23   4.3e-19   75.0  22.3     6   362     7   354     3   371 0.88 -
WP_075936248.1       -            439 Resfam_TetD          -            394   3.4e-19   75.3  38.4   1   1   1.1e-22   8.3e-19   74.0  38.4     7   353    26   413    21   436 0.72 -
WP_013898634.1       -            435 Resfam_TetD          -            394   4.3e-19   75.0  32.1   1   2   1.2e-21   9.4e-18   70.6  26.8     9   351    14   400    10   406 0.76 -
WP_013898634.1       -            435 Resfam_TetD          -            394   4.3e-19   75.0  32.1   2   2       0.2   1.5e+03    4.0   1.7   142   178   389   425   380   430 0.74 -
WP_082090673.1       -            472 Resfam_TetD          -            394   4.6e-19   74.9  26.4   1   1   8.5e-19   6.5e-15   61.2  26.5     9   369    47   448    40   466 0.72 -
WP_074792863.1       -            454 Resfam_TetD          -            394   5.4e-19   74.7  36.0   1   1   1.8e-22   1.4e-18   73.3  36.1     7   356    29   421    23   447 0.70 -
WP_050458467.1       -            452 Resfam_TetD          -            394     6e-19   74.5  30.2   1   1   3.8e-22   2.9e-18   72.3  30.2     7   355    27   418    22   447 0.72 -
WP_007544251.1       -            454 Resfam_TetD          -            394   6.1e-19   74.5  34.8   1   1   2.8e-22   2.1e-18   72.7  34.8     7   356    29   421    24   446 0.70 -
WP_058826860.1       -            454 Resfam_TetD          -            394   6.3e-19   74.5  29.8   1   1     5e-22   3.8e-18   71.9  29.8     8   355    28   418    23   447 0.72 -
WP_089735233.1       -            432 Resfam_TetD          -            394   7.4e-19   74.2  29.4   1   2   4.1e-22   3.1e-18   72.2  27.1    10   329    12   354     3   398 0.76 -
WP_089735233.1       -            432 Resfam_TetD          -            394   7.4e-19   74.2  29.4   2   2       2.6     2e+04    0.4   0.7   123   174   365   417   350   429 0.68 -
WP_094558773.1       -            479 Resfam_TetD          -            394   8.5e-19   74.0  36.1   1   2   5.5e-20   4.2e-16   65.1  10.9     8   152    52   203    44   231 0.81 -
WP_094558773.1       -            479 Resfam_TetD          -            394   8.5e-19   74.0  36.1   2   2   0.00013      0.98   14.5  17.2   205   358   285   455   266   473 0.76 -
WP_004973868.1       -            452 Resfam_TetD          -            394   8.8e-19   74.0  30.4   1   1   6.6e-22     5e-18   71.5  30.3     7   355    27   418    22   440 0.72 -
WP_086220931.1       -            332 Resfam_TetD          -            394   8.9e-19   73.9  26.9   1   1   7.3e-22   5.6e-18   71.3  26.9     8   280    29   331    21   332 0.70 -
WP_008322633.1       -            454 Resfam_TetD          -            394   9.3e-19   73.9  35.9   1   1   3.5e-22   2.7e-18   72.4  35.9     7   357    29   422    23   446 0.69 -
WP_008091233.1       -            452 Resfam_TetD          -            394   1.1e-18   73.6  31.0   1   1   7.2e-22   5.5e-18   71.3  31.0     7   355    27   418    22   447 0.72 -
WP_094522054.1       -            479 Resfam_TetD          -            394   1.2e-18   73.6  36.4   1   2   7.6e-20   5.8e-16   64.7  11.3     8   152    52   203    45   231 0.81 -
WP_094522054.1       -            479 Resfam_TetD          -            394   1.2e-18   73.6  36.4   2   2   0.00013      0.98   14.5  17.2   205   358   285   455   266   473 0.76 -
WP_011033411.1       -            444 Resfam_TetD          -            394   1.7e-18   73.0  22.1   1   2   1.4e-14     1e-10   47.4   8.8     8   178    22   214    15   237 0.78 -
WP_011033411.1       -            444 Resfam_TetD          -            394   1.7e-18   73.0  22.1   2   2   5.7e-08   0.00043   25.6   5.4   207   377   264   431   241   438 0.88 -
WP_053770305.1       -            470 Resfam_TetD          -            394   1.7e-18   73.0  43.2   1   1   2.6e-21     2e-17   69.5  43.2     8   359    49   447    41   464 0.69 -
WP_094526297.1       -            479 Resfam_TetD          -            394   1.8e-18   73.0  37.0   1   2   7.6e-20   5.8e-16   64.7  11.3     8   152    52   203    45   231 0.81 -
WP_094526297.1       -            479 Resfam_TetD          -            394   1.8e-18   73.0  37.0   2   2    0.0002       1.5   13.9  17.7   205   358   285   455   269   473 0.76 -
WP_048134913.1       -            448 Resfam_TetD          -            394   2.3e-18   72.6  24.4   1   2   7.3e-10   5.6e-06   31.8   3.5    10   109    29   125    23   130 0.88 -
WP_048134913.1       -            448 Resfam_TetD          -            394   2.3e-18   72.6  24.4   2   2     1e-13   7.9e-10   44.5  13.1    94   355   132   414   126   435 0.80 -
WP_013194391.1       -            435 Resfam_TetD          -            394   3.4e-18   72.0  28.3   1   1   1.2e-19   8.8e-16   64.1  28.3     9   357    15   406    10   432 0.77 -
WP_049937140.1       -            445 Resfam_TetD          -            394   4.2e-18   71.7  37.1   1   1   1.9e-21   1.4e-17   70.0  37.1     7   356    19   411    13   433 0.71 -
WP_012618007.1       -            400 Resfam_TetD          -            394   4.2e-18   71.7  31.0   1   1   8.6e-22   6.6e-18   71.1  31.0     9   354    13   365     6   389 0.79 -
WP_096394268.1       -            478 Resfam_TetD          -            394   6.1e-18   71.2  42.2   1   1   8.6e-21   6.5e-17   67.8  42.2     8   359    54   455    46   472 0.68 -
WP_094589743.1       -            479 Resfam_TetD          -            394   6.7e-18   71.1  37.1   1   2   4.4e-19   3.3e-15   62.2  12.0     8   154    52   206    45   233 0.80 -
WP_094589743.1       -            479 Resfam_TetD          -            394   6.7e-18   71.1  37.1   2   2   0.00013      0.98   14.5  17.2   205   358   285   455   266   473 0.76 -
WP_004047606.1       -            445 Resfam_TetD          -            394   7.4e-18   70.9  41.4   1   1     6e-21   4.6e-17   68.3  41.4     8   361    24   424    17   439 0.69 -
WP_089777246.1       -            452 Resfam_TetD          -            394   9.1e-18   70.6  31.2   1   1   6.4e-21   4.9e-17   68.2  31.2     7   355    27   418    22   441 0.70 -
WP_006629122.1       -            465 Resfam_TetD          -            394   1.1e-17   70.3  43.5   1   1   1.1e-20   8.1e-17   67.5  43.5     8   358    44   441    36   459 0.70 -
WP_008585363.1       -            473 Resfam_TetD          -            394   1.3e-17   70.1  44.9   1   1   2.5e-20   1.9e-16   66.3  44.9     8   358    52   449    44   466 0.68 -
WP_015911332.1       -            453 Resfam_TetD          -            394   1.4e-17   70.0  41.1   1   1   6.9e-21   5.2e-17   68.1  41.1     8   358    32   429    24   447 0.69 -
WP_095637062.1       -            470 Resfam_TetD          -            394   1.6e-17   69.8  44.4   1   1   1.5e-20   1.2e-16   67.0  44.4     8   359    34   435    26   453 0.70 -
WP_082088196.1       -            458 Resfam_TetD          -            394   1.7e-17   69.7  22.6   1   1   2.7e-19   2.1e-15   62.9  22.6    10   355    29   414    23   441 0.75 -
WP_023395282.1       -            453 Resfam_TetD          -            394   2.3e-17   69.3  24.6   1   2     3e-21   2.3e-17   69.3  24.6     7   290    24   330    18   341 0.79 -
WP_023395282.1       -            453 Resfam_TetD          -            394   2.3e-17   69.3  24.6   2   2      0.82   6.3e+03    2.0   3.5    96   167   356   427   347   435 0.75 -
WP_006883091.1       -            450 Resfam_TetD          -            394   4.4e-17   68.4  35.3   1   1   9.5e-20   7.3e-16   64.4  35.2     4   349    17   403    14   429 0.65 -
WP_012034427.1       -            435 Resfam_TetD          -            394   4.7e-17   68.3  27.7   1   1   8.2e-20   6.3e-16   64.6  27.7     7   355    11   392     6   417 0.70 -
WP_049911258.1       -            448 Resfam_TetD          -            394   4.7e-17   68.3  42.1   1   1   5.1e-20   3.9e-16   65.3  42.1     8   358    27   424    19   442 0.69 -
WP_048117886.1       -            449 Resfam_TetD          -            394   5.2e-17   68.1  28.0   1   2   2.5e-09   1.9e-05   30.1   3.1     9   110    26   124    19   132 0.87 -
WP_048117886.1       -            449 Resfam_TetD          -            394   5.2e-17   68.1  28.0   2   2   1.5e-12   1.2e-08   40.6  17.8    94   356   130   413   123   437 0.77 -
WP_015385774.1       -            388 Resfam_TetD          -            394   7.3e-17   67.7  18.6   1   1   1.3e-20     1e-16   67.2  18.6     3   323     4   313     1   351 0.80 -
WP_008847279.1       -            458 Resfam_TetD          -            394     9e-17   67.3  46.0   1   1   6.2e-20   4.7e-16   65.0  46.0     8   359    37   435    29   452 0.68 -
WP_048153575.1       -            449 Resfam_TetD          -            394   1.3e-16   66.8  28.5   1   2   4.6e-09   3.5e-05   29.2   2.5     9   108    26   122    19   128 0.85 -
WP_048153575.1       -            449 Resfam_TetD          -            394   1.3e-16   66.8  28.5   2   2   1.3e-12   9.7e-09   40.9  18.8    94   356   130   413   122   437 0.78 -
WP_008366755.1       -            453 Resfam_TetD          -            394   1.4e-16   66.7  42.0   1   1   2.2e-19   1.7e-15   63.2  42.0     8   358    29   429    21   446 0.68 -
WP_082092887.1       -            450 Resfam_TetD          -            394   1.5e-16   66.7  22.7   1   1     2e-18   1.6e-14   60.0  22.7    10   356    31   417    24   438 0.79 -
WP_007345653.1       -            453 Resfam_TetD          -            394   1.5e-16   66.7  42.5   1   1     2e-19   1.5e-15   63.3  42.5     8   358    29   429    21   446 0.68 -
WP_082088833.1       -            450 Resfam_TetD          -            394   1.6e-16   66.5  22.6   1   1   2.3e-18   1.7e-14   59.8  22.6    10   356    31   417    24   438 0.79 -
WP_015591218.1       -            378 Resfam_TetD          -            394   1.8e-16   66.4  22.6   1   2   2.6e-14     2e-10   46.5   4.5    13   189    14   191     1   202 0.85 -
WP_015591218.1       -            378 Resfam_TetD          -            394   1.8e-16   66.4  22.6   2   2   4.2e-08   0.00032   26.0  10.6     6   169   199   366   194   377 0.78 -
WP_004599281.1       -            453 Resfam_TetD          -            394   2.4e-16   65.9  43.3   1   1   2.7e-19     2e-15   62.9  43.3     8   359    29   430    21   447 0.68 -
WP_048169833.1       -            448 Resfam_TetD          -            394     3e-16   65.6  24.3   1   1   3.3e-17   2.5e-13   56.0  24.3    10   356    29   415    23   439 0.75 -
WP_023846170.1       -            408 Resfam_TetD          -            394   3.6e-16   65.4  23.6   1   2     2e-12   1.5e-08   40.3   8.4    12   205    27   227    16   245 0.72 -
WP_023846170.1       -            408 Resfam_TetD          -            394   3.6e-16   65.4  23.6   2   2   5.3e-09   4.1e-05   29.0  10.5    22   183   240   400   223   407 0.71 -
WP_011305840.1       -            449 Resfam_TetD          -            394   3.8e-16   65.3  28.7   1   2   6.6e-10   5.1e-06   31.9   2.1     9   110    26   124    19   128 0.87 -
WP_011305840.1       -            449 Resfam_TetD          -            394   3.8e-16   65.3  28.7   2   2   4.7e-11   3.6e-07   35.7  19.1    94   356   130   413   124   437 0.77 -
WP_049911204.1       -            449 Resfam_TetD          -            394   3.8e-16   65.3  40.4   1   2   1.5e-19   1.2e-15   63.7  12.9     8   154    28   182    20   221 0.82 -
WP_049911204.1       -            449 Resfam_TetD          -            394   3.8e-16   65.3  40.4   2   2     0.021   1.6e+02    7.3  19.5   204   359   254   426   244   443 0.74 -
WP_048136917.1       -            443 Resfam_TetD          -            394   4.3e-16   65.1  24.6   1   1   5.1e-17   3.9e-13   55.4  24.6    10   356    24   410    16   434 0.75 -
WP_008001847.1       -            459 Resfam_TetD          -            394   7.7e-16   64.3  40.6   1   1   5.3e-19     4e-15   61.9  40.6     8   361    35   433    27   455 0.70 -
WP_092562631.1       -            468 Resfam_TetD          -            394   8.3e-16   64.2  41.7   1   1   8.6e-19   6.6e-15   61.2  41.7     8   358    47   444    39   460 0.68 -
WP_099254789.1       -            446 Resfam_TetD          -            394   9.9e-16   63.9  42.6   1   1   4.5e-19   3.5e-15   62.1  42.6     8   360    23   424    17   441 0.69 -
WP_048162868.1       -            448 Resfam_TetD          -            394   1.1e-15   63.8  23.8   1   2   7.3e-09   5.6e-05   28.5   2.4    10   109    29   125    23   130 0.84 -
WP_048162868.1       -            448 Resfam_TetD          -            394   1.1e-15   63.8  23.8   2   2   5.2e-12     4e-08   38.9  13.9    94   356   132   415   125   439 0.79 -
WP_066413036.1       -            450 Resfam_TetD          -            394   1.5e-15   63.3  42.9   1   1   8.5e-19   6.5e-15   61.2  42.9     8   361    24   421    16   438 0.67 -
WP_048120574.1       -            449 Resfam_TetD          -            394   2.6e-15   62.6  28.9   1   2   1.5e-09   1.2e-05   30.7   2.7     9   110    26   124    19   129 0.87 -
WP_048120574.1       -            449 Resfam_TetD          -            394   2.6e-15   62.6  28.9   2   2     8e-11   6.1e-07   35.0  18.6    94   358   130   415   123   438 0.77 -
WP_048108423.1       -            449 Resfam_TetD          -            394   2.7e-15   62.5  27.8   1   2   2.3e-08   0.00017   26.9   3.1     9   110    26   124    19   128 0.86 -
WP_048108423.1       -            449 Resfam_TetD          -            394   2.7e-15   62.5  27.8   2   2   1.4e-11   1.1e-07   37.4  17.0    94   369   130   422   124   439 0.77 -
WP_049998970.1       -            443 Resfam_TetD          -            394   3.4e-15   62.1  31.3   1   1   2.5e-18   1.9e-14   59.7  30.3     9   328    22   365    14   410 0.71 -
WP_011020227.1       -            450 Resfam_TetD          -            394   4.7e-15   61.7  22.7   1   1   2.4e-16   1.8e-12   53.2  22.7    10   355    31   416    24   441 0.75 -
WP_048129639.1       -            443 Resfam_TetD          -            394   5.7e-15   61.4  27.4   1   1     6e-16   4.6e-12   51.9  27.4    10   353    24   407    17   432 0.74 -
WP_080936889.1       -            449 Resfam_TetD          -            394   2.3e-14   59.5  23.7   1   3   3.8e-09   2.9e-05   29.4   2.8    10   108    29   124    25   129 0.84 -
WP_080936889.1       -            449 Resfam_TetD          -            394   2.3e-14   59.5  23.7   2   3   5.5e-07    0.0042   22.3   1.0    93   165   131   208   123   226 0.76 -
WP_080936889.1       -            449 Resfam_TetD          -            394   2.3e-14   59.5  23.7   3   3   8.4e-06     0.064   18.4   5.7   208   356   268   416   243   442 0.81 -
WP_012035226.1       -            395 Resfam_TetD          -            394   4.3e-14   58.5  35.5   1   2   3.3e-17   2.5e-13   56.0  13.7     4   190     6   194     3   208 0.84 -
WP_012035226.1       -            395 Resfam_TetD          -            394   4.3e-14   58.5  35.5   2   2     0.013        97    8.0  14.8     5   179   204   383   198   392 0.72 -
WP_082089447.1       -            449 Resfam_TetD          -            394   8.9e-14   57.5  24.4   1   1     5e-15   3.8e-11   48.8  24.4    10   356    29   416    21   442 0.75 -
WP_004051916.1       -            427 Resfam_TetD          -            394   1.4e-13   56.8  26.4   1   2   1.8e-09   1.4e-05   30.5   6.8     6   177    14   204    10   221 0.67 -
WP_004051916.1       -            427 Resfam_TetD          -            394   1.4e-13   56.8  26.4   2   2   5.2e-10   3.9e-06   32.3  11.6    10   184   241   413   233   421 0.82 -
WP_048113856.1       -            405 Resfam_TetD          -            394   1.6e-13   56.7  24.2   1   2   2.8e-14   2.1e-10   46.4   8.5    14   198    17   204     5   227 0.71 -
WP_048113856.1       -            405 Resfam_TetD          -            394   1.6e-13   56.7  24.2   2   2   7.2e-05      0.55   15.4   9.9    15   180   222   391   208   400 0.77 -
WP_073310304.1       -            470 Resfam_TetD          -            394   1.6e-13   56.7  25.9   1   2   2.1e-17   1.6e-13   56.7  25.9     7   290    35   343    29   371 0.75 -
WP_073310304.1       -            470 Resfam_TetD          -            394   1.6e-13   56.7  25.9   2   2       6.6     5e+04   -1.0   1.7   102   167   382   447   364   455 0.67 -
WP_094227697.1       -            407 Resfam_TetD          -            394   3.8e-13   55.4  21.1   1   2   8.5e-09   6.5e-05   28.3   8.4    13   206    27   227    15   243 0.75 -
WP_094227697.1       -            407 Resfam_TetD          -            394   3.8e-13   55.4  21.1   2   2   1.5e-09   1.2e-05   30.8   8.4    18   189   235   406   223   407 0.68 -
WP_066957611.1       -            395 Resfam_TetD          -            394   4.6e-13   55.1  28.7   1   2     4e-11     3e-07   36.0   8.3     9   175    11   177     1   197 0.80 -
WP_066957611.1       -            395 Resfam_TetD          -            394   4.6e-13   55.1  28.7   2   2   6.9e-08   0.00052   25.3  12.4     9   185   212   388   206   394 0.74 -
WP_049997799.1       -            428 Resfam_TetD          -            394   1.7e-12   53.2  27.6   1   2   6.8e-08   0.00052   25.3   7.9     6   178    14   205    10   223 0.69 -
WP_049997799.1       -            428 Resfam_TetD          -            394   1.7e-12   53.2  27.6   2   2   1.6e-10   1.2e-06   34.0  11.7    10   183   241   412   233   425 0.83 -
WP_007740546.1       -            427 Resfam_TetD          -            394   2.1e-12   53.0  25.9   1   2   9.1e-09     7e-05   28.2   6.6     6   150    14   171    10   220 0.66 -
WP_007740546.1       -            427 Resfam_TetD          -            394   2.1e-12   53.0  25.9   2   2   1.5e-09   1.1e-05   30.8  11.3    10   184   241   413   233   421 0.82 -
WP_092904971.1       -            435 Resfam_TetD          -            394   5.3e-12   51.6  25.8   1   2   2.1e-06     0.016   20.4   9.1    43   169    61   189    17   236 0.67 -
WP_092904971.1       -            435 Resfam_TetD          -            394   5.3e-12   51.6  25.8   2   2   2.4e-11   1.8e-07   36.7   8.7    10   183   253   424   243   430 0.86 -
WP_050051915.1       -            435 Resfam_TetD          -            394     2e-11   49.7  22.6   1   2   3.2e-06     0.024   19.8   6.4    43   166    61   186    17   232 0.79 -
WP_050051915.1       -            435 Resfam_TetD          -            394     2e-11   49.7  22.6   2   2   4.8e-11   3.7e-07   35.7   8.3    10   181   253   422   244   429 0.83 -
WP_049952114.1       -            435 Resfam_TetD          -            394   3.1e-11   49.1  20.7   1   2   1.1e-05     0.083   18.1   4.5    43   154    61   174    17   233 0.77 -
WP_049952114.1       -            435 Resfam_TetD          -            394   3.1e-11   49.1  20.7   2   2   1.9e-11   1.5e-07   37.0   8.3    10   183   253   424   244   430 0.85 -
WP_013718828.1       -            402 Resfam_TetD          -            394   4.1e-11   48.7  25.3   1   2   1.2e-10   9.5e-07   34.4  18.0    14   313    19   313    11   316 0.80 -
WP_013718828.1       -            402 Resfam_TetD          -            394   4.1e-11   48.7  25.3   2   2   8.8e-07    0.0068   21.7  11.9    42   157   247   363   209   388 0.79 -
WP_091935996.1       -            404 Resfam_TetD          -            394   4.6e-11   48.6  27.1   1   2   2.9e-08   0.00022   26.5  11.2     4   213    18   235    16   245 0.72 -
WP_091935996.1       -            404 Resfam_TetD          -            394   4.6e-11   48.6  27.1   2   2   3.6e-08   0.00028   26.2  11.3    18   181   236   397   222   403 0.72 -
WP_081655488.1       -            442 Resfam_TetD          -            394   7.6e-11   47.8  22.9   1   2   2.6e-07     0.002   23.4   8.0    43   179    72   222    27   238 0.74 -
WP_081655488.1       -            442 Resfam_TetD          -            394   7.6e-11   47.8  22.9   2   2   1.9e-09   1.4e-05   30.4   6.9    10   178   257   423   248   433 0.78 -
#
# Program:         hmmsearch
# Version:         3.1b2 (February 2015)
# Pipeline mode:   SEARCH
# Query file:      /mnt/research/ShadeLab/Dunivin/gene_targeted_assembly/RDPTools/Xander_assembler/gene_resource/tetD/originaldata/tetD.hmm
# Target file:     /mnt/research/ShadeLab/Dunivin/hmmsearch/refseq/protein_files/archaea.protein.fa
# Option settings: /opt/software/HMMER/3.1b2--GCC-4.8.3/bin/hmmsearch -o /mnt/research/ShadeLab/Dunivin/hmmsearch/refseq/hmm_outputs/tetD.archaea.protein.fa.stdout.txt -A /mnt/research/ShadeLab/Dunivin/hmmsearch/refseq/hmm_outputs/tetD.archaea.protein.fa.alignment.0.0000000001.txt --domtblout /mnt/research/ShadeLab/Dunivin/hmmsearch/refseq/hmm_outputs/tetD.archaea.protein.fa.0.0000000001.tbl.txt -E 0.0000000001 --cpu 8 /mnt/research/ShadeLab/Dunivin/gene_targeted_assembly/RDPTools/Xander_assembler/gene_resource/tetD/originaldata/tetD.hmm /mnt/research/ShadeLab/Dunivin/hmmsearch/refseq/protein_files/archaea.protein.fa 
# Current dir:     /mnt/research/ShadeLab/Dunivin/hmmsearch/bin
# Date:            Wed Jul 25 17:21:30 2018
# [ok]
