#                                                                            --- full sequence --- -------------- this domain -------------   hmm coord   ali coord   env coord
# target name        accession   tlen query name           accession   qlen   E-value  score  bias   #  of  c-Evalue  i-Evalue  score  bias  from    to  from    to  from    to  acc description of target
#------------------- ---------- ----- -------------------- ---------- ----- --------- ------ ----- --- --- --------- --------- ------ ----- ----- ----- ----- ----- ----- ----- ---- ---------------------
WP_000691736.1       -            639 tetM                 -            639         0 1538.8   2.9   1   1         0         0 1538.7   2.9     1   639     1   639     1   639 1.00 -
WP_000691727.1       -            639 tetM                 -            639         0 1538.2   3.0   1   1         0         0 1538.1   3.0     1   639     1   639     1   639 1.00 -
WP_002403674.1       -            644 tetM                 -            639         0 1538.2   3.0   1   1         0         0 1538.0   3.0     1   639     6   644     6   644 1.00 -
YP_008719892.1       -            644 tetM                 -            639         0 1538.2   3.0   1   1         0         0 1538.0   3.0     1   639     6   644     6   644 1.00 -
WP_000691749.1       -            639 tetM                 -            639         0 1537.6   2.9   1   1         0         0 1537.5   2.9     1   639     1   639     1   639 1.00 -
NP_862291.1          -            639 tetM                 -            639         0 1534.3   3.4   1   1         0         0 1534.1   3.4     1   639     1   639     1   639 1.00 -
WP_011117014.1       -            639 tetM                 -            639         0 1534.3   3.4   1   1         0         0 1534.1   3.4     1   639     1   639     1   639 1.00 -
WP_002371500.1       -            639 tetM                 -            639         0 1534.2   3.6   1   1         0         0 1534.0   3.6     1   639     1   639     1   639 1.00 -
WP_110140133.1       -            639 tetM                 -            639         0 1533.7   3.6   1   1         0         0 1533.6   3.6     1   639     1   639     1   639 1.00 -
WP_003711229.1       -            639 tetM                 -            639         0 1523.1   3.2   1   1         0         0 1522.9   3.2     1   639     1   639     1   639 1.00 -
WP_069469652.1       -            641 tetM                 -            639         0 1512.2   3.4   1   1         0         0 1512.0   3.4     1   639     1   641     1   641 1.00 -
WP_100728246.1       -            639 tetM                 -            639         0 1499.7   3.3   1   1         0         0 1499.6   3.3     1   639     1   639     1   639 1.00 -
WP_025456273.1       -            639 tetM                 -            639         0 1484.0   3.4   1   1         0         0 1483.8   3.4     1   639     1   639     1   639 1.00 -
WP_003701913.1       -            644 tetM                 -            639         0 1483.9   3.4   1   1         0         0 1483.8   3.4     1   639     6   644     6   644 1.00 -
YP_003600433.1       -            644 tetM                 -            639         0 1483.9   3.4   1   1         0         0 1483.8   3.4     1   639     6   644     6   644 1.00 -
WP_025989258.1       -            639 tetM                 -            639         0 1481.0   3.6   1   1         0         0 1480.9   3.6     1   639     1   639     1   639 1.00 -
WP_099460258.1       -            639 tetM                 -            639         0 1475.4   4.6   1   1         0         0 1475.3   4.6     1   639     1   639     1   639 1.00 -
WP_001574275.1       -            639 tetM                 -            639         0 1469.0   3.9   1   1         0         0 1468.9   3.9     1   639     1   639     1   639 1.00 -
YP_004849392.1       -            639 tetM                 -            639         0 1469.0   3.9   1   1         0         0 1468.9   3.9     1   639     1   639     1   639 1.00 -
YP_006377310.1       -            639 tetM                 -            639         0 1469.0   3.9   1   1         0         0 1468.9   3.9     1   639     1   639     1   639 1.00 -
WP_061573585.1       -            639 tetM                 -            639         0 1465.9   4.2   1   1         0         0 1465.8   4.2     1   639     1   639     1   639 1.00 -
WP_014386813.1       -            639 tetM                 -            639         0 1459.3   3.6   1   1         0         0 1459.1   3.6     1   639     1   639     1   639 1.00 -
YP_005352585.1       -            639 tetM                 -            639         0 1459.3   3.6   1   1         0         0 1459.1   3.6     1   639     1   639     1   639 1.00 -
YP_009067400.1       -            639 tetM                 -            639         0 1459.3   3.6   1   1         0         0 1459.1   3.6     1   639     1   639     1   639 1.00 -
WP_095296275.1       -            532 tetM                 -            639         0 1275.0   2.1   1   1         0         0 1274.9   2.1     1   532     1   532     1   532 1.00 -
WP_002872163.1       -            639 tetM                 -            639         0 1265.7   0.5   1   1         0         0 1265.5   0.5     1   638     1   638     1   639 1.00 -
YP_063396.1          -            639 tetM                 -            639         0 1265.7   0.5   1   1         0         0 1265.5   0.5     1   638     1   638     1   639 1.00 -
WP_052659138.1       -            639 tetM                 -            639         0 1189.9   1.2   1   1         0         0 1189.7   1.2     1   638     1   638     1   639 1.00 -
WP_002405437.1       -            646 tetM                 -            639         0 1189.0   6.5   1   1         0         0 1188.8   6.5     1   638     6   643     6   644 1.00 -
YP_001798653.1       -            646 tetM                 -            639         0 1189.0   6.5   1   1         0         0 1188.8   6.5     1   638     6   643     6   644 1.00 -
YP_004770042.1       -            646 tetM                 -            639         0 1189.0   6.5   1   1         0         0 1188.8   6.5     1   638     6   643     6   644 1.00 -
YP_006965308.1       -            646 tetM                 -            639         0 1189.0   6.5   1   1         0         0 1188.8   6.5     1   638     6   643     6   644 1.00 -
YP_009060519.1       -            646 tetM                 -            639         0 1189.0   6.5   1   1         0         0 1188.8   6.5     1   638     6   643     6   644 1.00 -
WP_011187228.1       -            639 tetM                 -            639         0 1188.8   1.0   1   1         0         0 1188.6   1.0     1   638     1   638     1   639 1.00 -
YP_063446.1          -            639 tetM                 -            639         0 1188.8   1.0   1   1         0         0 1188.6   1.0     1   638     1   638     1   639 1.00 -
YP_247562.1          -            639 tetM                 -            639         0 1188.8   1.0   1   1         0         0 1188.6   1.0     1   638     1   638     1   639 1.00 -
WP_060473528.1       -            639 tetM                 -            639         0 1188.3   1.2   1   1         0         0 1188.2   1.2     1   638     1   638     1   639 1.00 -
WP_002857791.1       -            639 tetM                 -            639         0 1187.8   0.3   1   1         0         0 1187.7   0.3     1   638     1   638     1   639 1.00 -
WP_002909882.1       -            639 tetM                 -            639         0 1186.4   0.9   1   1         0         0 1186.2   0.9     1   638     1   638     1   639 1.00 -
WP_011997530.1       -            646 tetM                 -            639         0 1186.2   6.5   1   1         0         0 1186.0   6.5     1   638     6   643     6   644 1.00 -
YP_001429542.1       -            646 tetM                 -            639         0 1186.2   6.5   1   1         0         0 1186.0   6.5     1   638     6   643     6   644 1.00 -
WP_002779752.1       -            639 tetM                 -            639         0 1186.0   1.0   1   1         0         0 1185.8   1.0     1   638     1   638     1   639 1.00 -
WP_060472723.1       -            639 tetM                 -            639         0 1185.6   1.1   1   1         0         0 1185.5   1.1     1   638     1   638     1   639 1.00 -
WP_002808760.1       -            639 tetM                 -            639         0 1185.5   1.1   1   1         0         0 1185.4   1.1     1   638     1   638     1   639 1.00 -
WP_002807700.1       -            639 tetM                 -            639         0 1185.3   0.8   1   1         0         0 1185.2   0.8     1   638     1   638     1   639 1.00 -
WP_021034343.1       -            639 tetM                 -            639         0 1184.9   0.3   1   1         0         0 1184.8   0.3     1   638     1   638     1   639 1.00 -
WP_088868051.1       -            639 tetM                 -            639         0 1184.5   1.0   1   1         0         0 1184.3   1.0     1   638     1   638     1   639 1.00 -
WP_002781029.1       -            639 tetM                 -            639         0 1184.4   0.4   1   1         0         0 1184.2   0.4     1   638     1   638     1   639 1.00 -
WP_002915791.1       -            639 tetM                 -            639         0 1184.1   0.3   1   1         0         0 1184.0   0.3     1   638     1   638     1   639 1.00 -
WP_071315221.1       -            639 tetM                 -            639         0 1184.0   0.6   1   1         0         0 1183.8   0.6     1   638     1   638     1   639 1.00 -
WP_012669445.1       -            639 tetM                 -            639         0 1183.9   0.6   1   1         0         0 1183.7   0.6     1   638     1   638     1   639 1.00 -
YP_002650692.1       -            639 tetM                 -            639         0 1183.9   0.6   1   1         0         0 1183.7   0.6     1   638     1   638     1   639 1.00 -
WP_032490535.1       -            639 tetM                 -            639         0 1183.5   0.5   1   1         0         0 1183.3   0.5     1   638     1   638     1   639 1.00 -
WP_057036252.1       -            639 tetM                 -            639         0 1180.9   0.4   1   1         0         0 1180.7   0.4     1   638     1   638     1   639 1.00 -
WP_013646121.1       -            639 tetM                 -            639         0 1094.6   0.0   1   1         0         0 1094.4   0.0     1   638     1   638     1   639 1.00 -
WP_014566327.1       -            642 tetM                 -            639         0 1047.4   0.0   1   1         0         0 1047.2   0.0     1   638     1   638     1   639 1.00 -
WP_013136942.1       -            639 tetM                 -            639         0 1041.6   0.0   1   1         0         0 1041.4   0.0     1   638     1   638     1   639 1.00 -
YP_003657308.1       -            639 tetM                 -            639         0 1041.6   0.0   1   1         0         0 1041.4   0.0     1   638     1   638     1   639 1.00 -
WP_003672618.1       -            639 tetM                 -            639         0 1038.6   0.0   1   1         0         0 1038.4   0.0     1   638     1   638     1   639 1.00 -
YP_001840820.1       -            639 tetM                 -            639         0 1038.6   0.0   1   1         0         0 1038.4   0.0     1   638     1   638     1   639 1.00 -
WP_016497304.1       -            639 tetM                 -            639         0 1036.2   0.0   1   1         0         0 1036.0   0.0     1   638     1   638     1   639 1.00 -
WP_001842401.1       -            346 tetM                 -            639  2.8e-248  831.1   1.0   1   1    1e-251  3.2e-248  831.0   1.0   294   639     1   346     1   346 1.00 -
WP_087449168.1       -            346 tetM                 -            639  1.9e-247  828.4   0.9   1   1  6.9e-251  2.1e-247  828.2   0.9   294   639     1   346     1   346 1.00 -
WP_095257136.1       -            651 tetM                 -            639    4e-183  615.9   8.4   1   1  1.5e-186  4.6e-183  615.7   8.4     1   637     1   647     1   649 0.95 -
WP_095283056.1       -            651 tetM                 -            639  4.5e-183  615.7   8.1   1   1  1.7e-186  5.1e-183  615.5   8.1     1   637     1   647     1   649 0.95 -
WP_025642386.1       -            651 tetM                 -            639  4.7e-183  615.6   8.2   1   1  1.7e-186  5.3e-183  615.5   8.2     1   637     1   647     1   649 0.95 -
WP_095236811.1       -            651 tetM                 -            639  7.1e-182  611.7   8.7   1   1  2.6e-185  8.1e-182  611.6   8.7     1   637     1   647     1   649 0.95 -
WP_095341175.1       -            651 tetM                 -            639  1.1e-181  611.1   8.2   1   1  4.1e-185  1.3e-181  610.9   8.2     1   637     1   647     1   649 0.95 -
WP_095307524.1       -            651 tetM                 -            639  1.2e-181  611.0   8.4   1   1  4.5e-185  1.4e-181  610.8   8.4     1   637     1   647     1   649 0.95 -
WP_095335272.1       -            651 tetM                 -            639  1.3e-181  610.8   8.9   1   1  4.9e-185  1.5e-181  610.7   8.9     1   637     1   647     1   649 0.95 -
WP_095286326.1       -            651 tetM                 -            639  1.6e-181  610.6   7.3   1   1    6e-185  1.8e-181  610.4   7.3     1   637     1   647     1   649 0.95 -
WP_095258580.1       -            651 tetM                 -            639  2.9e-181  609.7   8.4   1   1  1.1e-184  3.3e-181  609.6   8.4     1   637     1   647     1   649 0.95 -
WP_095257003.1       -            651 tetM                 -            639  7.7e-181  608.3   7.8   1   1  2.9e-184  8.7e-181  608.1   7.8     1   637     1   647     1   649 0.95 -
WP_095337211.1       -            651 tetM                 -            639  8.8e-181  608.1   7.7   1   1  3.3e-184    1e-180  607.9   7.7     1   637     1   647     1   649 0.95 -
WP_095339879.1       -            651 tetM                 -            639  9.3e-181  608.1   8.9   1   1  3.4e-184  1.1e-180  607.9   8.9     1   637     1   647     1   649 0.95 -
WP_095239735.1       -            651 tetM                 -            639  1.1e-180  607.8   9.2   1   1    4e-184  1.2e-180  607.7   9.2     1   637     1   647     1   649 0.95 -
WP_095259616.1       -            651 tetM                 -            639  1.9e-180  607.0   9.2   1   1  7.1e-184  2.2e-180  606.8   9.2     1   637     1   647     1   649 0.95 -
WP_095243793.1       -            651 tetM                 -            639  3.7e-180  606.1   9.6   1   1  1.4e-183  4.2e-180  605.9   9.6     1   637     1   647     1   649 0.95 -
WP_095339683.1       -            651 tetM                 -            639  6.5e-180  605.3   9.7   1   1  2.4e-183  7.4e-180  605.1   9.7     1   637     1   647     1   649 0.95 -
WP_095341257.1       -            651 tetM                 -            639    2e-179  603.7   8.4   1   1  7.3e-183  2.2e-179  603.5   8.4     1   637     1   647     1   649 0.95 -
WP_095337399.1       -            651 tetM                 -            639  2.2e-179  603.5   8.8   1   1    8e-183  2.5e-179  603.4   8.8     1   637     1   647     1   649 0.95 -
WP_095280129.1       -            651 tetM                 -            639  2.3e-179  603.5   9.3   1   1  8.4e-183  2.6e-179  603.3   9.3     1   637     1   647     1   649 0.95 -
WP_095251357.1       -            651 tetM                 -            639  2.9e-179  603.1   9.3   1   1  1.1e-182  3.3e-179  602.9   9.3     1   637     1   647     1   649 0.95 -
WP_095306029.1       -            651 tetM                 -            639  1.7e-178  600.6   9.6   1   1  6.4e-182    2e-178  600.4   9.6     1   637     1   647     1   649 0.95 -
WP_095338440.1       -            651 tetM                 -            639  1.1e-177  598.0   9.1   1   1  3.9e-181  1.2e-177  597.8   9.1     1   637     1   647     1   649 0.95 -
WP_095314941.1       -            651 tetM                 -            639  4.2e-176  592.7  10.1   1   1  1.5e-179  4.7e-176  592.5  10.1     1   637     1   647     1   649 0.95 -
WP_095337545.1       -            651 tetM                 -            639  5.9e-176  592.2  10.7   1   1  2.2e-179  6.7e-176  592.0  10.7     1   637     1   647     1   649 0.95 -
WP_095242221.1       -            651 tetM                 -            639  3.9e-175  589.5  10.7   1   1  1.4e-178  4.4e-175  589.3  10.7     1   637     1   647     1   649 0.95 -
WP_095303420.1       -            651 tetM                 -            639  8.5e-175  588.4  10.1   1   1  3.2e-178  9.7e-175  588.2  10.1     1   637     1   647     1   649 0.95 -
WP_001878374.1       -            244 tetM                 -            639  1.7e-174  587.4   0.9   1   1  6.2e-178  1.9e-174  587.2   0.9   396   639     1   244     1   244 1.00 -
WP_095231744.1       -            651 tetM                 -            639  4.9e-173  582.5  10.5   1   1  1.8e-176  5.6e-173  582.3  10.5     1   637     1   647     1   649 0.95 -
WP_095276488.1       -            651 tetM                 -            639  1.9e-171  577.3  11.1   1   1  7.1e-175  2.2e-171  577.1  11.1     1   637     1   647     1   649 0.95 -
WP_095248115.1       -            651 tetM                 -            639  3.3e-170  573.2  10.1   1   1  1.2e-173  3.7e-170  573.0  10.1     1   637     1   647     1   649 0.95 -
WP_095315064.1       -            651 tetM                 -            639  1.1e-169  571.5   9.2   1   1    4e-173  1.2e-169  571.3   9.2     1   637     1   647     1   649 0.95 -
WP_095316442.1       -            651 tetM                 -            639  3.7e-168  566.4   8.2   1   1  1.4e-171  4.2e-168  566.3   8.2     1   637     1   647     1   649 0.95 -
WP_095235796.1       -            651 tetM                 -            639  6.8e-167  562.3  11.9   1   1  2.5e-170  7.7e-167  562.1  11.9     1   637     1   647     1   649 0.95 -
WP_063856409.1       -            641 tetM                 -            639  3.3e-161  543.5   1.9   1   1  1.2e-164  3.8e-161  543.3   1.9     1   637     1   636     1   638 0.96 -
WP_095264430.1       -            651 tetM                 -            639  5.4e-161  542.7  11.9   1   1    2e-164  6.2e-161  542.6  11.9     1   637     1   647     1   649 0.95 -
WP_095337845.1       -            651 tetM                 -            639  1.7e-160  541.1  13.6   1   1  6.2e-164  1.9e-160  541.0  13.6     1   637     1   647     1   649 0.95 -
WP_095337479.1       -            651 tetM                 -            639  2.3e-160  540.7  10.4   1   1  8.5e-164  2.6e-160  540.5  10.4     1   637     1   647     1   649 0.95 -
WP_095239968.1       -            651 tetM                 -            639    3e-160  540.3  13.2   1   1  1.1e-163  3.5e-160  540.1  13.2     1   637     1   647     1   649 0.95 -
WP_095341089.1       -            651 tetM                 -            639  2.8e-155  523.9  12.6   1   1    1e-158  3.2e-155  523.7  12.6     1   637     1   647     1   649 0.95 -
WP_012478245.1       -            652 tetM                 -            639    4e-142  480.4   3.0   1   1  1.5e-145  4.6e-142  480.2   3.0     2   637     3   646     1   648 0.93 -
YP_001967743.1       -            652 tetM                 -            639    4e-142  480.4   3.0   1   1  1.5e-145  4.6e-142  480.2   3.0     2   637     3   646     1   648 0.93 -
WP_003479689.1       -            652 tetM                 -            639  1.6e-141  478.4   3.3   1   1  6.1e-145  1.9e-141  478.2   3.3     2   637     3   646     1   648 0.93 -
WP_004456831.1       -            660 tetM                 -            639  1.7e-141  478.3   3.3   1   1  6.4e-145    2e-141  478.1   3.3     2   637    11   654     9   656 0.93 -
YP_006961348.1       -            660 tetM                 -            639  1.7e-141  478.3   3.3   1   1  6.4e-145    2e-141  478.1   3.3     2   637    11   654     9   656 0.93 -
WP_077150566.1       -            178 tetM                 -            639  3.7e-125  424.4   0.9   1   1  1.3e-128  4.1e-125  424.2   0.9   462   639     1   178     1   178 1.00 -
WP_095315242.1       -            497 tetM                 -            639  3.1e-109  371.7   4.0   1   1  1.2e-112  3.7e-109  371.5   4.0   162   637    15   493     2   495 0.94 -
WP_024316514.1       -            645 tetM                 -            639  9.1e-101  343.8   0.0   1   1  3.7e-104  1.1e-100  343.5   0.0     1   634     1   641     1   644 0.89 -
WP_025430445.1       -            657 tetM                 -            639   3.9e-93  318.5   0.0   1   1   1.7e-96   5.2e-93  318.2   0.0     1   611     1   618     1   635 0.90 -
WP_014151327.1       -            662 tetM                 -            639   7.8e-86  294.4   0.0   1   1     2e-88     6e-85  291.5   0.0     4   617     8   634     6   653 0.87 -
WP_099460289.1       -            639 tetM                 -            639   9.6e-63  218.2   2.2   1   1   7.2e-65   2.2e-61  213.7   2.2     1   611     1   583     1   603 0.85 -
WP_047036237.1       -            639 tetM                 -            639     1e-62  218.1   4.8   1   1   2.9e-65   8.8e-62  215.0   4.8     1   611     1   583     1   602 0.86 -
WP_081325511.1       -            639 tetM                 -            639   4.1e-62  216.1   3.0   1   1   2.9e-64   8.8e-61  211.7   3.0     1   611     1   583     1   604 0.86 -
WP_087449157.1       -            639 tetM                 -            639   8.7e-62  215.0   1.8   1   1   3.7e-64   1.1e-60  211.3   1.8     1   611     1   583     1   604 0.87 -
WP_008645473.1       -            702 tetM                 -            639   1.1e-61  214.7   0.0   1   2   3.7e-33   1.1e-29  108.9   0.0     5   153    12   167     9   174 0.92 -
WP_008645473.1       -            702 tetM                 -            639   1.1e-61  214.7   0.0   2   2   3.2e-31   9.7e-28  102.5   0.0   176   613   224   687   205   701 0.81 -
WP_096619617.1       -            695 tetM                 -            639   1.3e-61  214.4   0.0   1   2   4.6e-35   1.4e-31  115.2   0.1     4   151     8   155     5   161 0.97 -
WP_096619617.1       -            695 tetM                 -            639   1.3e-61  214.4   0.0   2   2   1.1e-28   3.3e-25   94.1   0.0   172   611   210   674   200   693 0.87 -
WP_081537620.1       -            639 tetM                 -            639   1.4e-61  214.3   2.5   1   1   9.6e-64   2.9e-60  209.9   2.5     1   611     1   583     1   595 0.86 -
WP_013385813.1       -            692 tetM                 -            639   2.8e-61  213.3   0.0   1   2   3.2e-39   9.7e-36  128.9   0.1     5   155    12   162     8   166 0.97 -
WP_013385813.1       -            692 tetM                 -            639   2.8e-61  213.3   0.0   2   2   1.6e-24   4.9e-21   80.4   0.0   173   611   213   674   206   688 0.84 -
WP_044005765.1       -            639 tetM                 -            639   3.1e-61  213.2   3.4   1   1   2.2e-63   6.7e-60  208.8   3.4     1   611     1   583     1   603 0.86 -
WP_087118838.1       -            639 tetM                 -            639   3.9e-61  212.8   1.1   1   1   3.2e-63   9.8e-60  208.2   1.1     1   611     1   583     1   595 0.86 -
WP_035149480.1       -            639 tetM                 -            639   7.5e-61  211.9   1.7   1   1   4.1e-63   1.3e-59  207.8   1.7     1   611     1   583     1   597 0.86 -
WP_011476678.1       -            639 tetM                 -            639     4e-60  209.5   1.8   1   1   2.6e-62     8e-59  205.2   1.8     1   611     1   583     1   589 0.86 -
YP_536832.1          -            639 tetM                 -            639     4e-60  209.5   1.8   1   1   2.6e-62     8e-59  205.2   1.8     1   611     1   583     1   589 0.86 -
WP_029332256.1       -            692 tetM                 -            639   3.1e-59  206.6   0.1   1   2   4.7e-39   1.4e-35  128.4   0.2     5   151    12   158     8   165 0.96 -
WP_029332256.1       -            692 tetM                 -            639   3.1e-59  206.6   0.1   2   2   2.2e-22   6.6e-19   73.3   0.0   250   603   310   668   207   682 0.77 -
WP_075466800.1       -            700 tetM                 -            639   1.5e-58  204.3   0.0   1   2     5e-32   1.5e-28  105.1   0.0     5   151    12   165     9   172 0.93 -
WP_075466800.1       -            700 tetM                 -            639   1.5e-58  204.3   0.0   2   2   5.5e-29   1.7e-25   95.1   0.0   177   611   225   684   211   696 0.81 -
WP_013209803.1       -            700 tetM                 -            639   1.7e-58  204.1   0.0   1   2     5e-32   1.5e-28  105.1   0.0     5   151    12   165     9   172 0.93 -
WP_013209803.1       -            700 tetM                 -            639   1.7e-58  204.1   0.0   2   2   6.1e-29   1.9e-25   94.9   0.0   177   611   225   684   211   696 0.81 -
WP_011004102.1       -            700 tetM                 -            639   2.7e-58  203.5   0.0   1   2     5e-32   1.5e-28  105.1   0.0     5   151    12   165     9   172 0.93 -
WP_011004102.1       -            700 tetM                 -            639   2.7e-58  203.5   0.0   2   2   8.8e-29   2.7e-25   94.4   0.0   177   620   225   696   211   700 0.80 -
WP_016723194.1       -            700 tetM                 -            639   3.3e-58  203.2   0.0   1   2     5e-32   1.5e-28  105.1   0.0     5   151    12   165     9   172 0.93 -
WP_016723194.1       -            700 tetM                 -            639   3.3e-58  203.2   0.0   2   2   1.1e-28   3.3e-25   94.1   0.0   177   620   225   696   211   700 0.80 -
WP_028854291.1       -            700 tetM                 -            639   3.6e-58  203.0   0.0   1   2     5e-32   1.5e-28  105.1   0.0     5   151    12   165     9   172 0.93 -
WP_028854291.1       -            700 tetM                 -            639   3.6e-58  203.0   0.0   2   2   1.2e-28   3.6e-25   94.0   0.0   177   620   225   696   212   700 0.80 -
WP_008804137.1       -            700 tetM                 -            639     4e-58  202.9   0.0   1   2   2.7e-33   8.1e-30  109.4   0.0     5   151    12   165     9   184 0.93 -
WP_008804137.1       -            700 tetM                 -            639     4e-58  202.9   0.0   2   2   1.5e-27   4.5e-24   90.4   0.0   178   610   226   682   211   689 0.84 -
WP_103025993.1       -            699 tetM                 -            639   4.6e-58  202.7   0.0   1   2     5e-32   1.5e-28  105.2   0.0     5   151    12   165     9   172 0.93 -
WP_103025993.1       -            699 tetM                 -            639   4.6e-58  202.7   0.0   2   2   1.5e-28   4.7e-25   93.6   0.0   177   620   225   695   212   699 0.80 -
WP_011211610.1       -            700 tetM                 -            639   4.7e-58  202.7   0.0   1   2   6.2e-38   1.9e-34  124.7   0.1     2   154    11   164    10   215 0.92 -
WP_011211610.1       -            700 tetM                 -            639   4.7e-58  202.7   0.0   2   2   2.1e-22   6.3e-19   73.4   0.0   173   601   217   673   208   685 0.82 -
WP_071093444.1       -            700 tetM                 -            639   5.4e-58  202.5   0.0   1   2     5e-32   1.5e-28  105.1   0.0     5   151    12   165     9   172 0.93 -
WP_071093444.1       -            700 tetM                 -            639   5.4e-58  202.5   0.0   2   2   1.8e-28   5.4e-25   93.4   0.0   177   611   225   684   211   700 0.80 -
WP_014631347.1       -            700 tetM                 -            639   7.6e-58  202.0   0.0   1   2     5e-32   1.5e-28  105.1   0.0     5   151    12   165     9   172 0.93 -
WP_014631347.1       -            700 tetM                 -            639   7.6e-58  202.0   0.0   2   2   2.4e-28   7.3e-25   93.0   0.0   177   620   225   696   211   700 0.80 -
WP_097388969.1       -            700 tetM                 -            639   5.9e-57  199.0   0.0   1   2   3.5e-32   1.1e-28  105.7   0.0     5   151    12   165     9   172 0.93 -
WP_097388969.1       -            700 tetM                 -            639   5.9e-57  199.0   0.0   2   2   2.9e-27     9e-24   89.4   0.0   177   611   225   684   211   698 0.81 -
WP_043946424.1       -            700 tetM                 -            639   1.1e-56  198.1   0.0   1   2   4.3e-32   1.3e-28  105.4   0.0     5   151    12   165     9   172 0.93 -
WP_043946424.1       -            700 tetM                 -            639   1.1e-56  198.1   0.0   2   2   4.9e-27   1.5e-23   88.7   0.0   177   611   225   684   210   698 0.80 -
WP_013208178.1       -            700 tetM                 -            639   1.3e-56  197.9   0.0   1   2     5e-32   1.5e-28  105.1   0.0     5   151    12   165     9   172 0.93 -
WP_013208178.1       -            700 tetM                 -            639   1.3e-56  197.9   0.0   2   2   4.9e-27   1.5e-23   88.7   0.0   177   611   225   684   210   698 0.80 -
YP_003748061.1       -            700 tetM                 -            639   1.3e-56  197.9   0.0   1   2     5e-32   1.5e-28  105.1   0.0     5   151    12   165     9   172 0.93 -
YP_003748061.1       -            700 tetM                 -            639   1.3e-56  197.9   0.0   2   2   4.9e-27   1.5e-23   88.7   0.0   177   611   225   684   210   698 0.80 -
WP_039555151.1       -            700 tetM                 -            639   1.4e-56  197.8   0.0   1   2     5e-32   1.5e-28  105.1   0.0     5   151    12   165     9   172 0.93 -
WP_039555151.1       -            700 tetM                 -            639   1.4e-56  197.8   0.0   2   2   4.8e-27   1.5e-23   88.7   0.0   177   611   225   684   211   698 0.80 -
WP_042548976.1       -            700 tetM                 -            639   3.2e-56  196.6   0.0   1   2     5e-32   1.5e-28  105.1   0.0     5   151    12   165     9   172 0.93 -
WP_042548976.1       -            700 tetM                 -            639   3.2e-56  196.6   0.0   2   2   1.1e-26   3.5e-23   87.5   0.0   177   611   225   684   211   698 0.80 -
WP_008807045.1       -            704 tetM                 -            639   1.6e-55  194.3   0.0   1   2   3.7e-34   1.1e-30  112.2   0.0     4   153    11   167     8   173 0.93 -
WP_008807045.1       -            704 tetM                 -            639   1.6e-55  194.3   0.0   2   2   1.5e-23   4.5e-20   77.2   0.0   177   610   225   687   214   699 0.80 -
WP_000124693.1       -            704 tetM                 -            639   1.7e-55  194.2   0.0   1   2   8.2e-34   2.5e-30  111.1   0.0     4   153    11   167     8   173 0.93 -
WP_000124693.1       -            704 tetM                 -            639   1.7e-55  194.2   0.0   2   2   7.5e-24   2.3e-20   78.1   0.0   176   610   224   687   213   700 0.80 -
WP_033645245.1       -            704 tetM                 -            639   1.8e-55  194.1   0.0   1   2   4.5e-34   1.4e-30  111.9   0.0     4   153    11   167     8   173 0.93 -
WP_033645245.1       -            704 tetM                 -            639   1.8e-55  194.1   0.0   2   2   1.2e-23   3.7e-20   77.5   0.0   177   610   225   687   209   699 0.80 -
WP_033636256.1       -            704 tetM                 -            639   2.4e-55  193.7   0.0   1   2   4.1e-34   1.3e-30  112.0   0.0     4   153    11   167     8   173 0.93 -
WP_033636256.1       -            704 tetM                 -            639   2.4e-55  193.7   0.0   2   2   1.7e-23   5.3e-20   76.9   0.0   177   610   225   687   209   699 0.80 -
WP_006083603.1       -            698 tetM                 -            639   3.7e-55  193.1   0.0   1   2   2.6e-35     8e-32  116.0   0.1     5   153    12   167     9   198 0.93 -
WP_006083603.1       -            698 tetM                 -            639   3.7e-55  193.1   0.0   2   2   2.8e-22   8.6e-19   72.9   0.0   180   603   228   675   215   686 0.77 -
WP_088421638.1       -            711 tetM                 -            639   5.7e-55  192.5   0.0   1   3   2.8e-35   8.5e-32  115.9   0.0     5   149    12   163     8   171 0.94 -
WP_088421638.1       -            711 tetM                 -            639   5.7e-55  192.5   0.0   2   3     0.036   1.1e+02    6.5   0.0   175   234   223   282   206   291 0.86 -
WP_088421638.1       -            711 tetM                 -            639   5.7e-55  192.5   0.0   3   3   3.4e-20     1e-16   66.1   0.0   254   610   327   695   319   707 0.85 -
WP_109333923.1       -            713 tetM                 -            639     8e-55  192.0   0.0   1   2   2.6e-32   7.8e-29  106.1   0.1     3   151    10   163     8   170 0.89 -
WP_109333923.1       -            713 tetM                 -            639     8e-55  192.0   0.0   2   2     2e-25   6.2e-22   83.3   0.0   264   611   343   695   324   708 0.92 -
WP_049414677.1       -            713 tetM                 -            639   6.2e-54  189.1   0.0   1   3   1.1e-33   3.4e-30  110.6   0.0     5   153    12   167     9   174 0.93 -
WP_049414677.1       -            713 tetM                 -            639   6.2e-54  189.1   0.0   2   3   0.00024      0.74   13.7   0.0   176   234   224   282   214   296 0.89 -
WP_049414677.1       -            713 tetM                 -            639   6.2e-54  189.1   0.0   3   3     2e-18   6.2e-15   60.2   0.0   262   611   330   699   313   709 0.77 -
WP_044465332.1       -            715 tetM                 -            639     2e-53  187.4   0.0   1   2   2.3e-35     7e-32  116.2   0.0     5   149    12   163     8   172 0.94 -
WP_044465332.1       -            715 tetM                 -            639     2e-53  187.4   0.0   2   2   9.6e-21   2.9e-17   67.9   0.0   253   610   330   699   307   708 0.84 -
WP_060497809.1       -            703 tetM                 -            639   1.1e-52  184.9   0.0   1   2   6.4e-34   1.9e-30  111.4   0.0     5   149    12   164     9   174 0.91 -
WP_060497809.1       -            703 tetM                 -            639   1.1e-52  184.9   0.0   2   2   1.7e-21   5.3e-18   70.3   0.0   254   610   323   685   310   698 0.89 -
WP_025443642.1       -            692 tetM                 -            639   1.2e-52  184.7   0.4   1   2   5.7e-37   1.8e-33  121.5   0.2     2   155     5   161     4   178 0.91 -
WP_025443642.1       -            692 tetM                 -            639   1.2e-52  184.7   0.4   2   2   5.6e-18   1.7e-14   58.7   0.0   176   551   215   613   203   622 0.79 -
WP_033648394.1       -            701 tetM                 -            639   1.4e-52  184.6   0.0   1   2   1.3e-32     4e-29  107.1   0.0     5   151    12   165     9   184 0.92 -
WP_033648394.1       -            701 tetM                 -            639   1.4e-52  184.6   0.0   2   2   2.1e-22   6.3e-19   73.4   0.0   177   556   225   628   213   635 0.82 -
WP_101088983.1       -            698 tetM                 -            639   1.5e-52  184.5   0.0   1   2   4.3e-35   1.3e-31  115.3   0.0     5   153    12   167     9   175 0.92 -
WP_101088983.1       -            698 tetM                 -            639   1.5e-52  184.5   0.0   2   2   6.4e-20   1.9e-16   65.2   0.0   178   558   226   629   215   684 0.83 -
WP_104833551.1       -            715 tetM                 -            639   3.3e-52  183.3   0.0   1   2   2.2e-35   6.8e-32  116.2   0.0     5   149    12   163     8   173 0.94 -
WP_104833551.1       -            715 tetM                 -            639   3.3e-52  183.3   0.0   2   2   1.9e-19   5.8e-16   63.6   0.0   253   610   330   699   309   708 0.83 -
WP_013389042.1       -            685 tetM                 -            639   5.5e-45  159.5   0.0   1   2     4e-32   1.2e-28  105.5   0.0     2   150     8   156     6   162 0.97 -
WP_013389042.1       -            685 tetM                 -            639   5.5e-45  159.5   0.0   2   2   1.9e-14   5.7e-11   47.1   0.0   175   600   209   659   198   670 0.81 -
WP_009227633.1       -            720 tetM                 -            639   5.9e-41  146.2   0.0   1   3   1.3e-23     4e-20   77.3   0.0     3   153     9   159     7   166 0.96 -
WP_009227633.1       -            720 tetM                 -            639   5.9e-41  146.2   0.0   2   3   4.7e-10   1.4e-06   32.6   0.0   176   430   214   486   208   513 0.84 -
WP_009227633.1       -            720 tetM                 -            639   5.9e-41  146.2   0.0   3   3   4.7e-10   1.4e-06   32.6   0.0   453   612   538   698   525   706 0.91 -
WP_096610578.1       -            543 tetM                 -            639   1.2e-38  138.6   0.0   1   1   1.9e-41   5.9e-38  136.3   0.0     5   412    18   467    15   472 0.76 -
WP_096539973.1       -            542 tetM                 -            639   8.6e-38  135.7   0.0   1   1   1.4e-40   4.4e-37  133.4   0.0     5   412    18   467    16   474 0.76 -
WP_027194275.1       -            684 tetM                 -            639   3.7e-35  127.0   0.0   1   1   1.6e-37   4.9e-34  123.3   0.0     6   611    11   661     7   682 0.82 -
WP_012405614.1       -            681 tetM                 -            639   1.2e-34  125.4   0.0   1   2     1e-21   3.2e-18   71.1   0.0     4   234     9   254     7   261 0.76 -
WP_012405614.1       -            681 tetM                 -            639   1.2e-34  125.4   0.0   2   2   6.1e-16   1.9e-12   52.0   0.0   341   611   386   660   290   674 0.91 -
WP_054932043.1       -            681 tetM                 -            639   3.5e-34  123.8   0.0   1   1   1.7e-36   5.1e-33  120.0   0.0     4   611     9   660     7   672 0.83 -
WP_035995084.1       -            681 tetM                 -            639     6e-34  123.0   0.0   1   1   2.8e-36   8.5e-33  119.2   0.0     4   610     9   659     7   665 0.83 -
WP_004933094.1       -            529 tetM                 -            639   7.3e-34  122.7   0.0   1   2   6.3e-26   1.9e-22   85.0   0.0     7   148    17   162    12   172 0.91 -
WP_004933094.1       -            529 tetM                 -            639   7.3e-34  122.7   0.0   2   2     5e-11   1.5e-07   35.8   0.0   198   411   231   461   204   478 0.76 -
WP_000175965.1       -            529 tetM                 -            639   1.4e-33  121.8   0.0   1   2   1.6e-25     5e-22   83.6   0.0     7   144    17   158    12   170 0.89 -
WP_000175965.1       -            529 tetM                 -            639   1.4e-33  121.8   0.0   2   2   3.6e-11   1.1e-07   36.2   0.0   208   412   246   462   209   483 0.76 -
WP_101422810.1       -            529 tetM                 -            639   2.1e-33  121.2   0.0   1   2   1.6e-25     5e-22   83.6   0.0     7   144    17   158    12   170 0.89 -
WP_101422810.1       -            529 tetM                 -            639   2.1e-33  121.2   0.0   2   2   5.6e-11   1.7e-07   35.6   0.0   208   412   246   462   206   482 0.76 -
WP_003396266.1       -            527 tetM                 -            639   5.6e-33  119.8   0.0   1   1   2.5e-35   7.6e-32  116.1   0.0     7   420    15   466    10   477 0.75 -
WP_016713179.1       -            527 tetM                 -            639   1.9e-32  118.1   0.0   1   2   4.3e-24   1.3e-20   78.9   0.0     7   141    15   153    10   176 0.88 -
WP_016713179.1       -            527 tetM                 -            639   1.9e-32  118.1   0.0   2   2     2e-11   6.3e-08   37.1   0.0   199   420   237   466   212   511 0.80 -
WP_011950399.1       -            521 tetM                 -            639   4.6e-32  116.8   0.0   1   2   2.3e-30   7.1e-27   99.7   0.0     7   150    10   157     7   162 0.92 -
WP_011950399.1       -            521 tetM                 -            639   4.6e-32  116.8   0.0   2   2   9.1e-05      0.28   15.1   0.0   208   413   239   456   197   470 0.76 -
WP_084758695.1       -            550 tetM                 -            639   1.6e-31  115.0   0.0   1   2   2.5e-32   7.6e-29  106.2   0.0     7   148    30   175    27   180 0.91 -
WP_084758695.1       -            550 tetM                 -            639   1.6e-31  115.0   0.0   2   2     0.034     1e+02    6.6   0.0   208   407   259   470   231   487 0.61 -
WP_109130185.1       -            528 tetM                 -            639   2.1e-30  111.3   0.0   1   2   4.9e-30   1.5e-26   98.6   0.0     7   147    21   165    17   169 0.92 -
WP_109130185.1       -            528 tetM                 -            639   2.1e-30  111.3   0.0   2   2     0.002       6.2   10.6   0.0   214   319   253   371   240   391 0.74 -
WP_024126368.1       -            533 tetM                 -            639   3.5e-30  110.6   0.0   1   2   3.8e-28   1.2e-24   92.3   0.0     7   138    20   155    17   166 0.90 -
WP_024126368.1       -            533 tetM                 -            639   3.5e-30  110.6   0.0   2   2   4.4e-05      0.14   16.1   0.0   209   403   248   456   227   470 0.67 -
YP_008995715.1       -            533 tetM                 -            639   3.5e-30  110.6   0.0   1   2   3.8e-28   1.2e-24   92.3   0.0     7   138    20   155    17   166 0.90 -
YP_008995715.1       -            533 tetM                 -            639   3.5e-30  110.6   0.0   2   2   4.4e-05      0.14   16.1   0.0   209   403   248   456   227   470 0.67 -
YP_008996199.1       -            533 tetM                 -            639   3.5e-30  110.6   0.0   1   2   3.8e-28   1.2e-24   92.3   0.0     7   138    20   155    17   166 0.90 -
YP_008996199.1       -            533 tetM                 -            639   3.5e-30  110.6   0.0   2   2   4.4e-05      0.14   16.1   0.0   209   403   248   456   227   470 0.67 -
WP_039553865.1       -            531 tetM                 -            639   7.8e-30  109.4   0.0   1   1   2.4e-32   7.3e-29  106.2   0.0     7   410    15   462    12   484 0.69 -
WP_078223741.1       -            531 tetM                 -            639   7.8e-30  109.4   0.0   1   1     2e-32   6.1e-29  106.5   0.0     7   410    15   462    12   484 0.68 -
WP_013210772.1       -            531 tetM                 -            639     8e-30  109.4   0.0   1   1   2.1e-32   6.6e-29  106.4   0.0     7   410    15   462    12   484 0.68 -
WP_075468495.1       -            531 tetM                 -            639   8.2e-30  109.4   0.0   1   1   2.4e-32   7.2e-29  106.2   0.0     7   410    15   462    12   484 0.68 -
WP_039556245.1       -            531 tetM                 -            639   8.2e-30  109.3   0.0   1   1   2.8e-32   8.5e-29  106.0   0.0     7   411    15   463    12   484 0.69 -
WP_013209089.1       -            531 tetM                 -            639   9.9e-30  109.1   0.0   1   1   3.2e-32   9.9e-29  105.8   0.0     7   410    15   462    12   483 0.69 -
YP_003748999.1       -            531 tetM                 -            639   9.9e-30  109.1   0.0   1   1   3.2e-32   9.9e-29  105.8   0.0     7   410    15   462    12   483 0.69 -
WP_014632184.1       -            531 tetM                 -            639     1e-29  109.1   0.0   1   1   4.8e-32   1.5e-28  105.2   0.0     7   328    15   382    12   484 0.69 -
WP_028862022.1       -            531 tetM                 -            639   1.3e-29  108.7   0.0   1   1   4.4e-32   1.4e-28  105.3   0.0     7   319    15   372    12   479 0.71 -
WP_019719793.1       -            531 tetM                 -            639   1.3e-29  108.7   0.0   1   1   5.3e-32   1.6e-28  105.1   0.0     7   319    15   372    12   479 0.71 -
WP_071507369.1       -            531 tetM                 -            639   1.4e-29  108.6   0.0   1   1   5.4e-32   1.7e-28  105.0   0.0     7   319    15   372    12   479 0.71 -
WP_035676137.1       -            535 tetM                 -            639   5.1e-29  106.7   0.0   1   1   6.3e-32   1.9e-28  104.8   0.0     7   407    15   455    12   466 0.71 -
WP_103039104.1       -            535 tetM                 -            639   7.7e-29  106.1   0.0   1   1   1.5e-31   4.5e-28  103.6   0.0     7   407    15   455    12   466 0.70 -
WP_040134073.1       -            535 tetM                 -            639   7.8e-29  106.1   0.0   1   1   1.5e-31   4.5e-28  103.6   0.0     7   407    15   455    12   466 0.70 -
WP_014197109.1       -            535 tetM                 -            639   7.8e-29  106.1   0.0   1   1   1.5e-31   4.6e-28  103.6   0.0     7   407    15   455    12   466 0.70 -
WP_023164778.1       -            538 tetM                 -            639   1.4e-28  105.3   0.0   1   2     1e-29     3e-26   97.6   0.0     7   148    28   173    25   178 0.92 -
WP_023164778.1       -            538 tetM                 -            639   1.4e-28  105.3   0.0   2   2     0.064     2e+02    5.7   0.0   250   318   305   377   247   390 0.73 -
YP_008691742.1       -            538 tetM                 -            639   1.4e-28  105.3   0.0   1   2     1e-29     3e-26   97.6   0.0     7   148    28   173    25   178 0.92 -
YP_008691742.1       -            538 tetM                 -            639   1.4e-28  105.3   0.0   2   2     0.064     2e+02    5.7   0.0   250   318   305   377   247   390 0.73 -
WP_094302480.1       -            535 tetM                 -            639   1.7e-28  105.0   0.0   1   1   3.3e-31     1e-27  102.4   0.0     7   407    15   455    12   466 0.70 -
WP_011520203.1       -            530 tetM                 -            639   2.8e-28  104.3   0.0   1   1   7.4e-31   2.3e-27  101.3   0.0     7   409    15   460    12   473 0.68 -
WP_016712460.1       -            606 tetM                 -            639   9.9e-24   89.3   0.0   1   2   1.7e-26   5.2e-23   86.9   0.0     4   136     6   136     3   153 0.91 -
WP_016712460.1       -            606 tetM                 -            639   9.9e-24   89.3   0.0   2   2       4.2   1.3e+04   -0.3   0.0   574   610   436   472   387   481 0.81 -
WP_004931243.1       -            607 tetM                 -            639     1e-23   89.2   0.0   1   1   5.5e-27   1.7e-23   88.5   0.0     4   135     6   135     3   148 0.92 -
WP_005754702.1       -            616 tetM                 -            639   1.8e-23   88.4   0.0   1   1   9.3e-27   2.9e-23   87.7   0.0     2   135     9   141     8   154 0.91 -
WP_006808726.1       -            607 tetM                 -            639   1.9e-23   88.4   0.0   1   1     1e-26   3.1e-23   87.6   0.0     2   135     4   135     3   148 0.92 -
WP_060594407.1       -            546 tetM                 -            639   2.6e-23   87.9   0.0   1   2     8e-24   2.4e-20   78.1   0.0     7   147    26   176    22   180 0.85 -
WP_060594407.1       -            546 tetM                 -            639   2.6e-23   87.9   0.0   2   2     0.015        47    7.7   0.0   249   319   312   386   255   488 0.64 -
WP_101416342.1       -            607 tetM                 -            639   3.8e-23   87.3   0.0   1   1     2e-26   6.2e-23   86.6   0.0     4   135     6   135     3   148 0.92 -
WP_000572064.1       -            607 tetM                 -            639     4e-23   87.3   0.0   1   1   2.1e-26   6.4e-23   86.6   0.0     4   135     6   135     3   148 0.92 -
WP_000572060.1       -            607 tetM                 -            639     4e-23   87.3   0.0   1   1   2.1e-26   6.4e-23   86.6   0.0     4   135     6   135     3   148 0.92 -
WP_089030973.1       -            602 tetM                 -            639   5.8e-23   86.7   0.0   1   1   2.8e-26   8.7e-23   86.2   0.0     3   135     5   135     3   151 0.91 -
WP_011001245.1       -            606 tetM                 -            639   6.8e-23   86.5   0.0   1   1     3e-26   9.1e-23   86.1   0.0     4   135     5   134     1   153 0.92 -
WP_081537430.1       -            613 tetM                 -            639   7.3e-23   86.4   0.0   1   2   4.1e-25   1.2e-21   82.3   0.1     3   136     7   138     5   154 0.91 -
WP_081537430.1       -            613 tetM                 -            639   7.3e-23   86.4   0.0   2   2       1.2   3.6e+03    1.5   0.0   528   605   393   471   384   488 0.83 -
WP_060594499.1       -            632 tetM                 -            639   1.3e-22   85.6   0.0   1   3   4.3e-24   1.3e-20   78.9   0.0     5   141     9   148     6   161 0.86 -
WP_060594499.1       -            632 tetM                 -            639   1.3e-22   85.6   0.0   2   3      0.33     1e+03    3.3   0.0   227   316   204   296   188   330 0.78 -
WP_060594499.1       -            632 tetM                 -            639   1.3e-22   85.6   0.0   3   3       9.7     3e+04   -1.5   0.0   532   616   414   499   405   507 0.76 -
WP_003860714.1       -            601 tetM                 -            639   1.7e-22   85.2   0.0   1   2   3.6e-21   1.1e-17   69.3   0.0     3   146     4   149     1   161 0.88 -
WP_003860714.1       -            601 tetM                 -            639   1.7e-22   85.2   0.0   2   2   0.00028      0.86   13.5   0.0   343   427   292   380   278   393 0.81 -
WP_078223516.1       -            597 tetM                 -            639   1.8e-22   85.1   0.4   1   3     5e-22   1.5e-18   72.1   0.0     3   147     4   150     2   160 0.89 -
WP_078223516.1       -            597 tetM                 -            639   1.8e-22   85.1   0.4   2   3     0.021        65    7.3   0.0   343   421   292   373   160   389 0.80 -
WP_078223516.1       -            597 tetM                 -            639   1.8e-22   85.1   0.4   3   3      0.59   1.8e+03    2.5   0.0   535   601   399   466   393   481 0.74 -
WP_009227774.1       -            593 tetM                 -            639   1.9e-22   85.0   0.1   1   2   1.4e-20   4.4e-17   67.3   0.4     3   133     4   133     2   148 0.85 -
WP_009227774.1       -            593 tetM                 -            639   1.9e-22   85.0   0.1   2   2   5.5e-05      0.17   15.8   0.0   203   433   142   382   134   388 0.86 -
WP_000790154.1       -            599 tetM                 -            639     2e-22   84.9   0.2   1   2   3.8e-21   1.2e-17   69.2   0.1     3   148     4   151     1   175 0.86 -
WP_000790154.1       -            599 tetM                 -            639     2e-22   84.9   0.2   2   2   0.00023       0.7   13.8   0.0   343   437   292   387   273   450 0.85 -
WP_008803765.1       -            599 tetM                 -            639   2.1e-22   84.9   0.0   1   2   3.9e-21   1.2e-17   69.2   0.0     3   146     4   149     1   159 0.88 -
WP_008803765.1       -            599 tetM                 -            639   2.1e-22   84.9   0.0   2   2   0.00027      0.83   13.5   0.0   343   427   292   380   275   393 0.81 -
WP_033648940.1       -            599 tetM                 -            639   2.6e-22   84.6   0.1   1   3   9.5e-21   2.9e-17   67.9   0.1     3   146     4   149     1   162 0.87 -
WP_033648940.1       -            599 tetM                 -            639   2.6e-22   84.6   0.1   2   3   0.00035       1.1   13.1   0.0   343   421   292   373   212   392 0.87 -
WP_033648940.1       -            599 tetM                 -            639   2.6e-22   84.6   0.1   3   3       4.5   1.4e+04   -0.4   0.0   533   592   397   457   393   493 0.79 -
WP_101473307.1       -            607 tetM                 -            639     4e-22   84.0   0.1   1   1   2.2e-25   6.6e-22   83.2   0.1     4   135     6   135     3   148 0.92 -
WP_001531895.1       -            599 tetM                 -            639   8.5e-22   82.9   0.0   1   2   5.1e-21   1.6e-17   68.8   0.0     3   146     4   149     1   169 0.88 -
WP_001531895.1       -            599 tetM                 -            639   8.5e-22   82.9   0.0   2   2    0.0008       2.4   12.0   0.0   343   421   292   373   208   391 0.85 -
WP_025754588.1       -            599 tetM                 -            639   1.2e-20   79.1   0.0   1   2   5.5e-19   1.7e-15   62.1   0.0     3   146     7   152     5   160 0.86 -
WP_025754588.1       -            599 tetM                 -            639   1.2e-20   79.1   0.0   2   2   9.1e-05      0.28   15.1   0.0   328   434   283   387   160   400 0.70 -
WP_013483947.1       -            601 tetM                 -            639   1.3e-20   78.9   0.0   1   3   6.5e-19     2e-15   61.8   0.0     2   136     6   142     5   156 0.84 -
WP_013483947.1       -            601 tetM                 -            639   1.3e-20   78.9   0.0   2   3    0.0009       2.8   11.8   0.0   220   422   165   378   159   397 0.82 -
WP_013483947.1       -            601 tetM                 -            639   1.3e-20   78.9   0.0   3   3       1.3   3.9e+03    1.4   0.0   537   611   405   481   398   485 0.89 -
WP_088836007.1       -            395 tetM                 -            639   5.9e-17   66.9   0.0   1   1   2.8e-20   8.7e-17   66.3   0.0     4   149    13   159    11   162 0.83 -
WP_101088972.1       -            394 tetM                 -            639   1.8e-16   65.3   0.0   1   1   8.1e-20   2.5e-16   64.8   0.0     4   133    13   141    10   161 0.87 -
WP_006083602.1       -            394 tetM                 -            639   2.3e-16   64.9   0.0   1   1     1e-19   3.1e-16   64.5   0.0     4   133    13   141    10   162 0.87 -
WP_013385812.1       -            396 tetM                 -            639   2.4e-16   64.9   0.0   1   1     1e-19   3.2e-16   64.5   0.0     4   132    13   140    11   160 0.89 -
WP_005742781.1       -            397 tetM                 -            639   2.7e-16   64.7   0.0   1   1   1.2e-19   3.7e-16   64.2   0.0     4   132    13   140    11   161 0.89 -
WP_015888415.1       -            653 tetM                 -            639   3.1e-16   64.5   0.0   1   2    0.0045        14    9.5   0.0    59   156    38   135    27   139 0.87 -
WP_015888415.1       -            653 tetM                 -            639   3.1e-16   64.5   0.0   2   2   3.5e-16   1.1e-12   52.8   0.0   341   550   357   568   326   573 0.93 -
YP_002824556.1       -            653 tetM                 -            639   3.1e-16   64.5   0.0   1   2    0.0045        14    9.5   0.0    59   156    38   135    27   139 0.87 -
YP_002824556.1       -            653 tetM                 -            639   3.1e-16   64.5   0.0   2   2   3.5e-16   1.1e-12   52.8   0.0   341   550   357   568   326   573 0.93 -
WP_015376315.1       -            394 tetM                 -            639   4.2e-16   64.0   0.0   1   1   1.8e-19   5.5e-16   63.7   0.0     4   150    13   160    11   199 0.88 -
WP_020828747.1       -            394 tetM                 -            639   4.5e-16   64.0   0.0   1   1   1.9e-19     6e-16   63.6   0.0     4   150    13   160    11   189 0.88 -
WP_003700007.1       -            395 tetM                 -            639   6.6e-16   63.4   0.0   1   1   3.1e-19   9.3e-16   62.9   0.0     4   133    13   141    11   160 0.87 -
WP_076583488.1       -            422 tetM                 -            639   9.4e-16   62.9   0.1   1   1   4.3e-19   1.3e-15   62.4   0.1     5   147     8   163     6   197 0.84 -
WP_002210669.1       -            394 tetM                 -            639   9.6e-16   62.9   0.0   1   1   4.5e-19   1.4e-15   62.4   0.0     4   133    13   141    11   162 0.86 -
WP_012540432.1       -            394 tetM                 -            639   9.9e-16   62.8   0.0   1   1   4.6e-19   1.4e-15   62.3   0.0     4   133    13   141    11   161 0.86 -
WP_012543214.1       -            394 tetM                 -            639     1e-15   62.8   0.0   1   1   4.6e-19   1.4e-15   62.3   0.0     4   133    13   141    11   161 0.86 -
WP_004118409.1       -            394 tetM                 -            639     1e-15   62.8   0.0   1   1   4.6e-19   1.4e-15   62.3   0.0     4   133    13   141    11   161 0.86 -
WP_015368828.1       -            394 tetM                 -            639   1.1e-15   62.6   0.0   1   1   5.3e-19   1.6e-15   62.1   0.0     4   133    13   141    11   161 0.87 -
WP_000031748.1       -            394 tetM                 -            639   1.1e-15   62.6   0.0   1   1   5.3e-19   1.6e-15   62.1   0.0     4   133    13   141    11   161 0.87 -
WP_014885484.1       -            394 tetM                 -            639   1.2e-15   62.6   0.0   1   1   5.3e-19   1.6e-15   62.1   0.0     4   133    13   141    11   161 0.87 -
WP_037390007.1       -            653 tetM                 -            639   1.7e-15   62.1   0.0   1   2    0.0034        10    9.9   0.0    59   156    38   135    27   138 0.87 -
WP_037390007.1       -            653 tetM                 -            639   1.7e-15   62.1   0.0   2   2   2.6e-15   7.8e-12   49.9   0.0   341   550   357   568   326   573 0.94 -
WP_064252959.1       -            653 tetM                 -            639   1.8e-15   62.0   0.0   1   2    0.0034        10    9.9   0.0    59   156    38   135    27   138 0.87 -
WP_064252959.1       -            653 tetM                 -            639   1.8e-15   62.0   0.0   2   2   2.6e-15   7.8e-12   49.9   0.0   341   550   357   568   326   573 0.94 -
WP_044465331.1       -            397 tetM                 -            639   2.2e-15   61.7   0.0   1   1     1e-18   3.1e-15   61.2   0.0     4   132    13   140    11   160 0.89 -
WP_104841371.1       -            653 tetM                 -            639   2.5e-15   61.5   0.0   1   2    0.0063        19    9.0   0.0    59   155    38   134    27   138 0.84 -
WP_104841371.1       -            653 tetM                 -            639   2.5e-15   61.5   0.0   2   2     2e-15     6e-12   50.3   0.0   341   550   357   568   325   573 0.93 -
WP_013970626.1       -            397 tetM                 -            639   3.3e-15   61.1   0.0   1   1   1.4e-18   4.2e-15   60.8   0.0     4   132    13   140    10   160 0.90 -
WP_013875936.1       -            423 tetM                 -            639   3.6e-15   61.0   0.2   1   1   1.7e-18   5.3e-15   60.4   0.2     5   147     9   164     7   177 0.82 -
WP_065178958.1       -            396 tetM                 -            639   4.9e-15   60.5   0.0   1   1   2.2e-18   6.8e-15   60.1   0.0     4   132    13   140    11   161 0.87 -
WP_037451039.1       -            653 tetM                 -            639   7.4e-15   59.9   0.0   1   2     0.028        84    6.9   0.0    59   156    38   135    27   139 0.87 -
WP_037451039.1       -            653 tetM                 -            639   7.4e-15   59.9   0.0   2   2   1.3e-15   4.1e-12   50.9   0.0   341   550   357   568   329   573 0.94 -
WP_037421352.1       -            653 tetM                 -            639   1.4e-14   59.1   0.0   1   2     0.037   1.1e+02    6.5   0.0    59   156    38   135    27   138 0.86 -
WP_037421352.1       -            653 tetM                 -            639   1.4e-14   59.1   0.0   2   2   1.8e-15   5.6e-12   50.4   0.0   341   550   357   568   331   573 0.94 -
WP_064843831.1       -            653 tetM                 -            639   1.6e-14   58.9   0.0   1   2    0.0046        14    9.5   0.0    60   140    39   119    27   136 0.84 -
WP_064843831.1       -            653 tetM                 -            639   1.6e-14   58.9   0.0   2   2   1.7e-14   5.3e-11   47.2   0.0   316   550   332   568   322   575 0.94 -
NP_436592.1          -            653 tetM                 -            639   1.9e-14   58.6   0.0   1   2     0.015        46    7.8   0.0    58   133    37   112    18   136 0.81 -
NP_436592.1          -            653 tetM                 -            639   1.9e-14   58.6   0.0   2   2   6.5e-15     2e-11   48.6   0.0   341   550   357   568   332   573 0.93 -
WP_010974975.1       -            653 tetM                 -            639   1.9e-14   58.6   0.0   1   2     0.015        46    7.8   0.0    58   133    37   112    18   136 0.81 -
WP_010974975.1       -            653 tetM                 -            639   1.9e-14   58.6   0.0   2   2   6.5e-15     2e-11   48.6   0.0   341   550   357   568   332   573 0.93 -
WP_014527661.1       -            653 tetM                 -            639   1.9e-14   58.6   0.0   1   2     0.015        46    7.8   0.0    58   133    37   112    18   136 0.81 -
WP_014527661.1       -            653 tetM                 -            639   1.9e-14   58.6   0.0   2   2   6.5e-15     2e-11   48.6   0.0   341   550   357   568   332   573 0.93 -
WP_088218399.1       -            653 tetM                 -            639   1.9e-14   58.6   0.0   1   2     0.015        46    7.8   0.0    58   133    37   112    18   136 0.81 -
WP_088218399.1       -            653 tetM                 -            639   1.9e-14   58.6   0.0   2   2   6.5e-15     2e-11   48.6   0.0   341   550   357   568   332   573 0.93 -
WP_015243558.1       -            653 tetM                 -            639   1.9e-14   58.6   0.0   1   2     0.015        46    7.8   0.0    58   133    37   112    18   136 0.81 -
WP_015243558.1       -            653 tetM                 -            639   1.9e-14   58.6   0.0   2   2   6.5e-15     2e-11   48.6   0.0   341   550   357   568   332   573 0.93 -
WP_104825972.1       -            653 tetM                 -            639   2.1e-14   58.5   0.0   1   2   0.00044       1.4   12.8   0.0    60   140    39   119    29   137 0.85 -
WP_104825972.1       -            653 tetM                 -            639   2.1e-14   58.5   0.0   2   2   2.3e-13   7.1e-10   43.5   0.0   324   550   340   568   325   575 0.90 -
WP_028009893.1       -            653 tetM                 -            639   2.2e-14   58.4   0.0   1   2     0.015        46    7.8   0.0    58   133    37   112    18   136 0.81 -
WP_028009893.1       -            653 tetM                 -            639   2.2e-14   58.4   0.0   2   2   7.7e-15   2.3e-11   48.4   0.0   342   550   358   568   333   573 0.94 -
WP_083707967.1       -            370 tetM                 -            639   2.3e-14   58.3   0.0   1   1   9.8e-18     3e-14   57.9   0.0     7   149     2   140     1   144 0.85 -
WP_088199918.1       -            653 tetM                 -            639   2.4e-14   58.3   0.0   1   2     0.015        46    7.8   0.0    58   133    37   112    18   136 0.81 -
WP_088199918.1       -            653 tetM                 -            639   2.4e-14   58.3   0.0   2   2   8.3e-15   2.5e-11   48.3   0.0   341   550   357   568   332   573 0.93 -
WP_088201283.1       -            653 tetM                 -            639   2.4e-14   58.3   0.0   1   2     0.015        46    7.8   0.0    58   133    37   112    18   136 0.81 -
WP_088201283.1       -            653 tetM                 -            639   2.4e-14   58.3   0.0   2   2   8.3e-15   2.5e-11   48.3   0.0   341   550   357   568   332   573 0.93 -
WP_011211609.1       -            396 tetM                 -            639   2.5e-14   58.2   0.0   1   1   1.1e-17   3.5e-14   57.7   0.0     4   149    13   161    11   169 0.83 -
WP_041410419.1       -            653 tetM                 -            639   2.9e-14   58.0   0.0   1   2     0.028        84    6.9   0.0    59   156    38   135    27   139 0.87 -
WP_041410419.1       -            653 tetM                 -            639   2.9e-14   58.0   0.0   2   2   5.2e-15   1.6e-11   48.9   0.0   341   550   357   568   329   573 0.94 -
WP_037395782.1       -            653 tetM                 -            639   3.3e-14   57.8   0.0   1   2    0.0038        12    9.7   0.0    59   156    38   135    26   139 0.88 -
WP_037395782.1       -            653 tetM                 -            639   3.3e-14   57.8   0.0   2   2   4.3e-14   1.3e-10   45.9   0.0   341   550   357   568   332   573 0.94 -
WP_027989218.1       -            653 tetM                 -            639   3.5e-14   57.7   0.0   1   2     0.029        88    6.8   0.0    58   133    37   112    19   136 0.81 -
WP_027989218.1       -            653 tetM                 -            639   3.5e-14   57.7   0.0   2   2   6.5e-15     2e-11   48.6   0.0   341   550   357   568   332   573 0.93 -
WP_012555264.1       -            653 tetM                 -            639   4.1e-14   57.5   0.0   1   2    0.0027       8.2   10.2   0.0    60   140    39   119    27   136 0.84 -
WP_012555264.1       -            653 tetM                 -            639   4.1e-14   57.5   0.0   2   2   7.6e-14   2.3e-10   45.1   0.0   319   550   335   568   325   574 0.92 -
WP_064837139.1       -            653 tetM                 -            639   5.9e-14   57.0   0.0   1   2    0.0022       6.7   10.5   0.0    60   153    39   132    27   138 0.85 -
WP_064837139.1       -            653 tetM                 -            639   5.9e-14   57.0   0.0   2   2   1.4e-13   4.2e-10   44.3   0.0   319   550   335   568   325   574 0.92 -
WP_064823501.1       -            653 tetM                 -            639   6.1e-14   56.9   0.0   1   2    0.0014       4.4   11.1   0.0    59   154    38   133    24   139 0.86 -
WP_064823501.1       -            653 tetM                 -            639   6.1e-14   56.9   0.0   2   2   2.1e-13   6.3e-10   43.7   0.0   319   550   335   568   325   575 0.92 -
WP_095919234.1       -            653 tetM                 -            639   6.6e-14   56.8   0.0   1   2     0.054   1.6e+02    5.9   0.0    60   133    39   112    26   136 0.79 -
WP_095919234.1       -            653 tetM                 -            639   6.6e-14   56.8   0.0   2   2   6.5e-15     2e-11   48.6   0.0   341   550   357   568   332   573 0.93 -
WP_015008737.1       -            653 tetM                 -            639   1.5e-13   55.6   0.0   1   2      0.12   3.8e+02    4.7   0.0    58   133    37   112    18   136 0.79 -
WP_015008737.1       -            653 tetM                 -            639   1.5e-13   55.6   0.0   2   2   6.5e-15     2e-11   48.6   0.0   341   550   357   568   332   573 0.93 -
WP_064844255.1       -            653 tetM                 -            639   3.3e-13   54.5   0.0   1   2    0.0024       7.4   10.4   0.0    60   153    39   132    32   138 0.85 -
WP_064844255.1       -            653 tetM                 -            639   3.3e-13   54.5   0.0   2   2   6.6e-13     2e-09   42.0   0.0   319   550   335   568   325   575 0.92 -
WP_011969715.1       -            653 tetM                 -            639   3.8e-13   54.3   0.0   1   2       1.3   3.9e+03    1.4   0.0    59   133    38   112    20   136 0.79 -
WP_011969715.1       -            653 tetM                 -            639   3.8e-13   54.3   0.0   2   2   1.8e-15   5.4e-12   50.5   0.0   339   550   355   568   326   573 0.91 -
YP_001312826.1       -            653 tetM                 -            639   3.8e-13   54.3   0.0   1   2       1.3   3.9e+03    1.4   0.0    59   133    38   112    20   136 0.79 -
YP_001312826.1       -            653 tetM                 -            639   3.8e-13   54.3   0.0   2   2   1.8e-15   5.4e-12   50.5   0.0   339   550   355   568   326   573 0.91 -
WP_040140960.1       -            653 tetM                 -            639   4.4e-13   54.1   0.0   1   2    0.0021       6.6   10.6   0.0    60   153    39   132    24   138 0.85 -
WP_040140960.1       -            653 tetM                 -            639   4.4e-13   54.1   0.0   2   2     1e-12   3.2e-09   41.3   0.0   319   550   335   568   325   574 0.91 -
WP_012490496.1       -            653 tetM                 -            639   5.4e-13   53.8   0.0   1   2     0.004        12    9.7   0.0    60   140    39   119    27   136 0.84 -
WP_012490496.1       -            653 tetM                 -            639   5.4e-13   53.8   0.0   2   2   6.6e-13     2e-09   42.0   0.0   319   550   335   568   325   575 0.92 -
WP_064832227.1       -            653 tetM                 -            639   5.9e-13   53.7   0.0   1   2    0.0039        12    9.7   0.0    60   140    39   119    27   136 0.84 -
WP_064832227.1       -            653 tetM                 -            639   5.9e-13   53.7   0.0   2   2   7.5e-13   2.3e-09   41.8   0.0   319   550   335   568   325   575 0.92 -
WP_077990380.1       -            653 tetM                 -            639   6.2e-13   53.6   0.0   1   2    0.0044        13    9.5   0.0    60   137    39   116    27   136 0.85 -
WP_077990380.1       -            653 tetM                 -            639   6.2e-13   53.6   0.0   2   2   6.9e-13   2.1e-09   41.9   0.0   319   550   335   568   325   574 0.91 -
WP_064819985.1       -            653 tetM                 -            639   7.4e-13   53.3   0.0   1   2    0.0049        15    9.4   0.0    60   153    39   132    27   138 0.85 -
WP_064819985.1       -            653 tetM                 -            639   7.4e-13   53.3   0.0   2   2   7.5e-13   2.3e-09   41.8   0.0   319   550   335   568   325   575 0.92 -
WP_064829437.1       -            653 tetM                 -            639   7.7e-13   53.3   0.0   1   2     0.005        15    9.3   0.0    60   153    39   132    28   138 0.85 -
WP_064829437.1       -            653 tetM                 -            639   7.7e-13   53.3   0.0   2   2   7.5e-13   2.3e-09   41.8   0.0   319   550   335   568   325   575 0.92 -
WP_072641198.1       -            653 tetM                 -            639   7.9e-13   53.2   0.0   1   2    0.0035        11    9.9   0.0    60   140    39   119    27   136 0.84 -
WP_072641198.1       -            653 tetM                 -            639   7.9e-13   53.2   0.0   2   2   1.1e-12   3.4e-09   41.2   0.0   319   547   335   565   325   572 0.91 -
WP_064830105.1       -            653 tetM                 -            639   8.8e-13   53.1   0.0   1   2     0.007        21    8.9   0.0    60   153    39   132    15   138 0.85 -
WP_064830105.1       -            653 tetM                 -            639   8.8e-13   53.1   0.0   2   2   6.1e-13   1.9e-09   42.1   0.0   319   550   335   568   325   575 0.92 -
WP_064826298.1       -            653 tetM                 -            639     9e-13   53.1   0.0   1   2     0.007        21    8.9   0.0    60   153    39   132    15   138 0.85 -
WP_064826298.1       -            653 tetM                 -            639     9e-13   53.1   0.0   2   2   6.1e-13   1.9e-09   42.1   0.0   319   550   335   568   325   575 0.92 -
WP_040111373.1       -            653 tetM                 -            639     1e-12   52.9   0.0   1   2    0.0044        13    9.5   0.0    60   137    39   116    27   136 0.85 -
WP_040111373.1       -            653 tetM                 -            639     1e-12   52.9   0.0   2   2   1.1e-12   3.5e-09   41.2   0.0   319   550   335   568   325   574 0.91 -
WP_085744205.1       -            653 tetM                 -            639     1e-12   52.9   0.0   1   2    0.0049        15    9.4   0.0    60   153    39   132    27   138 0.85 -
WP_085744205.1       -            653 tetM                 -            639     1e-12   52.9   0.0   2   2   1.1e-12   3.2e-09   41.3   0.0   319   550   335   568   326   574 0.92 -
WP_029531949.1       -            653 tetM                 -            639   2.6e-12   51.5   0.0   1   2    0.0049        15    9.4   0.0    60   153    39   132    27   138 0.85 -
WP_029531949.1       -            653 tetM                 -            639   2.6e-12   51.5   0.0   2   2   2.6e-12   8.1e-09   40.0   0.0   319   550   335   568   325   574 0.92 -
WP_013389252.1       -            601 tetM                 -            639     4e-12   50.9   0.1   1   1   2.4e-15   7.4e-12   50.0   0.1     4   146    10   164     7   193 0.84 -
WP_105008806.1       -            653 tetM                 -            639     8e-12   49.9   0.0   1   2     0.013        39    8.0   0.0    62   140    41   119    29   136 0.84 -
WP_105008806.1       -            653 tetM                 -            639     8e-12   49.9   0.0   2   2     3e-12   9.3e-09   39.8   0.0   319   550   335   568   325   574 0.91 -
WP_094088043.1       -            653 tetM                 -            639   1.1e-11   49.5   0.0   1   2    0.0032       9.9   10.0   0.0    60   140    39   119    27   136 0.85 -
WP_094088043.1       -            653 tetM                 -            639   1.1e-11   49.5   0.0   2   2   1.6e-11     5e-08   37.4   0.0   324   547   340   565   326   572 0.90 -
WP_047032956.1       -            632 tetM                 -            639     2e-11   48.6   0.2   1   1   9.5e-15   2.9e-11   48.1   0.2    11   137    33   175    25   190 0.81 -
WP_025396888.1       -            653 tetM                 -            639   2.1e-11   48.5   0.0   1   2    0.0045        14    9.5   0.0    60   134    39   113    28   135 0.86 -
WP_025396888.1       -            653 tetM                 -            639   2.1e-11   48.5   0.0   2   2   2.4e-11   7.2e-08   36.9   0.0   319   541   335   559   325   568 0.91 -
WP_026793909.1       -            394 tetM                 -            639   2.6e-11   48.2   0.0   1   1   1.2e-14   3.5e-11   47.8   0.0     4   132    13   140    11   161 0.86 -
WP_018517448.1       -            653 tetM                 -            639   7.8e-11   46.7   0.0   1   2     0.044   1.3e+02    6.2   0.0    60   139    39   118    33   136 0.83 -
WP_018517448.1       -            653 tetM                 -            639   7.8e-11   46.7   0.0   2   2   8.9e-12   2.7e-08   38.3   0.0   321   550   337   568   325   574 0.91 -
WP_094231073.1       -            653 tetM                 -            639   9.8e-11   46.3   0.0   1   2     0.044   1.3e+02    6.2   0.0    60   139    39   118    33   136 0.83 -
WP_094231073.1       -            653 tetM                 -            639   9.8e-11   46.3   0.0   2   2   1.1e-11   3.4e-08   37.9   0.0   322   550   338   568   325   574 0.91 -
#
# Program:         hmmsearch
# Version:         3.1b2 (February 2015)
# Pipeline mode:   SEARCH
# Query file:      /mnt/research/ShadeLab/Dunivin/gene_targeted_assembly/RDPTools/Xander_assembler/gene_resource/tetM/originaldata/tetM.hmm
# Target file:     /mnt/research/ShadeLab/Dunivin/hmmsearch/refseq/protein_files/plasmid.protein.fa
# Option settings: /opt/software/HMMER/3.1b2--GCC-4.8.3/bin/hmmsearch -o /mnt/research/ShadeLab/Dunivin/hmmsearch/refseq/hmm_outputs/tetM.plasmid.protein.fa.stdout.txt -A /mnt/research/ShadeLab/Dunivin/hmmsearch/refseq/hmm_outputs/tetM.plasmid.protein.fa.alignment.0.0000000001.txt --domtblout /mnt/research/ShadeLab/Dunivin/hmmsearch/refseq/hmm_outputs/tetM.plasmid.protein.fa.0.0000000001.tbl.txt -E 0.0000000001 --cpu 8 /mnt/research/ShadeLab/Dunivin/gene_targeted_assembly/RDPTools/Xander_assembler/gene_resource/tetM/originaldata/tetM.hmm /mnt/research/ShadeLab/Dunivin/hmmsearch/refseq/protein_files/plasmid.protein.fa 
# Current dir:     /mnt/research/ShadeLab/Dunivin/hmmsearch/bin
# Date:            Wed Jul 25 14:07:49 2018
# [ok]
