#                                                                            --- full sequence --- -------------- this domain -------------   hmm coord   ali coord   env coord
# target name        accession   tlen query name           accession   qlen   E-value  score  bias   #  of  c-Evalue  i-Evalue  score  bias  from    to  from    to  from    to  acc description of target
#------------------- ---------- ----- -------------------- ---------- ----- --------- ------ ----- --- --- --------- --------- ------ ----- ----- ----- ----- ----- ----- ----- ---- ---------------------
WP_063856409.1       -            641 tetQ                 -            657         0 1508.6   4.1   1   1         0         0 1508.4   4.1    17   657     1   641     1   641 1.00 -
WP_025642386.1       -            651 tetQ                 -            657  1.2e-206  693.6  10.6   1   1  3.3e-210  1.3e-206  693.5  10.6    17   653     1   648     1   651 0.97 -
WP_095283056.1       -            651 tetQ                 -            657  1.2e-206  693.6  10.5   1   1  3.3e-210  1.3e-206  693.5  10.5    17   653     1   648     1   651 0.97 -
WP_095257136.1       -            651 tetQ                 -            657  1.2e-206  693.6  10.9   1   1  3.3e-210  1.3e-206  693.5  10.9    17   653     1   648     1   651 0.97 -
WP_095335272.1       -            651 tetQ                 -            657  1.4e-206  693.4  11.3   1   1  3.9e-210  1.6e-206  693.2  11.3    17   653     1   648     1   651 0.97 -
WP_095341175.1       -            651 tetQ                 -            657    5e-206  691.6  10.4   1   1  1.4e-209  5.6e-206  691.4  10.4    17   653     1   648     1   651 0.97 -
WP_095258580.1       -            651 tetQ                 -            657    7e-206  691.1  10.8   1   1  1.9e-209  7.8e-206  690.9  10.8    17   653     1   648     1   651 0.97 -
WP_095257003.1       -            651 tetQ                 -            657  8.3e-206  690.8  10.5   1   1  2.3e-209  9.3e-206  690.7  10.5    17   653     1   648     1   651 0.97 -
WP_095236811.1       -            651 tetQ                 -            657  1.8e-205  689.7  11.1   1   1  5.1e-209    2e-205  689.5  11.1    17   653     1   648     1   651 0.97 -
WP_095307524.1       -            651 tetQ                 -            657  3.5e-205  688.8  10.8   1   1  9.8e-209  3.9e-205  688.6  10.8    17   653     1   648     1   651 0.97 -
WP_095337211.1       -            651 tetQ                 -            657    9e-205  687.4  10.2   1   1  2.5e-208    1e-204  687.3  10.2    17   653     1   648     1   651 0.97 -
WP_095286326.1       -            651 tetQ                 -            657  1.2e-204  687.0   9.7   1   1  3.4e-208  1.4e-204  686.8   9.7    17   653     1   648     1   651 0.97 -
WP_095259616.1       -            651 tetQ                 -            657  2.7e-204  685.9  11.7   1   1  7.4e-208    3e-204  685.7  11.7    17   653     1   648     1   651 0.97 -
WP_095239735.1       -            651 tetQ                 -            657  2.8e-204  685.8  11.6   1   1  7.8e-208  3.2e-204  685.6  11.6    17   653     1   648     1   651 0.97 -
WP_095243793.1       -            651 tetQ                 -            657  3.3e-204  685.6  11.9   1   1  9.1e-208  3.7e-204  685.4  11.9    17   653     1   648     1   651 0.97 -
WP_095341257.1       -            651 tetQ                 -            657  5.3e-204  684.9  10.7   1   1  1.5e-207    6e-204  684.7  10.7    17   653     1   648     1   651 0.97 -
WP_095338440.1       -            651 tetQ                 -            657  1.7e-203  683.2  11.6   1   1  4.8e-207  1.9e-203  683.0  11.6    17   653     1   648     1   651 0.97 -
WP_095339879.1       -            651 tetQ                 -            657  1.8e-203  683.1  11.3   1   1  5.1e-207    2e-203  682.9  11.3    17   653     1   648     1   651 0.97 -
WP_095280129.1       -            651 tetQ                 -            657  2.1e-203  682.9  11.8   1   1  5.7e-207  2.3e-203  682.8  11.8    17   653     1   648     1   651 0.97 -
WP_095251357.1       -            651 tetQ                 -            657  5.6e-203  681.5  11.9   1   1  1.6e-206  6.3e-203  681.3  11.9    17   653     1   648     1   651 0.97 -
WP_095337399.1       -            651 tetQ                 -            657  8.5e-203  680.9  11.4   1   1  2.4e-206  9.5e-203  680.7  11.4    17   653     1   648     1   651 0.97 -
WP_095306029.1       -            651 tetQ                 -            657  1.1e-202  680.6  11.8   1   1    3e-206  1.2e-202  680.4  11.8    17   653     1   648     1   651 0.97 -
WP_095339683.1       -            651 tetQ                 -            657  1.5e-201  676.8  12.3   1   1  4.1e-205  1.7e-201  676.6  12.3    17   653     1   648     1   651 0.97 -
WP_095314941.1       -            651 tetQ                 -            657    7e-200  671.3  12.5   1   1  1.9e-203  7.9e-200  671.1  12.5    17   653     1   648     1   651 0.97 -
WP_095337545.1       -            651 tetQ                 -            657  2.3e-199  669.5  13.3   1   1  6.5e-203  2.6e-199  669.4  13.3    17   653     1   648     1   651 0.97 -
WP_095242221.1       -            651 tetQ                 -            657  1.3e-198  667.1  12.7   1   1  3.5e-202  1.4e-198  666.9  12.7    17   653     1   648     1   651 0.97 -
WP_095303420.1       -            651 tetQ                 -            657  4.7e-198  665.2  12.5   1   1  1.3e-201  5.3e-198  665.1  12.5    17   653     1   648     1   651 0.97 -
WP_095315064.1       -            651 tetQ                 -            657  2.5e-196  659.5  11.4   1   1  6.8e-200  2.7e-196  659.4  11.4    17   653     1   648     1   651 0.97 -
WP_095231744.1       -            651 tetQ                 -            657  6.2e-196  658.2  12.7   1   1  1.7e-199  6.9e-196  658.1  12.7    17   653     1   648     1   651 0.97 -
WP_095276488.1       -            651 tetQ                 -            657  1.9e-194  653.3  13.5   1   1  5.2e-198  2.1e-194  653.2  13.5    17   653     1   648     1   651 0.97 -
WP_095248115.1       -            651 tetQ                 -            657  5.8e-193  648.4  12.8   1   1  1.6e-196  6.5e-193  648.2  12.8    17   653     1   648     1   651 0.97 -
WP_095235796.1       -            651 tetQ                 -            657  2.7e-191  642.9  14.7   1   1  7.5e-195    3e-191  642.7  14.7    17   653     1   648     1   651 0.97 -
WP_095316442.1       -            651 tetQ                 -            657  7.9e-191  641.4  11.3   1   1  2.2e-194  8.8e-191  641.2  11.3    17   653     1   648     1   651 0.97 -
WP_095337479.1       -            651 tetQ                 -            657  4.6e-185  622.3  12.8   1   1  1.3e-188  5.1e-185  622.2  12.8    17   653     1   648     1   651 0.97 -
WP_095239968.1       -            651 tetQ                 -            657  5.4e-185  622.1  15.5   1   1  1.5e-188    6e-185  621.9  15.5    17   653     1   648     1   651 0.97 -
WP_095264430.1       -            651 tetQ                 -            657    2e-184  620.2  14.0   1   1  5.5e-188  2.2e-184  620.0  14.0    17   653     1   648     1   651 0.97 -
WP_095337845.1       -            651 tetQ                 -            657  9.2e-183  614.7  15.8   1   1  2.5e-186    1e-182  614.5  15.8    17   653     1   648     1   651 0.97 -
WP_095341089.1       -            651 tetQ                 -            657  3.5e-180  606.2  15.4   1   1  9.7e-184  3.9e-180  606.0  15.4    17   653     1   648     1   651 0.97 -
WP_013646121.1       -            639 tetQ                 -            657  4.8e-162  546.3   0.0   1   1  1.3e-165  5.3e-162  546.1   0.0    17   652     1   637     1   639 0.96 -
WP_003711229.1       -            639 tetQ                 -            657  1.4e-161  544.7   0.5   1   1  3.8e-165  1.5e-161  544.6   0.5    17   652     1   637     1   639 0.96 -
WP_002403674.1       -            644 tetQ                 -            657    1e-159  538.6   0.4   1   1  3.1e-163  1.3e-159  538.3   0.4    16   652     5   642     3   644 0.96 -
YP_008719892.1       -            644 tetQ                 -            657    1e-159  538.6   0.4   1   1  3.1e-163  1.3e-159  538.3   0.4    16   652     5   642     3   644 0.96 -
WP_069469652.1       -            641 tetQ                 -            657  1.5e-159  538.0   0.6   1   1  4.2e-163  1.7e-159  537.8   0.6    17   652     1   639     1   641 0.96 -
WP_000691727.1       -            639 tetQ                 -            657  2.8e-159  537.1   0.4   1   1  7.6e-163  3.1e-159  537.0   0.4    17   652     1   637     1   639 0.96 -
WP_000691749.1       -            639 tetQ                 -            657  4.9e-159  536.3   0.4   1   1  1.4e-162  5.5e-159  536.1   0.4    17   652     1   637     1   639 0.96 -
WP_002371500.1       -            639 tetQ                 -            657  5.4e-159  536.2   0.6   1   1  1.5e-162    6e-159  536.0   0.6    17   652     1   637     1   639 0.96 -
WP_000691736.1       -            639 tetQ                 -            657  9.8e-159  535.3   0.4   1   1  2.7e-162  1.1e-158  535.1   0.4    17   652     1   637     1   639 0.96 -
WP_012478245.1       -            652 tetQ                 -            657  2.3e-158  534.1   4.7   1   1  6.6e-162  2.7e-158  533.9   4.7    18   639     3   630     1   649 0.95 -
YP_001967743.1       -            652 tetQ                 -            657  2.3e-158  534.1   4.7   1   1  6.6e-162  2.7e-158  533.9   4.7    18   639     3   630     1   649 0.95 -
NP_862291.1          -            639 tetQ                 -            657  3.6e-158  533.4   0.5   1   1    1e-161  4.1e-158  533.3   0.5    17   652     1   637     1   639 0.96 -
WP_011117014.1       -            639 tetQ                 -            657  3.6e-158  533.4   0.5   1   1    1e-161  4.1e-158  533.3   0.5    17   652     1   637     1   639 0.96 -
WP_001574275.1       -            639 tetQ                 -            657  5.2e-158  532.9   0.6   1   1  1.4e-161  5.8e-158  532.8   0.6    17   652     1   637     1   639 0.96 -
YP_004849392.1       -            639 tetQ                 -            657  5.2e-158  532.9   0.6   1   1  1.4e-161  5.8e-158  532.8   0.6    17   652     1   637     1   639 0.96 -
YP_006377310.1       -            639 tetQ                 -            657  5.2e-158  532.9   0.6   1   1  1.4e-161  5.8e-158  532.8   0.6    17   652     1   637     1   639 0.96 -
WP_110140133.1       -            639 tetQ                 -            657  5.7e-158  532.8   0.7   1   1  1.6e-161  6.4e-158  532.6   0.7    17   652     1   637     1   639 0.96 -
WP_004456831.1       -            660 tetQ                 -            657  6.4e-158  532.6   5.4   1   1  1.9e-161  7.5e-158  532.4   5.4    13   639     6   638     1   657 0.94 -
YP_006961348.1       -            660 tetQ                 -            657  6.4e-158  532.6   5.4   1   1  1.9e-161  7.5e-158  532.4   5.4    13   639     6   638     1   657 0.94 -
WP_099460258.1       -            639 tetQ                 -            657    2e-157  531.0   0.9   1   1  5.7e-161  2.3e-157  530.8   0.9    17   652     1   637     1   639 0.96 -
WP_061573585.1       -            639 tetQ                 -            657    4e-157  530.0   0.7   1   1  1.1e-160  4.5e-157  529.8   0.7    17   652     1   637     1   639 0.96 -
WP_003479689.1       -            652 tetQ                 -            657  4.1e-157  530.0   4.7   1   1  1.2e-160  4.8e-157  529.7   4.7    18   639     3   630     1   649 0.95 -
WP_100728246.1       -            639 tetQ                 -            657  8.1e-157  529.0   0.5   1   1  2.2e-160    9e-157  528.8   0.5    17   652     1   637     1   639 0.95 -
WP_003701913.1       -            644 tetQ                 -            657  1.5e-156  528.1   0.5   1   1  4.7e-160  1.9e-156  527.8   0.5    16   652     5   642     3   644 0.96 -
YP_003600433.1       -            644 tetQ                 -            657  1.5e-156  528.1   0.5   1   1  4.7e-160  1.9e-156  527.8   0.5    16   652     5   642     3   644 0.96 -
WP_025456273.1       -            639 tetQ                 -            657  4.1e-156  526.6   0.5   1   1  1.1e-159  4.6e-156  526.5   0.5    17   652     1   637     1   639 0.96 -
WP_014386813.1       -            639 tetQ                 -            657  8.7e-156  525.6   0.7   1   1  2.4e-159  9.7e-156  525.4   0.7    17   652     1   637     1   639 0.95 -
YP_005352585.1       -            639 tetQ                 -            657  8.7e-156  525.6   0.7   1   1  2.4e-159  9.7e-156  525.4   0.7    17   652     1   637     1   639 0.95 -
YP_009067400.1       -            639 tetQ                 -            657  8.7e-156  525.6   0.7   1   1  2.4e-159  9.7e-156  525.4   0.7    17   652     1   637     1   639 0.95 -
WP_002857791.1       -            639 tetQ                 -            657    1e-155  525.3   0.0   1   1  2.9e-159  1.2e-155  525.2   0.0    17   652     1   637     1   639 0.95 -
WP_021034343.1       -            639 tetQ                 -            657  1.5e-155  524.8   0.0   1   1  4.1e-159  1.7e-155  524.6   0.0    17   652     1   637     1   639 0.95 -
WP_025989258.1       -            639 tetQ                 -            657  1.6e-155  524.7   0.6   1   1  4.4e-159  1.8e-155  524.5   0.6    17   652     1   637     1   639 0.95 -
WP_002872163.1       -            639 tetQ                 -            657  1.6e-155  524.7   0.0   1   1  4.5e-159  1.8e-155  524.5   0.0    17   652     1   637     1   639 0.95 -
YP_063396.1          -            639 tetQ                 -            657  1.6e-155  524.7   0.0   1   1  4.5e-159  1.8e-155  524.5   0.0    17   652     1   637     1   639 0.95 -
WP_002405437.1       -            646 tetQ                 -            657  2.1e-155  524.3   3.8   1   1  6.3e-159  2.5e-155  524.0   3.8    15   653     4   643     2   646 0.95 -
YP_001798653.1       -            646 tetQ                 -            657  2.1e-155  524.3   3.8   1   1  6.3e-159  2.5e-155  524.0   3.8    15   653     4   643     2   646 0.95 -
YP_004770042.1       -            646 tetQ                 -            657  2.1e-155  524.3   3.8   1   1  6.3e-159  2.5e-155  524.0   3.8    15   653     4   643     2   646 0.95 -
YP_006965308.1       -            646 tetQ                 -            657  2.1e-155  524.3   3.8   1   1  6.3e-159  2.5e-155  524.0   3.8    15   653     4   643     2   646 0.95 -
YP_009060519.1       -            646 tetQ                 -            657  2.1e-155  524.3   3.8   1   1  6.3e-159  2.5e-155  524.0   3.8    15   653     4   643     2   646 0.95 -
WP_071315221.1       -            639 tetQ                 -            657  2.1e-155  524.3   0.1   1   1  5.7e-159  2.3e-155  524.2   0.1    17   652     1   637     1   639 0.95 -
WP_032490535.1       -            639 tetQ                 -            657  2.4e-155  524.1   0.1   1   1  6.5e-159  2.6e-155  524.0   0.1    17   652     1   637     1   639 0.95 -
WP_012669445.1       -            639 tetQ                 -            657  3.1e-155  523.8   0.1   1   1  8.5e-159  3.4e-155  523.6   0.1    17   652     1   637     1   639 0.95 -
YP_002650692.1       -            639 tetQ                 -            657  3.1e-155  523.8   0.1   1   1  8.5e-159  3.4e-155  523.6   0.1    17   652     1   637     1   639 0.95 -
WP_011187228.1       -            639 tetQ                 -            657  5.2e-155  523.0   0.2   1   1  1.4e-158  5.8e-155  522.8   0.2    17   652     1   637     1   639 0.95 -
YP_063446.1          -            639 tetQ                 -            657  5.2e-155  523.0   0.2   1   1  1.4e-158  5.8e-155  522.8   0.2    17   652     1   637     1   639 0.95 -
YP_247562.1          -            639 tetQ                 -            657  5.2e-155  523.0   0.2   1   1  1.4e-158  5.8e-155  522.8   0.2    17   652     1   637     1   639 0.95 -
WP_052659138.1       -            639 tetQ                 -            657  5.3e-155  523.0   0.2   1   1  1.5e-158  5.9e-155  522.8   0.2    17   652     1   637     1   639 0.95 -
WP_088868051.1       -            639 tetQ                 -            657  6.3e-155  522.7   0.2   1   1  1.7e-158    7e-155  522.6   0.2    17   652     1   637     1   639 0.95 -
WP_060473528.1       -            639 tetQ                 -            657  8.1e-155  522.4   0.2   1   1  2.2e-158  9.1e-155  522.2   0.2    17   652     1   637     1   639 0.95 -
WP_002781029.1       -            639 tetQ                 -            657  8.6e-155  522.3   0.1   1   1  2.4e-158  9.6e-155  522.1   0.1    17   652     1   637     1   639 0.95 -
WP_002807700.1       -            639 tetQ                 -            657  9.2e-155  522.2   0.1   1   1  2.6e-158    1e-154  522.0   0.1    17   652     1   637     1   639 0.95 -
WP_002909882.1       -            639 tetQ                 -            657  1.1e-154  522.0   0.1   1   1  2.9e-158  1.2e-154  521.8   0.1    17   652     1   637     1   639 0.95 -
WP_057036252.1       -            639 tetQ                 -            657  1.2e-154  521.8   0.0   1   1  3.3e-158  1.3e-154  521.6   0.0    17   652     1   637     1   639 0.95 -
WP_011997530.1       -            646 tetQ                 -            657  1.3e-154  521.7   3.7   1   1  4.1e-158  1.6e-154  521.4   3.7    15   653     4   643     2   646 0.95 -
YP_001429542.1       -            646 tetQ                 -            657  1.3e-154  521.7   3.7   1   1  4.1e-158  1.6e-154  521.4   3.7    15   653     4   643     2   646 0.95 -
WP_002915791.1       -            639 tetQ                 -            657  1.4e-154  521.6   0.0   1   1  3.8e-158  1.5e-154  521.5   0.0    17   652     1   637     1   639 0.95 -
WP_002779752.1       -            639 tetQ                 -            657  3.8e-154  520.1   0.1   1   1  1.1e-157  4.2e-154  520.0   0.1    17   652     1   637     1   639 0.95 -
WP_002808760.1       -            639 tetQ                 -            657  5.9e-154  519.5   0.2   1   1  1.6e-157  6.6e-154  519.4   0.2    17   652     1   637     1   639 0.95 -
WP_003672618.1       -            639 tetQ                 -            657  7.8e-154  519.1   0.0   1   1  2.2e-157  8.8e-154  519.0   0.0    17   654     1   639     1   639 0.95 -
YP_001840820.1       -            639 tetQ                 -            657  7.8e-154  519.1   0.0   1   1  2.2e-157  8.8e-154  519.0   0.0    17   654     1   639     1   639 0.95 -
WP_013136942.1       -            639 tetQ                 -            657    1e-153  518.7   0.0   1   1  2.9e-157  1.2e-153  518.6   0.0    17   654     1   639     1   639 0.95 -
YP_003657308.1       -            639 tetQ                 -            657    1e-153  518.7   0.0   1   1  2.9e-157  1.2e-153  518.6   0.0    17   654     1   639     1   639 0.95 -
WP_014566327.1       -            642 tetQ                 -            657    1e-153  518.7   0.0   1   1  2.9e-157  1.2e-153  518.5   0.0    17   654     1   639     1   642 0.95 -
WP_016497304.1       -            639 tetQ                 -            657  1.6e-153  518.0   0.0   1   1  4.6e-157  1.8e-153  517.9   0.0    17   654     1   639     1   639 0.95 -
WP_060472723.1       -            639 tetQ                 -            657  1.8e-153  517.9   0.2   1   1  4.9e-157    2e-153  517.8   0.2    17   652     1   637     1   639 0.95 -
WP_095296275.1       -            532 tetQ                 -            657  2.9e-142  480.9   0.4   1   1  7.9e-146  3.2e-142  480.7   0.4    17   549     1   532     1   532 0.96 -
WP_095315242.1       -            497 tetQ                 -            657    6e-128  433.6   5.6   1   1  1.8e-131  7.2e-128  433.3   5.6   187   653    22   494     7   497 0.96 -
WP_024316514.1       -            645 tetQ                 -            657  1.2e-106  363.2   0.0   1   1  3.6e-110  1.5e-106  362.9   0.0    17   575     1   565     1   575 0.93 -
WP_025430445.1       -            657 tetQ                 -            657   6.4e-95  324.5   0.0   1   1   1.9e-98   7.8e-95  324.2   0.0    17   618     1   608     1   618 0.89 -
WP_014151327.1       -            662 tetQ                 -            657   2.1e-93  319.5   0.0   1   1   8.8e-97   3.5e-93  318.7   0.0    20   635     8   635     5   647 0.88 -
WP_087449168.1       -            346 tetQ                 -            657   6.1e-77  265.1   0.0   1   1   1.8e-80   7.1e-77  264.8   0.0   323   652    12   344     2   346 0.93 -
WP_001842401.1       -            346 tetQ                 -            657   7.9e-77  264.7   0.0   1   1   2.3e-80   9.2e-77  264.5   0.0   323   652    12   344     2   346 0.93 -
WP_013385813.1       -            692 tetQ                 -            657     1e-66  231.3   0.0   1   2   1.1e-40   4.4e-37  133.4   0.1    18   172     9   163     4   180 0.96 -
WP_013385813.1       -            692 tetQ                 -            657     1e-66  231.3   0.0   2   2     1e-28     4e-25   93.8   0.0   189   628   211   674   204   689 0.89 -
WP_035149480.1       -            639 tetQ                 -            657   6.6e-66  228.6   0.7   1   1   1.1e-68   4.3e-65  225.9   0.7    17   628     1   583     1   598 0.87 -
WP_081537620.1       -            639 tetQ                 -            657   9.5e-66  228.1   1.1   1   1   1.6e-68   6.5e-65  225.3   1.1    17   628     1   583     1   598 0.87 -
WP_087449157.1       -            639 tetQ                 -            657   1.7e-65  227.3   0.3   1   1     2e-68   7.9e-65  225.0   0.3    17   628     1   583     1   598 0.87 -
WP_001878374.1       -            244 tetQ                 -            657     2e-65  227.0   0.0   1   1   5.4e-69   2.2e-65  226.9   0.0   414   652     2   242     1   244 0.96 -
WP_087118838.1       -            639 tetQ                 -            657   7.4e-65  225.1   0.6   1   1   9.4e-68   3.8e-64  222.8   0.6    17   628     1   583     1   598 0.87 -
WP_081325511.1       -            639 tetQ                 -            657   1.2e-64  224.4   1.0   1   1   1.8e-67   7.1e-64  221.9   1.0    17   628     1   583     1   598 0.87 -
WP_011476678.1       -            639 tetQ                 -            657   1.6e-64  224.0   0.9   1   1   1.9e-67   7.8e-64  221.8   0.9    17   628     1   583     1   598 0.87 -
YP_536832.1          -            639 tetQ                 -            657   1.6e-64  224.0   0.9   1   1   1.9e-67   7.8e-64  221.8   0.9    17   628     1   583     1   598 0.87 -
WP_099460289.1       -            639 tetQ                 -            657   2.7e-64  223.2   0.7   1   1   3.8e-67   1.5e-63  220.8   0.7    17   628     1   583     1   598 0.88 -
WP_044005765.1       -            639 tetQ                 -            657   3.6e-64  222.9   1.2   1   1   5.1e-67   2.1e-63  220.3   1.2    17   628     1   583     1   598 0.87 -
WP_008645473.1       -            702 tetQ                 -            657   1.5e-63  220.8   0.0   1   2   2.1e-36   8.5e-33  119.2   0.0    21   169    12   167     7   178 0.92 -
WP_008645473.1       -            702 tetQ                 -            657   1.5e-63  220.8   0.0   2   2   8.9e-30   3.6e-26   97.3   0.0   194   624   224   681   197   698 0.87 -
WP_047036237.1       -            639 tetQ                 -            657   1.6e-63  220.7   1.6   1   1   2.4e-66   9.9e-63  218.1   1.6    17   628     1   583     1   598 0.88 -
WP_008804137.1       -            700 tetQ                 -            657   2.1e-63  220.4   0.0   1   2     2e-35   8.1e-32  116.0   0.0    21   156    12   154     7   169 0.93 -
WP_008804137.1       -            700 tetQ                 -            657   2.1e-63  220.4   0.0   2   2   8.7e-31   3.5e-27  100.6   0.0   196   628   226   683   211   698 0.87 -
WP_029332256.1       -            692 tetQ                 -            657   2.8e-62  216.6   0.0   1   2   1.2e-37   4.9e-34  123.3   0.1    18   152     9   143     4   158 0.97 -
WP_029332256.1       -            692 tetQ                 -            657   2.8e-62  216.6   0.0   2   2     5e-27     2e-23   88.2   0.0   193   624   216   672   195   689 0.90 -
WP_075466800.1       -            700 tetQ                 -            657   4.3e-62  216.0   0.0   1   2   9.1e-36   3.7e-32  117.1   0.0    21   163    12   161     7   175 0.92 -
WP_075466800.1       -            700 tetQ                 -            657   4.3e-62  216.0   0.0   2   2   4.8e-29     2e-25   94.9   0.0   193   622   223   678   211   695 0.86 -
WP_013209803.1       -            700 tetQ                 -            657   6.9e-62  215.3   0.0   1   2   9.1e-36   3.7e-32  117.1   0.0    21   163    12   161     7   175 0.92 -
WP_013209803.1       -            700 tetQ                 -            657   6.9e-62  215.3   0.0   2   2   6.9e-29   2.8e-25   94.4   0.0   193   623   223   679   197   698 0.86 -
WP_011211610.1       -            700 tetQ                 -            657   8.9e-62  215.0   0.0   1   2   4.3e-39   1.7e-35  128.1   0.1    19   170    12   163     4   171 0.94 -
WP_011211610.1       -            700 tetQ                 -            657   8.9e-62  215.0   0.0   2   2   6.7e-25   2.7e-21   81.2   0.0   189   620   215   675   209   694 0.88 -
WP_028854291.1       -            700 tetQ                 -            657   3.2e-61  213.1   0.0   1   2   8.9e-36   3.6e-32  117.1   0.0    21   163    12   161     7   176 0.92 -
WP_028854291.1       -            700 tetQ                 -            657   3.2e-61  213.1   0.0   2   2     3e-28   1.2e-24   92.3   0.0   191   622   221   678   180   694 0.86 -
WP_011004102.1       -            700 tetQ                 -            657   3.3e-61  213.1   0.0   1   2   9.1e-36   3.7e-32  117.1   0.0    21   163    12   161     7   175 0.92 -
WP_011004102.1       -            700 tetQ                 -            657   3.3e-61  213.1   0.0   2   2   3.6e-28   1.5e-24   92.0   0.0   193   622   223   678   213   694 0.86 -
WP_016723194.1       -            700 tetQ                 -            657     5e-61  212.5   0.0   1   2   9.1e-36   3.7e-32  117.1   0.0    21   163    12   161     7   175 0.92 -
WP_016723194.1       -            700 tetQ                 -            657     5e-61  212.5   0.0   2   2   5.5e-28   2.2e-24   91.4   0.0   193   622   223   678   213   694 0.86 -
WP_071093444.1       -            700 tetQ                 -            657   5.1e-61  212.5   0.0   1   2   9.1e-36   3.7e-32  117.1   0.0    21   163    12   161     7   175 0.92 -
WP_071093444.1       -            700 tetQ                 -            657   5.1e-61  212.5   0.0   2   2   5.6e-28   2.2e-24   91.4   0.0   193   622   223   678   213   694 0.86 -
WP_043946424.1       -            700 tetQ                 -            657     1e-59  208.2   0.0   1   2   4.1e-36   1.7e-32  118.2   0.0    21   163    12   161     7   175 0.92 -
WP_043946424.1       -            700 tetQ                 -            657     1e-59  208.2   0.0   2   2     2e-26     8e-23   86.2   0.0   193   624   223   680   180   699 0.85 -
WP_014631347.1       -            700 tetQ                 -            657   1.1e-59  208.0   0.0   1   2   8.9e-36   3.6e-32  117.1   0.0    21   163    12   161     7   176 0.92 -
WP_014631347.1       -            700 tetQ                 -            657   1.1e-59  208.0   0.0   2   2   1.3e-26   5.4e-23   86.8   0.0   193   621   223   677   212   693 0.85 -
WP_000124693.1       -            704 tetQ                 -            657   1.4e-59  207.7   0.0   1   2     8e-39   3.2e-35  127.2   0.0    21   169    12   167     7   177 0.93 -
WP_000124693.1       -            704 tetQ                 -            657   1.4e-59  207.7   0.0   2   2   6.8e-23   2.7e-19   74.6   0.0   197   623   227   683   214   698 0.85 -
WP_013208178.1       -            700 tetQ                 -            657   2.2e-59  207.0   0.0   1   2   9.1e-36   3.7e-32  117.1   0.0    21   163    12   161     7   175 0.92 -
WP_013208178.1       -            700 tetQ                 -            657   2.2e-59  207.0   0.0   2   2     2e-26     8e-23   86.2   0.0   193   624   223   680   180   699 0.85 -
YP_003748061.1       -            700 tetQ                 -            657   2.2e-59  207.0   0.0   1   2   9.1e-36   3.7e-32  117.1   0.0    21   163    12   161     7   175 0.92 -
YP_003748061.1       -            700 tetQ                 -            657   2.2e-59  207.0   0.0   2   2     2e-26     8e-23   86.2   0.0   193   624   223   680   180   699 0.85 -
WP_097388969.1       -            700 tetQ                 -            657   2.5e-59  206.9   0.0   1   2   6.4e-36   2.6e-32  117.6   0.0    21   164    12   162     7   176 0.92 -
WP_097388969.1       -            700 tetQ                 -            657   2.5e-59  206.9   0.0   2   2   2.9e-26   1.2e-22   85.7   0.0   193   624   223   680   180   699 0.85 -
WP_039555151.1       -            700 tetQ                 -            657   2.6e-59  206.8   0.0   1   2   8.9e-36   3.6e-32  117.1   0.0    21   163    12   161     7   176 0.92 -
WP_039555151.1       -            700 tetQ                 -            657   2.6e-59  206.8   0.0   2   2   2.2e-26   8.9e-23   86.1   0.0   193   624   223   680   180   699 0.85 -
WP_103025993.1       -            699 tetQ                 -            657     3e-59  206.6   0.0   1   2   9.1e-36   3.7e-32  117.1   0.0    21   163    12   161     7   175 0.92 -
WP_103025993.1       -            699 tetQ                 -            657     3e-59  206.6   0.0   2   2   3.2e-26   1.3e-22   85.6   0.0   193   622   223   677   212   693 0.85 -
WP_033645245.1       -            704 tetQ                 -            657   5.2e-59  205.8   0.0   1   2   7.2e-39   2.9e-35  127.3   0.0    21   169    12   167     7   177 0.93 -
WP_033645245.1       -            704 tetQ                 -            657   5.2e-59  205.8   0.0   2   2   3.1e-22   1.3e-18   72.4   0.0   196   623   226   683   214   698 0.84 -
WP_042548976.1       -            700 tetQ                 -            657   7.6e-59  205.3   0.0   1   2   9.1e-36   3.7e-32  117.1   0.0    21   163    12   161     7   175 0.92 -
WP_042548976.1       -            700 tetQ                 -            657   7.6e-59  205.3   0.0   2   2   6.5e-26   2.6e-22   84.5   0.0   193   624   223   680   180   699 0.85 -
WP_033648394.1       -            701 tetQ                 -            657   2.2e-58  203.7   0.0   1   2   3.4e-36   1.4e-32  118.5   0.0    21   156    12   154     7   166 0.92 -
WP_033648394.1       -            701 tetQ                 -            657   2.2e-58  203.7   0.0   2   2   4.1e-25   1.7e-21   81.9   0.0   189   627   219   684   154   700 0.84 -
WP_008807045.1       -            704 tetQ                 -            657   4.4e-58  202.8   0.0   1   2   7.2e-39   2.9e-35  127.3   0.0    21   169    12   167     7   177 0.93 -
WP_008807045.1       -            704 tetQ                 -            657   4.4e-58  202.8   0.0   2   2   2.3e-21   9.4e-18   69.5   0.0   197   623   227   683   214   698 0.85 -
WP_033636256.1       -            704 tetQ                 -            657     8e-58  201.9   0.0   1   2   1.9e-38   7.6e-35  126.0   0.0    21   168    12   166     7   177 0.93 -
WP_033636256.1       -            704 tetQ                 -            657     8e-58  201.9   0.0   2   2   1.8e-21   7.4e-18   69.8   0.0   196   623   226   683   214   698 0.84 -
WP_101088983.1       -            698 tetQ                 -            657   3.4e-57  199.8   0.0   1   2   2.5e-37     1e-33  122.2   0.0    21   171    12   169     7   176 0.93 -
WP_101088983.1       -            698 tetQ                 -            657   3.4e-57  199.8   0.0   2   2   1.8e-22   7.4e-19   73.2   0.0   190   621   220   676   212   693 0.87 -
WP_006083603.1       -            698 tetQ                 -            657   1.6e-56  197.6   0.0   1   2   2.7e-38   1.1e-34  125.4   0.0    21   169    12   167     7   176 0.93 -
WP_006083603.1       -            698 tetQ                 -            657   1.6e-56  197.6   0.0   2   2   5.1e-21     2e-17   68.4   0.0   190   621   220   676   211   693 0.87 -
WP_049414677.1       -            713 tetQ                 -            657     4e-56  196.3   0.0   1   2   3.6e-39   1.4e-35  128.4   0.0    21   172    12   170     7   176 0.93 -
WP_049414677.1       -            713 tetQ                 -            657     4e-56  196.3   0.0   2   2   6.7e-19   2.7e-15   61.4   0.0   197   623   227   694   215   709 0.82 -
WP_096619617.1       -            695 tetQ                 -            657   2.9e-53  186.8   0.0   1   3   1.2e-34     5e-31  113.3   0.1    21   170     9   158     2   165 0.95 -
WP_096619617.1       -            695 tetQ                 -            657   2.9e-53  186.8   0.0   2   3   0.00061       2.4   12.0   0.0   187   262   207   282   176   290 0.90 -
WP_096619617.1       -            695 tetQ                 -            657   2.9e-53  186.8   0.0   3   3   7.7e-18   3.1e-14   57.9   0.0   264   643   306   689   297   693 0.91 -
WP_088421638.1       -            711 tetQ                 -            657   2.1e-51  180.7   0.0   1   3   1.7e-36     7e-33  119.5   0.0    21   166    12   164     5   176 0.92 -
WP_088421638.1       -            711 tetQ                 -            657   2.1e-51  180.7   0.0   2   3     0.051   2.1e+02    5.6   0.0   194   261   224   291   215   299 0.87 -
WP_088421638.1       -            711 tetQ                 -            657   2.1e-51  180.7   0.0   3   3   6.6e-16   2.7e-12   51.5   0.0   265   621   321   689   313   702 0.88 -
WP_104833551.1       -            715 tetQ                 -            657   3.7e-51  179.9   0.0   1   3   3.2e-36   1.3e-32  118.6   0.0    20   166    11   164     4   183 0.92 -
WP_104833551.1       -            715 tetQ                 -            657   3.7e-51  179.9   0.0   2   3     0.021        84    6.9   0.0   194   261   224   291   214   298 0.89 -
WP_104833551.1       -            715 tetQ                 -            657   3.7e-51  179.9   0.0   3   3   1.4e-15   5.8e-12   50.4   0.0   266   621   326   693   318   706 0.88 -
WP_060497809.1       -            703 tetQ                 -            657   6.1e-51  179.1   0.0   1   3   4.8e-36     2e-32  118.0   0.0    21   166    12   165     7   184 0.92 -
WP_060497809.1       -            703 tetQ                 -            657   6.1e-51  179.1   0.0   2   3      0.73   2.9e+03    1.8   0.0   197   261   228   292   215   300 0.87 -
WP_060497809.1       -            703 tetQ                 -            657   6.1e-51  179.1   0.0   3   3   3.9e-17   1.6e-13   55.5   0.0   266   638   318   696   303   702 0.90 -
WP_044465332.1       -            715 tetQ                 -            657   1.3e-50  178.1   0.0   1   3   3.4e-36   1.4e-32  118.5   0.0    20   166    11   164     4   178 0.92 -
WP_044465332.1       -            715 tetQ                 -            657   1.3e-50  178.1   0.0   2   3      0.11   4.6e+02    4.4   0.0   197   261   227   291   217   299 0.89 -
WP_044465332.1       -            715 tetQ                 -            657   1.3e-50  178.1   0.0   3   3   9.4e-16   3.8e-12   51.0   0.0   266   621   326   693   319   706 0.87 -
WP_013389042.1       -            685 tetQ                 -            657   2.1e-50  177.4   0.0   1   3   3.4e-28   1.4e-24   92.1   0.0    17   168     6   158     2   166 0.95 -
WP_013389042.1       -            685 tetQ                 -            657   2.1e-50  177.4   0.0   2   3   0.00016      0.66   13.8   0.0   188   260   204   276   187   286 0.88 -
WP_013389042.1       -            685 tetQ                 -            657   2.1e-50  177.4   0.0   3   3   8.6e-21   3.5e-17   67.6   0.2   263   621   301   663   293   671 0.87 -
WP_109333923.1       -            713 tetQ                 -            657     4e-48  169.8   0.0   1   2   2.6e-33     1e-29  109.0   0.0    18   169     9   165     6   176 0.90 -
WP_109333923.1       -            713 tetQ                 -            657     4e-48  169.8   0.0   2   2   2.4e-17   9.8e-14   56.2   0.0   189   630   231   697   213   711 0.84 -
WP_025443642.1       -            692 tetQ                 -            657   1.4e-42  151.5   0.1   1   2     5e-35     2e-31  114.6   0.2    19   173     6   163     2   190 0.91 -
WP_025443642.1       -            692 tetQ                 -            657   1.4e-42  151.5   0.1   2   2     9e-11   3.6e-07   34.5   0.0   196   619   217   664   204   678 0.81 -
WP_077150566.1       -            178 tetQ                 -            657   1.4e-39  141.6   0.0   1   1   3.7e-43   1.5e-39  141.5   0.0   479   652     1   176     1   178 0.95 -
WP_009227633.1       -            720 tetQ                 -            657   1.2e-32  118.7   0.1   1   3   2.8e-18   1.1e-14   59.3   0.0    18   161     8   151     2   174 0.93 -
WP_009227633.1       -            720 tetQ                 -            657   1.2e-32  118.7   0.1   2   3   2.2e-07   0.00088   23.3   0.0   263   395   298   432   214   482 0.82 -
WP_009227633.1       -            720 tetQ                 -            657   1.2e-32  118.7   0.1   3   3     4e-10   1.6e-06   32.4   0.0   479   634   547   703   532   712 0.90 -
WP_011950399.1       -            521 tetQ                 -            657     4e-31  113.7   0.0   1   2   4.2e-29   1.7e-25   95.1   0.0    23   171    10   162     6   176 0.92 -
WP_011950399.1       -            521 tetQ                 -            657     4e-31  113.7   0.0   2   2   2.3e-05     0.093   16.7   0.0   224   374   237   401   211   454 0.74 -
WP_084758695.1       -            550 tetQ                 -            657     2e-29  108.1   0.0   1   2   1.8e-29   7.3e-26   96.3   0.0    22   152    29   163    24   183 0.90 -
WP_084758695.1       -            550 tetQ                 -            657     2e-29  108.1   0.0   2   2    0.0029        12    9.7   0.0   230   431   263   477   233   485 0.78 -
WP_096610578.1       -            543 tetQ                 -            657   4.5e-29  106.9   0.0   1   2   9.5e-25   3.8e-21   80.7   0.0    18   157    15   158     6   177 0.89 -
WP_096610578.1       -            543 tetQ                 -            657   4.5e-29  106.9   0.0   2   2   1.4e-07   0.00055   24.0   0.0   223   431   246   469   222   474 0.80 -
WP_081537430.1       -            613 tetQ                 -            657   4.5e-29  106.9   0.4   1   2   6.5e-31   2.6e-27  101.1   0.2    18   156     6   142     2   160 0.92 -
WP_081537430.1       -            613 tetQ                 -            657   4.5e-29  106.9   0.4   2   2      0.21   8.3e+02    3.6   0.0   287   346   230   292   184   319 0.82 -
WP_027194275.1       -            684 tetQ                 -            657   1.9e-28  104.8   0.0   1   2   2.7e-18   1.1e-14   59.4   0.0    19   256     8   258     5   266 0.88 -
WP_027194275.1       -            684 tetQ                 -            657   1.9e-28  104.8   0.0   2   2     2e-13     8e-10   43.3   0.0   265   627   290   660   279   671 0.88 -
WP_040134073.1       -            535 tetQ                 -            657   3.5e-28  104.0   0.0   1   2   8.4e-27   3.4e-23   87.5   0.0    22   166    14   162    10   167 0.91 -
WP_040134073.1       -            535 tetQ                 -            657   3.5e-28  104.0   0.0   2   2   0.00011      0.46   14.4   0.0   230   428   248   459   239   466 0.76 -
WP_103039104.1       -            535 tetQ                 -            657   3.6e-28  103.9   0.0   1   2   8.4e-27   3.4e-23   87.5   0.0    22   166    14   162    10   167 0.91 -
WP_103039104.1       -            535 tetQ                 -            657   3.6e-28  103.9   0.0   2   2   0.00012      0.48   14.3   0.0   230   428   248   459   239   466 0.77 -
WP_035676137.1       -            535 tetQ                 -            657   3.6e-28  103.9   0.0   1   2   8.4e-27   3.4e-23   87.5   0.0    22   166    14   162    10   167 0.91 -
WP_035676137.1       -            535 tetQ                 -            657   3.6e-28  103.9   0.0   2   2   0.00012      0.49   14.3   0.0   231   428   249   459   240   466 0.77 -
WP_014197109.1       -            535 tetQ                 -            657   3.7e-28  103.9   0.0   1   2   8.4e-27   3.4e-23   87.5   0.0    22   166    14   162    10   167 0.91 -
WP_014197109.1       -            535 tetQ                 -            657   3.7e-28  103.9   0.0   2   2   0.00012      0.49   14.3   0.0   231   428   249   459   240   466 0.77 -
WP_096539973.1       -            542 tetQ                 -            657   4.7e-28  103.5   0.0   1   2     1e-24   4.2e-21   80.6   0.0    21   156    18   157    13   172 0.90 -
WP_096539973.1       -            542 tetQ                 -            657   4.7e-28  103.5   0.0   2   2   1.4e-06    0.0055   20.7   0.0   223   429   246   467   241   475 0.79 -
WP_035995084.1       -            681 tetQ                 -            657     8e-28  102.8   0.0   1   2   3.7e-17   1.5e-13   55.6   0.0    21   255    10   257     6   266 0.88 -
WP_035995084.1       -            681 tetQ                 -            657     8e-28  102.8   0.0   2   2   5.6e-14   2.3e-10   45.1   0.0   266   628   290   660   280   677 0.87 -
WP_094302480.1       -            535 tetQ                 -            657   8.2e-28  102.7   0.0   1   2   1.9e-26   7.6e-23   86.3   0.0    22   166    14   162    10   167 0.91 -
WP_094302480.1       -            535 tetQ                 -            657   8.2e-28  102.7   0.0   2   2   0.00012      0.49   14.3   0.0   231   428   249   459   240   466 0.77 -
WP_012405614.1       -            681 tetQ                 -            657   8.2e-28  102.7   0.0   1   2   2.3e-17   9.4e-14   56.3   0.0    21   255    10   257     6   266 0.90 -
WP_012405614.1       -            681 tetQ                 -            657   8.2e-28  102.7   0.0   2   2   9.2e-14   3.7e-10   44.4   0.0   266   627   290   659   280   676 0.87 -
WP_054932043.1       -            681 tetQ                 -            657   1.2e-27  102.2   0.0   1   2   3.7e-17   1.5e-13   55.6   0.0    21   255    10   257     6   266 0.88 -
WP_054932043.1       -            681 tetQ                 -            657   1.2e-27  102.2   0.0   2   2   8.2e-14   3.3e-10   44.6   0.0   263   628   287   660   277   677 0.87 -
WP_016712460.1       -            606 tetQ                 -            657   2.5e-27  101.2   0.2   1   1   1.8e-30   7.1e-27   99.6   0.1    18   152     4   136     1   162 0.94 -
WP_005754702.1       -            616 tetQ                 -            657   3.4e-27  100.7   0.2   1   1   1.2e-30   4.9e-27  100.2   0.2    19   151    10   141     3   159 0.93 -
WP_014632184.1       -            531 tetQ                 -            657   8.8e-27   99.3   0.0   1   2   9.6e-24   3.9e-20   77.4   0.0    22   153    14   153     7   171 0.86 -
WP_014632184.1       -            531 tetQ                 -            657   8.8e-27   99.3   0.0   2   2   2.4e-06    0.0097   19.9   0.0   225   431   247   466   230   488 0.79 -
WP_078223741.1       -            531 tetQ                 -            657     9e-27   99.3   0.0   1   2   1.1e-23   4.4e-20   77.2   0.0    22   152    14   152     8   171 0.87 -
WP_078223741.1       -            531 tetQ                 -            657     9e-27   99.3   0.0   2   2   2.2e-06    0.0088   20.0   0.0   225   431   247   466   229   487 0.80 -
WP_075468495.1       -            531 tetQ                 -            657   9.1e-27   99.3   0.0   1   2   1.1e-23   4.4e-20   77.2   0.0    22   152    14   152     8   171 0.87 -
WP_075468495.1       -            531 tetQ                 -            657   9.1e-27   99.3   0.0   2   2   2.2e-06     0.009   20.0   0.0   225   431   247   466   230   487 0.80 -
WP_013210772.1       -            531 tetQ                 -            657   9.1e-27   99.3   0.0   1   2   1.1e-23   4.4e-20   77.2   0.0    22   152    14   152     8   171 0.87 -
WP_013210772.1       -            531 tetQ                 -            657   9.1e-27   99.3   0.0   2   2   2.2e-06     0.009   20.0   0.0   225   431   247   466   230   487 0.80 -
WP_003396266.1       -            527 tetQ                 -            657   1.1e-26   99.0   0.0   1   2   1.4e-21   5.4e-18   70.3   0.1    22   151    14   147     9   164 0.90 -
WP_003396266.1       -            527 tetQ                 -            657   1.1e-26   99.0   0.0   2   2   2.2e-08   8.7e-05   26.6   0.0   227   439   244   468   200   483 0.82 -
WP_004931243.1       -            607 tetQ                 -            657   1.3e-26   98.8   0.1   1   1   4.5e-30   1.8e-26   98.3   0.1    18   152     4   136     1   154 0.94 -
WP_071507369.1       -            531 tetQ                 -            657   1.4e-26   98.7   0.0   1   2   9.6e-24   3.9e-20   77.4   0.0    22   153    14   153     7   171 0.86 -
WP_071507369.1       -            531 tetQ                 -            657   1.4e-26   98.7   0.0   2   2   3.7e-06     0.015   19.3   0.0   225   431   247   466   230   487 0.78 -
WP_019719793.1       -            531 tetQ                 -            657   1.5e-26   98.6   0.0   1   2   9.6e-24   3.9e-20   77.4   0.0    22   153    14   153     7   171 0.86 -
WP_019719793.1       -            531 tetQ                 -            657   1.5e-26   98.6   0.0   2   2   4.1e-06     0.016   19.1   0.0   225   431   247   466   230   487 0.78 -
WP_028862022.1       -            531 tetQ                 -            657   1.5e-26   98.6   0.0   1   2   9.6e-24   3.9e-20   77.4   0.0    22   153    14   153     7   171 0.86 -
WP_028862022.1       -            531 tetQ                 -            657   1.5e-26   98.6   0.0   2   2   4.1e-06     0.016   19.1   0.0   225   431   247   466   230   487 0.78 -
WP_013209089.1       -            531 tetQ                 -            657   1.7e-26   98.4   0.0   1   2   9.6e-24   3.9e-20   77.4   0.0    22   153    14   153     7   171 0.86 -
WP_013209089.1       -            531 tetQ                 -            657   1.7e-26   98.4   0.0   2   2   4.7e-06     0.019   18.9   0.0   225   431   247   466   230   487 0.77 -
YP_003748999.1       -            531 tetQ                 -            657   1.7e-26   98.4   0.0   1   2   9.6e-24   3.9e-20   77.4   0.0    22   153    14   153     7   171 0.86 -
YP_003748999.1       -            531 tetQ                 -            657   1.7e-26   98.4   0.0   2   2   4.7e-06     0.019   18.9   0.0   225   431   247   466   230   487 0.77 -
WP_011520203.1       -            530 tetQ                 -            657   2.9e-26   97.6   0.0   1   2   6.3e-23   2.5e-19   74.7   0.0    22   152    14   154     8   173 0.85 -
WP_011520203.1       -            530 tetQ                 -            657   2.9e-26   97.6   0.0   2   2   1.3e-06    0.0051   20.8   0.0   230   431   251   465   244   481 0.81 -
WP_013483947.1       -            601 tetQ                 -            657   4.4e-26   97.0   0.0   1   2   4.1e-21   1.7e-17   68.7   0.0    18   150     6   140     3   153 0.83 -
WP_013483947.1       -            601 tetQ                 -            657   4.4e-26   97.0   0.0   2   2     3e-08   0.00012   26.2   0.0   238   440   165   379   157   409 0.78 -
WP_016713179.1       -            527 tetQ                 -            657   5.6e-26   96.7   0.0   1   2   1.8e-21   7.1e-18   69.9   0.1    22   151    14   147     9   163 0.89 -
WP_016713179.1       -            527 tetQ                 -            657   5.6e-26   96.7   0.0   2   2   9.2e-08   0.00037   24.6   0.0   230   437   247   466   239   481 0.84 -
WP_039556245.1       -            531 tetQ                 -            657   9.1e-26   96.0   0.0   1   2   9.6e-24   3.9e-20   77.4   0.0    22   153    14   153     7   171 0.86 -
WP_039556245.1       -            531 tetQ                 -            657   9.1e-26   96.0   0.0   2   2   2.5e-05       0.1   16.5   0.0   229   431   251   466   232   488 0.77 -
WP_101416342.1       -            607 tetQ                 -            657   9.7e-26   95.9   0.1   1   1   3.4e-29   1.4e-25   95.4   0.1    18   152     4   136     1   154 0.94 -
WP_000572064.1       -            607 tetQ                 -            657   1.1e-25   95.8   0.1   1   1   3.8e-29   1.5e-25   95.2   0.1    18   152     4   136     1   153 0.94 -
WP_000572060.1       -            607 tetQ                 -            657   1.1e-25   95.8   0.1   1   1   3.8e-29   1.5e-25   95.2   0.1    18   152     4   136     1   153 0.94 -
WP_039553865.1       -            531 tetQ                 -            657   1.2e-25   95.6   0.0   1   2   9.6e-24   3.9e-20   77.4   0.0    22   153    14   153     7   171 0.86 -
WP_039553865.1       -            531 tetQ                 -            657   1.2e-25   95.6   0.0   2   2   3.4e-05      0.14   16.1   0.0   229   431   251   466   232   487 0.77 -
WP_006808726.1       -            607 tetQ                 -            657   2.6e-25   94.5   0.1   1   1     1e-28   4.1e-25   93.8   0.1    19   152     5   136     1   154 0.94 -
WP_009227774.1       -            593 tetQ                 -            657   2.6e-25   94.4   0.1   1   2   2.1e-20   8.6e-17   66.3   0.3    18   149     3   133     1   151 0.83 -
WP_009227774.1       -            593 tetQ                 -            657   2.6e-25   94.4   0.1   2   2   2.7e-08   0.00011   26.3   0.0   232   428   153   360   134   382 0.81 -
WP_011001245.1       -            606 tetQ                 -            657   2.7e-25   94.4   0.0   1   1     1e-28   4.1e-25   93.8   0.0    20   152     5   135     1   147 0.94 -
WP_101473307.1       -            607 tetQ                 -            657   1.1e-24   92.4   0.2   1   1   3.7e-28   1.5e-24   91.9   0.2    18   152     4   136     1   154 0.94 -
WP_000175965.1       -            529 tetQ                 -            657   2.8e-23   87.8   0.0   1   2   3.5e-21   1.4e-17   68.9   0.0    22   150    16   148     9   163 0.90 -
WP_000175965.1       -            529 tetQ                 -            657   2.8e-23   87.8   0.0   2   2   2.2e-05     0.091   16.7   0.0   229   433   249   466   241   478 0.83 -
WP_101422810.1       -            529 tetQ                 -            657   4.9e-23   86.9   0.0   1   2   3.5e-21   1.4e-17   68.9   0.0    22   150    16   148     9   163 0.90 -
WP_101422810.1       -            529 tetQ                 -            657   4.9e-23   86.9   0.0   2   2   3.9e-05      0.16   15.9   0.0   228   434   248   467   238   485 0.80 -
WP_089030973.1       -            602 tetQ                 -            657   8.7e-23   86.1   0.0   1   1   3.8e-26   1.5e-22   85.3   0.0    20   152     6   136     2   154 0.93 -
WP_060594499.1       -            632 tetQ                 -            657   2.7e-22   84.5   0.0   1   2   4.6e-24   1.8e-20   78.4   0.0    20   152     8   143     4   164 0.88 -
WP_060594499.1       -            632 tetQ                 -            657   2.7e-22   84.5   0.0   2   2      0.18   7.2e+02    3.8   0.0   262   364   222   328   198   338 0.72 -
WP_004933094.1       -            529 tetQ                 -            657   3.4e-22   84.1   0.0   1   2   7.2e-21   2.9e-17   67.9   0.0    22   149    16   147    12   162 0.91 -
WP_004933094.1       -            529 tetQ                 -            657   3.4e-22   84.1   0.0   2   2   0.00013      0.54   14.1   0.0   231   433   251   466   245   484 0.81 -
WP_023164778.1       -            538 tetQ                 -            657   6.8e-22   83.2   0.0   1   2     4e-24   1.6e-20   78.6   0.0    23   152    28   161    23   176 0.89 -
WP_023164778.1       -            538 tetQ                 -            657   6.8e-22   83.2   0.0   2   2      0.48   1.9e+03    2.4   0.0   232   349   260   390   255   427 0.73 -
YP_008691742.1       -            538 tetQ                 -            657   6.8e-22   83.2   0.0   1   2     4e-24   1.6e-20   78.6   0.0    23   152    28   161    23   176 0.89 -
YP_008691742.1       -            538 tetQ                 -            657   6.8e-22   83.2   0.0   2   2      0.48   1.9e+03    2.4   0.0   232   349   260   390   255   427 0.73 -
WP_078223516.1       -            597 tetQ                 -            657   7.4e-22   83.1   0.0   1   2   1.1e-22   4.5e-19   73.9   0.1    18   149     3   136     1   157 0.87 -
WP_078223516.1       -            597 tetQ                 -            657   7.4e-22   83.1   0.0   2   2     0.014        57    7.4   0.0   235   468   159   402   137   412 0.76 -
WP_024126368.1       -            533 tetQ                 -            657   7.6e-22   83.0   0.0   1   2     4e-23   1.6e-19   75.3   0.0    23   153    20   154    16   165 0.90 -
WP_024126368.1       -            533 tetQ                 -            657   7.6e-22   83.0   0.0   2   2     0.054   2.2e+02    5.5   0.0   230   259   251   280   243   290 0.89 -
YP_008995715.1       -            533 tetQ                 -            657   7.6e-22   83.0   0.0   1   2     4e-23   1.6e-19   75.3   0.0    23   153    20   154    16   165 0.90 -
YP_008995715.1       -            533 tetQ                 -            657   7.6e-22   83.0   0.0   2   2     0.054   2.2e+02    5.5   0.0   230   259   251   280   243   290 0.89 -
YP_008996199.1       -            533 tetQ                 -            657   7.6e-22   83.0   0.0   1   2     4e-23   1.6e-19   75.3   0.0    23   153    20   154    16   165 0.90 -
YP_008996199.1       -            533 tetQ                 -            657   7.6e-22   83.0   0.0   2   2     0.054   2.2e+02    5.5   0.0   230   259   251   280   243   290 0.89 -
WP_001531895.1       -            599 tetQ                 -            657   9.1e-22   82.8   0.0   1   2   3.9e-21   1.6e-17   68.7   0.0    18   161     3   148     1   157 0.87 -
WP_001531895.1       -            599 tetQ                 -            657   9.1e-22   82.8   0.0   2   2   0.00055       2.2   12.1   0.0   235   427   159   362   149   389 0.81 -
WP_008803765.1       -            599 tetQ                 -            657     1e-20   79.3   0.0   1   2   3.6e-21   1.5e-17   68.9   0.0    18   160     3   147     1   157 0.87 -
WP_008803765.1       -            599 tetQ                 -            657     1e-20   79.3   0.0   2   2    0.0054        22    8.8   0.0   234   429   158   364   144   392 0.78 -
WP_003860714.1       -            601 tetQ                 -            657   1.3e-20   79.0   0.0   1   2   3.1e-21   1.2e-17   69.1   0.0    18   161     3   148     1   156 0.88 -
WP_003860714.1       -            601 tetQ                 -            657   1.3e-20   79.0   0.0   2   2    0.0082        33    8.2   0.0   235   429   159   364   144   392 0.78 -
WP_109130185.1       -            528 tetQ                 -            657   1.9e-20   78.4   0.0   1   2   1.2e-22   4.8e-19   73.8   0.0    23   152    21   154    15   167 0.89 -
WP_109130185.1       -            528 tetQ                 -            657   1.9e-20   78.4   0.0   2   2      0.46   1.8e+03    2.4   0.0   232   345   253   379   244   389 0.62 -
WP_000790154.1       -            599 tetQ                 -            657   3.4e-20   77.6   0.0   1   2   4.8e-21   1.9e-17   68.5   0.0    18   161     3   148     1   156 0.87 -
WP_000790154.1       -            599 tetQ                 -            657   3.4e-20   77.6   0.0   2   2     0.015        62    7.3   0.0   235   428   159   363   147   389 0.79 -
WP_060594407.1       -            546 tetQ                 -            657   7.7e-20   76.4   0.0   1   2     1e-19   4.1e-16   64.1   0.0    23   152    26   165    22   190 0.82 -
WP_060594407.1       -            546 tetQ                 -            657   7.7e-20   76.4   0.0   2   2     0.002         8   10.2   0.0   228   303   264   352   244   387 0.66 -
WP_033648940.1       -            599 tetQ                 -            657   4.1e-19   74.0   0.0   1   2   3.9e-20   1.6e-16   65.4   0.0    19   157     4   144     1   156 0.86 -
WP_033648940.1       -            599 tetQ                 -            657   4.1e-19   74.0   0.0   2   2     0.023        94    6.7   0.0   235   428   159   363   145   389 0.79 -
WP_025754588.1       -            599 tetQ                 -            657   2.8e-18   71.2   0.0   1   2   3.1e-18   1.3e-14   59.2   0.0    19   155     7   145     3   159 0.81 -
WP_025754588.1       -            599 tetQ                 -            657   2.8e-18   71.2   0.0   2   2     0.002       8.1   10.2   0.0   236   429   163   367   147   410 0.80 -
WP_005742781.1       -            397 tetQ                 -            657   6.3e-11   46.9   0.0   1   1   2.1e-14   8.6e-11   46.5   0.0    20   163    13   157     9   163 0.84 -
#
# Program:         hmmsearch
# Version:         3.1b2 (February 2015)
# Pipeline mode:   SEARCH
# Query file:      /mnt/research/ShadeLab/Dunivin/gene_targeted_assembly/RDPTools/Xander_assembler/gene_resource/tetQ/originaldata/tetQ.hmm
# Target file:     /mnt/research/ShadeLab/Dunivin/hmmsearch/refseq/protein_files/plasmid.protein.fa
# Option settings: /opt/software/HMMER/3.1b2--GCC-4.8.3/bin/hmmsearch -o /mnt/research/ShadeLab/Dunivin/hmmsearch/refseq/hmm_outputs/tetQ.plasmid.protein.fa.stdout.txt -A /mnt/research/ShadeLab/Dunivin/hmmsearch/refseq/hmm_outputs/tetQ.plasmid.protein.fa.alignment.0.0000000001.txt --domtblout /mnt/research/ShadeLab/Dunivin/hmmsearch/refseq/hmm_outputs/tetQ.plasmid.protein.fa.0.0000000001.tbl.txt -E 0.0000000001 --cpu 8 /mnt/research/ShadeLab/Dunivin/gene_targeted_assembly/RDPTools/Xander_assembler/gene_resource/tetQ/originaldata/tetQ.hmm /mnt/research/ShadeLab/Dunivin/hmmsearch/refseq/protein_files/plasmid.protein.fa 
# Current dir:     /mnt/research/ShadeLab/Dunivin/hmmsearch/bin
# Date:            Wed Jul 25 14:07:52 2018
# [ok]
