#                                                                            --- full sequence --- -------------- this domain -------------   hmm coord   ali coord   env coord
# target name        accession   tlen query name           accession   qlen   E-value  score  bias   #  of  c-Evalue  i-Evalue  score  bias  from    to  from    to  from    to  acc description of target
#------------------- ---------- ----- -------------------- ---------- ----- --------- ------ ----- --- --- --------- --------- ------ ----- ----- ----- ----- ----- ----- ----- ---- ---------------------
WP_013136942.1       -            639 tetW                 -            639         0 1472.0   0.1   1   1         0         0 1471.8   0.1     1   639     1   639     1   639 1.00 -
YP_003657308.1       -            639 tetW                 -            639         0 1472.0   0.1   1   1         0         0 1471.8   0.1     1   639     1   639     1   639 1.00 -
WP_003672618.1       -            639 tetW                 -            639         0 1470.2   0.1   1   1         0         0 1470.0   0.1     1   639     1   639     1   639 1.00 -
YP_001840820.1       -            639 tetW                 -            639         0 1470.2   0.1   1   1         0         0 1470.0   0.1     1   639     1   639     1   639 1.00 -
WP_014566327.1       -            642 tetW                 -            639         0 1470.0   0.1   1   1         0         0 1469.8   0.1     1   638     1   638     1   639 1.00 -
WP_016497304.1       -            639 tetW                 -            639         0 1460.6   0.0   1   1         0         0 1460.4   0.0     1   639     1   639     1   639 1.00 -
WP_013646121.1       -            639 tetW                 -            639         0 1265.2   0.0   1   1         0         0 1265.1   0.0     1   638     1   638     1   639 1.00 -
WP_000691727.1       -            639 tetW                 -            639         0 1062.9   0.0   1   1         0         0 1062.7   0.0     1   638     1   638     1   639 1.00 -
WP_002403674.1       -            644 tetW                 -            639         0 1062.9   0.0   1   1         0         0 1062.7   0.0     1   638     6   643     6   644 1.00 -
YP_008719892.1       -            644 tetW                 -            639         0 1062.9   0.0   1   1         0         0 1062.7   0.0     1   638     6   643     6   644 1.00 -
WP_002371500.1       -            639 tetW                 -            639         0 1062.3   0.0   1   1         0         0 1062.1   0.0     1   638     1   638     1   639 1.00 -
WP_000691749.1       -            639 tetW                 -            639         0 1061.3   0.0   1   1         0         0 1061.1   0.0     1   638     1   638     1   639 1.00 -
WP_000691736.1       -            639 tetW                 -            639         0 1060.7   0.0   1   1         0         0 1060.6   0.0     1   638     1   638     1   639 1.00 -
WP_052659138.1       -            639 tetW                 -            639         0 1060.6   0.0   1   1         0         0 1060.5   0.0     1   638     1   638     1   639 1.00 -
WP_088868051.1       -            639 tetW                 -            639         0 1060.5   0.0   1   1         0         0 1060.3   0.0     1   638     1   638     1   639 1.00 -
WP_060473528.1       -            639 tetW                 -            639         0 1060.1   0.0   1   1         0         0 1060.0   0.0     1   638     1   638     1   639 1.00 -
WP_011187228.1       -            639 tetW                 -            639         0 1059.4   0.0   1   1         0         0 1059.2   0.0     1   638     1   638     1   639 1.00 -
YP_063446.1          -            639 tetW                 -            639         0 1059.4   0.0   1   1         0         0 1059.2   0.0     1   638     1   638     1   639 1.00 -
YP_247562.1          -            639 tetW                 -            639         0 1059.4   0.0   1   1         0         0 1059.2   0.0     1   638     1   638     1   639 1.00 -
NP_862291.1          -            639 tetW                 -            639         0 1059.3   0.0   1   1         0         0 1059.1   0.0     1   638     1   638     1   639 1.00 -
WP_011117014.1       -            639 tetW                 -            639         0 1059.3   0.0   1   1         0         0 1059.1   0.0     1   638     1   638     1   639 1.00 -
WP_071315221.1       -            639 tetW                 -            639         0 1058.7   0.0   1   1         0         0 1058.5   0.0     1   638     1   638     1   639 1.00 -
WP_025456273.1       -            639 tetW                 -            639         0 1058.3   0.0   1   1         0         0 1058.2   0.0     1   638     1   638     1   639 1.00 -
WP_003701913.1       -            644 tetW                 -            639         0 1058.3   0.0   1   1         0         0 1058.1   0.0     1   638     6   643     6   644 1.00 -
YP_003600433.1       -            644 tetW                 -            639         0 1058.3   0.0   1   1         0         0 1058.1   0.0     1   638     6   643     6   644 1.00 -
WP_003711229.1       -            639 tetW                 -            639         0 1058.0   0.0   1   1         0         0 1057.9   0.0     1   638     1   638     1   639 1.00 -
WP_012669445.1       -            639 tetW                 -            639         0 1058.0   0.0   1   1         0         0 1057.8   0.0     1   638     1   638     1   639 1.00 -
YP_002650692.1       -            639 tetW                 -            639         0 1058.0   0.0   1   1         0         0 1057.8   0.0     1   638     1   638     1   639 1.00 -
WP_002857791.1       -            639 tetW                 -            639         0 1057.7   0.0   1   1         0         0 1057.6   0.0     1   638     1   638     1   639 1.00 -
WP_002808760.1       -            639 tetW                 -            639         0 1057.3   0.0   1   1         0         0 1057.1   0.0     1   638     1   638     1   639 1.00 -
WP_060472723.1       -            639 tetW                 -            639         0 1057.2   0.0   1   1         0         0 1057.0   0.0     1   638     1   638     1   639 1.00 -
WP_110140133.1       -            639 tetW                 -            639         0 1057.1   0.0   1   1         0         0 1057.0   0.0     1   638     1   638     1   639 1.00 -
WP_002909882.1       -            639 tetW                 -            639         0 1056.8   0.0   1   1         0         0 1056.6   0.0     1   638     1   638     1   639 1.00 -
WP_002807700.1       -            639 tetW                 -            639         0 1056.6   0.0   1   1         0         0 1056.5   0.0     1   638     1   638     1   639 1.00 -
WP_002779752.1       -            639 tetW                 -            639         0 1056.5   0.0   1   1         0         0 1056.3   0.0     1   638     1   638     1   639 1.00 -
WP_032490535.1       -            639 tetW                 -            639         0 1055.3   0.0   1   1         0         0 1055.1   0.0     1   638     1   638     1   639 1.00 -
WP_057036252.1       -            639 tetW                 -            639         0 1055.2   0.0   1   1         0         0 1055.1   0.0     1   638     1   638     1   639 1.00 -
WP_100728246.1       -            639 tetW                 -            639         0 1055.2   0.0   1   1         0         0 1055.1   0.0     1   638     1   638     1   639 1.00 -
WP_069469652.1       -            641 tetW                 -            639         0 1054.9   0.1   1   1         0         0 1054.7   0.1     1   638     1   640     1   641 0.99 -
WP_002781029.1       -            639 tetW                 -            639         0 1054.9   0.0   1   1         0         0 1054.7   0.0     1   638     1   638     1   639 1.00 -
WP_021034343.1       -            639 tetW                 -            639         0 1054.9   0.0   1   1         0         0 1054.7   0.0     1   638     1   638     1   639 1.00 -
WP_002915791.1       -            639 tetW                 -            639         0 1054.0   0.0   1   1         0         0 1053.9   0.0     1   638     1   638     1   639 1.00 -
WP_001574275.1       -            639 tetW                 -            639         0 1053.9   0.1   1   1         0         0 1053.8   0.1     1   638     1   638     1   639 1.00 -
YP_004849392.1       -            639 tetW                 -            639         0 1053.9   0.1   1   1         0         0 1053.8   0.1     1   638     1   638     1   639 1.00 -
YP_006377310.1       -            639 tetW                 -            639         0 1053.9   0.1   1   1         0         0 1053.8   0.1     1   638     1   638     1   639 1.00 -
WP_025989258.1       -            639 tetW                 -            639         0 1053.5   0.0   1   1         0         0 1053.4   0.0     1   638     1   638     1   639 1.00 -
WP_014386813.1       -            639 tetW                 -            639         0 1051.2   0.1   1   1         0         0 1051.1   0.1     1   638     1   638     1   639 1.00 -
YP_005352585.1       -            639 tetW                 -            639         0 1051.2   0.1   1   1         0         0 1051.1   0.1     1   638     1   638     1   639 1.00 -
YP_009067400.1       -            639 tetW                 -            639         0 1051.2   0.1   1   1         0         0 1051.1   0.1     1   638     1   638     1   639 1.00 -
WP_061573585.1       -            639 tetW                 -            639         0 1051.1   0.1   1   1         0         0 1050.9   0.1     1   638     1   638     1   639 1.00 -
WP_099460258.1       -            639 tetW                 -            639         0 1051.1   0.1   1   1         0         0 1050.9   0.1     1   638     1   638     1   639 1.00 -
WP_002872163.1       -            639 tetW                 -            639         0 1045.6   0.0   1   1         0         0 1045.4   0.0     1   638     1   638     1   639 1.00 -
YP_063396.1          -            639 tetW                 -            639         0 1045.6   0.0   1   1         0         0 1045.4   0.0     1   638     1   638     1   639 1.00 -
WP_002405437.1       -            646 tetW                 -            639         0 1020.4   0.2   1   1         0         0 1020.2   0.2     1   638     6   643     6   644 0.99 -
YP_001798653.1       -            646 tetW                 -            639         0 1020.4   0.2   1   1         0         0 1020.2   0.2     1   638     6   643     6   644 0.99 -
YP_004770042.1       -            646 tetW                 -            639         0 1020.4   0.2   1   1         0         0 1020.2   0.2     1   638     6   643     6   644 0.99 -
YP_006965308.1       -            646 tetW                 -            639         0 1020.4   0.2   1   1         0         0 1020.2   0.2     1   638     6   643     6   644 0.99 -
YP_009060519.1       -            646 tetW                 -            639         0 1020.4   0.2   1   1         0         0 1020.2   0.2     1   638     6   643     6   644 0.99 -
WP_011997530.1       -            646 tetW                 -            639         0 1018.2   0.1   1   1         0         0 1018.0   0.1     1   638     6   643     6   644 0.99 -
YP_001429542.1       -            646 tetW                 -            639         0 1018.2   0.1   1   1         0         0 1018.0   0.1     1   638     6   643     6   644 0.99 -
WP_095296275.1       -            532 tetW                 -            639  2.7e-256  857.7   0.0   1   1    1e-259    3e-256  857.5   0.0     1   532     1   532     1   532 1.00 -
WP_095257136.1       -            651 tetW                 -            639  1.8e-177  597.3   0.4   1   1  6.6e-181    2e-177  597.1   0.4     1   637     1   647     1   649 0.94 -
WP_025642386.1       -            651 tetW                 -            639  2.6e-177  596.7   0.4   1   1  9.9e-181    3e-177  596.5   0.4     1   637     1   647     1   649 0.94 -
WP_095283056.1       -            651 tetW                 -            639  2.7e-177  596.7   0.4   1   1    1e-180  3.1e-177  596.5   0.4     1   637     1   647     1   649 0.94 -
WP_001842401.1       -            346 tetW                 -            639  1.2e-176  594.5   0.0   1   1  4.5e-180  1.4e-176  594.4   0.0   298   638     5   345     1   346 0.99 -
WP_087449168.1       -            346 tetW                 -            639  1.6e-176  594.1   0.0   1   1  5.9e-180  1.8e-176  594.0   0.0   298   638     5   345     1   346 0.99 -
WP_095236811.1       -            651 tetW                 -            639  3.1e-176  593.2   0.5   1   1  1.2e-179  3.5e-176  593.0   0.5     1   637     1   647     1   649 0.94 -
WP_095335272.1       -            651 tetW                 -            639  5.9e-176  592.3   0.5   1   1  2.2e-179  6.7e-176  592.1   0.5     1   637     1   647     1   649 0.94 -
WP_095307524.1       -            651 tetW                 -            639  6.1e-176  592.2   0.4   1   1  2.3e-179  6.9e-176  592.0   0.4     1   637     1   647     1   649 0.94 -
WP_095341175.1       -            651 tetW                 -            639  9.2e-176  591.6   0.4   1   1  3.4e-179    1e-175  591.4   0.4     1   637     1   647     1   649 0.94 -
WP_095286326.1       -            651 tetW                 -            639  1.4e-175  591.0   0.2   1   1  5.3e-179  1.6e-175  590.8   0.2     1   637     1   647     1   649 0.94 -
WP_095258580.1       -            651 tetW                 -            639  1.5e-175  591.0   0.4   1   1  5.4e-179  1.6e-175  590.8   0.4     1   637     1   647     1   649 0.94 -
WP_095251357.1       -            651 tetW                 -            639  3.6e-175  589.7   0.6   1   1  1.3e-178    4e-175  589.5   0.6     1   637     1   647     1   649 0.94 -
WP_095239735.1       -            651 tetW                 -            639  3.7e-175  589.6   0.6   1   1  1.4e-178  4.2e-175  589.4   0.6     1   637     1   647     1   649 0.94 -
WP_095339879.1       -            651 tetW                 -            639  4.2e-175  589.5   0.5   1   1  1.6e-178  4.7e-175  589.3   0.5     1   637     1   647     1   649 0.94 -
WP_095257003.1       -            651 tetW                 -            639  5.1e-175  589.2   0.3   1   1  1.9e-178  5.7e-175  589.0   0.3     1   637     1   647     1   649 0.94 -
WP_095259616.1       -            651 tetW                 -            639  5.2e-175  589.2   0.6   1   1  1.9e-178  5.8e-175  589.0   0.6     1   637     1   647     1   649 0.94 -
WP_095337211.1       -            651 tetW                 -            639  8.2e-175  588.5   0.3   1   1  3.1e-178  9.3e-175  588.3   0.3     1   637     1   647     1   649 0.94 -
WP_095243793.1       -            651 tetW                 -            639  1.1e-174  588.1   0.8   1   1    4e-178  1.2e-174  587.9   0.8     1   637     1   647     1   649 0.94 -
WP_095339683.1       -            651 tetW                 -            639  1.7e-174  587.5   0.8   1   1  6.2e-178  1.9e-174  587.3   0.8     1   637     1   647     1   649 0.94 -
WP_095337399.1       -            651 tetW                 -            639  3.5e-174  586.4   0.5   1   1  1.3e-177    4e-174  586.2   0.5     1   637     1   647     1   649 0.94 -
WP_095341257.1       -            651 tetW                 -            639  5.8e-174  585.7   0.4   1   1  2.2e-177  6.6e-174  585.5   0.4     1   637     1   647     1   649 0.94 -
WP_095280129.1       -            651 tetW                 -            639  6.9e-174  585.4   0.6   1   1  2.6e-177  7.8e-174  585.3   0.6     1   637     1   647     1   649 0.94 -
WP_095338440.1       -            651 tetW                 -            639  1.8e-172  580.7   0.5   1   1  6.8e-176  2.1e-172  580.6   0.5     1   637     1   647     1   649 0.94 -
WP_095306029.1       -            651 tetW                 -            639  1.9e-172  580.7   0.5   1   1    7e-176  2.1e-172  580.5   0.5     1   637     1   647     1   649 0.94 -
WP_095337545.1       -            651 tetW                 -            639  1.1e-170  574.8   1.2   1   1  4.2e-174  1.3e-170  574.6   1.2     1   637     1   647     1   649 0.94 -
WP_095314941.1       -            651 tetW                 -            639  1.4e-170  574.5   0.8   1   1  5.4e-174  1.6e-170  574.3   0.8     1   637     1   647     1   649 0.94 -
WP_095303420.1       -            651 tetW                 -            639  2.4e-170  573.7   0.9   1   1  8.9e-174  2.7e-170  573.6   0.9     1   637     1   647     1   649 0.94 -
WP_095242221.1       -            651 tetW                 -            639  7.3e-169  568.8   1.1   1   1  2.7e-172  8.3e-169  568.7   1.1     1   637     1   647     1   649 0.94 -
WP_095231744.1       -            651 tetW                 -            639  1.5e-167  564.5   0.8   1   1  5.5e-171  1.7e-167  564.3   0.8     1   637     1   647     1   649 0.94 -
WP_095276488.1       -            651 tetW                 -            639  8.1e-167  562.1   1.0   1   1    3e-170  9.2e-167  561.9   1.0     1   637     1   647     1   649 0.94 -
WP_095315064.1       -            651 tetW                 -            639  8.8e-166  558.7   0.3   1   1  3.3e-169    1e-165  558.5   0.3     1   637     1   647     1   649 0.94 -
WP_095248115.1       -            651 tetW                 -            639  1.4e-165  558.0   0.8   1   1    5e-169  1.5e-165  557.9   0.8     1   637     1   647     1   649 0.94 -
WP_095235796.1       -            651 tetW                 -            639  5.6e-162  546.1   1.6   1   1  2.1e-165  6.4e-162  545.9   1.6     1   637     1   647     1   649 0.94 -
WP_095316442.1       -            651 tetW                 -            639  7.8e-162  545.6   0.4   1   1  2.9e-165  8.8e-162  545.4   0.4     1   637     1   647     1   649 0.94 -
WP_095264430.1       -            651 tetW                 -            639  1.6e-157  531.4   1.0   1   1  5.9e-161  1.8e-157  531.2   1.0     1   637     1   647     1   649 0.94 -
WP_063856409.1       -            641 tetW                 -            639  2.7e-157  530.6   0.1   1   1  9.9e-161    3e-157  530.5   0.1     1   639     1   638     1   638 0.95 -
WP_095239968.1       -            651 tetW                 -            639  6.7e-156  526.0   2.0   1   1  2.5e-159  7.6e-156  525.8   2.0     1   637     1   647     1   649 0.94 -
WP_095337845.1       -            651 tetW                 -            639  7.2e-156  525.9   2.2   1   1  2.7e-159  8.2e-156  525.7   2.2     1   637     1   647     1   649 0.94 -
WP_095337479.1       -            651 tetW                 -            639  6.2e-154  519.5   0.6   1   1  2.3e-157    7e-154  519.3   0.6     1   637     1   647     1   649 0.94 -
WP_095341089.1       -            651 tetW                 -            639  5.3e-152  513.1   1.3   1   1    2e-155  6.1e-152  512.9   1.3     1   637     1   647     1   649 0.94 -
WP_003479689.1       -            652 tetW                 -            639  2.2e-146  494.6   0.0   1   1  8.1e-150  2.5e-146  494.4   0.0     2   615     3   623     1   647 0.93 -
WP_004456831.1       -            660 tetW                 -            639  2.3e-146  494.5   0.0   1   1  8.5e-150  2.6e-146  494.3   0.0     2   615    11   631     9   655 0.93 -
YP_006961348.1       -            660 tetW                 -            639  2.3e-146  494.5   0.0   1   1  8.5e-150  2.6e-146  494.3   0.0     2   615    11   631     9   655 0.93 -
WP_012478245.1       -            652 tetW                 -            639    9e-146  492.5   0.0   1   1  3.4e-149    1e-145  492.4   0.0     2   615     3   623     1   647 0.93 -
YP_001967743.1       -            652 tetW                 -            639    9e-146  492.5   0.0   1   1  3.4e-149    1e-145  492.4   0.0     2   615     3   623     1   647 0.93 -
WP_001878374.1       -            244 tetW                 -            639    2e-138  468.3   0.2   1   1  7.3e-142  2.2e-138  468.1   0.2   396   638     1   243     1   244 0.99 -
WP_095315242.1       -            497 tetW                 -            639  1.4e-102  349.8   0.0   1   1  5.8e-106  1.8e-102  349.5   0.0   176   637    29   493    16   495 0.94 -
WP_025430445.1       -            657 tetW                 -            639  1.9e-102  349.4   0.0   1   1  7.8e-106  2.4e-102  349.1   0.0     1   613     1   620     1   633 0.91 -
WP_024316514.1       -            645 tetW                 -            639  1.6e-101  346.3   0.0   1   1  6.3e-105  1.9e-101  346.1   0.0     1   631     1   638     1   644 0.91 -
WP_077150566.1       -            178 tetW                 -            639   1.6e-99  339.8   0.3   1   1  5.8e-103   1.8e-99  339.6   0.3   462   638     1   177     1   178 0.99 -
WP_014151327.1       -            662 tetW                 -            639   1.2e-92  317.1   0.0   1   1   6.3e-96   1.9e-92  316.4   0.0     4   602     8   619     6   650 0.85 -
WP_029332256.1       -            692 tetW                 -            639   2.3e-74  256.7   0.3   1   2   1.9e-42   5.9e-39  139.7   0.1     4   152    11   159     8   171 0.97 -
WP_029332256.1       -            692 tetW                 -            639   2.3e-74  256.7   0.3   2   2   2.1e-34   6.4e-31  113.1   0.0   175   608   216   673   194   688 0.82 -
WP_013385813.1       -            692 tetW                 -            639   6.6e-69  238.6   0.1   1   2   5.1e-41   1.5e-37  135.0   0.1     4   155    11   162     8   173 0.97 -
WP_013385813.1       -            692 tetW                 -            639   6.6e-69  238.6   0.1   2   2   1.7e-30     5e-27  100.3   0.0   173   611   213   674   198   682 0.86 -
WP_008645473.1       -            702 tetW                 -            639   1.6e-68  237.4   0.0   1   2     1e-34   3.1e-31  114.2   0.1     5   153    12   167     9   197 0.91 -
WP_008645473.1       -            702 tetW                 -            639   1.6e-68  237.4   0.0   2   2     3e-36   9.2e-33  119.2   0.0   161   623   208   700   180   702 0.82 -
WP_075466800.1       -            700 tetW                 -            639   8.4e-66  228.4   0.0   1   1   3.2e-65   9.8e-62  214.9   0.0     5   613    12   686     9   699 0.80 -
WP_013209803.1       -            700 tetW                 -            639   9.5e-66  228.2   0.0   1   1   3.6e-65   1.1e-61  214.8   0.0     5   613    12   686     9   699 0.80 -
WP_047036237.1       -            639 tetW                 -            639   1.5e-65  227.6   0.1   1   1   1.7e-68   5.2e-65  225.8   0.1     1   611     1   583     1   604 0.87 -
WP_071093444.1       -            700 tetW                 -            639   5.5e-65  225.7   0.0   1   2   4.3e-34   1.3e-30  112.1   0.0     5   150    12   164     9   176 0.93 -
WP_071093444.1       -            700 tetW                 -            639   5.5e-65  225.7   0.0   2   2   1.8e-33   5.4e-30  110.1   0.0   176   623   224   699   209   700 0.83 -
WP_011004102.1       -            700 tetW                 -            639   6.2e-65  225.5   0.0   1   2   4.5e-34   1.4e-30  112.1   0.0     5   150    12   164     9   173 0.93 -
WP_011004102.1       -            700 tetW                 -            639   6.2e-65  225.5   0.0   2   2   2.2e-33   6.6e-30  109.8   0.0   176   623   224   699   213   700 0.83 -
WP_013208178.1       -            700 tetW                 -            639   8.8e-65  225.0   0.0   1   2   3.9e-34   1.2e-30  112.2   0.0     5   150    12   164     9   195 0.93 -
WP_013208178.1       -            700 tetW                 -            639   8.8e-65  225.0   0.0   2   2   2.4e-33   7.3e-30  109.6   0.0   175   613   223   686   180   700 0.84 -
YP_003748061.1       -            700 tetW                 -            639   8.8e-65  225.0   0.0   1   2   3.9e-34   1.2e-30  112.2   0.0     5   150    12   164     9   195 0.93 -
YP_003748061.1       -            700 tetW                 -            639   8.8e-65  225.0   0.0   2   2   2.4e-33   7.3e-30  109.6   0.0   175   613   223   686   180   700 0.84 -
WP_016723194.1       -            700 tetW                 -            639   9.7e-65  224.9   0.0   1   2   4.5e-34   1.4e-30  112.1   0.0     5   150    12   164     9   173 0.93 -
WP_016723194.1       -            700 tetW                 -            639   9.7e-65  224.9   0.0   2   2   3.4e-33     1e-29  109.2   0.0   176   623   224   699   213   700 0.83 -
WP_028854291.1       -            700 tetW                 -            639   1.3e-64  224.4   0.0   1   2   3.9e-34   1.2e-30  112.3   0.0     5   150    12   164     9   196 0.93 -
WP_028854291.1       -            700 tetW                 -            639   1.3e-64  224.4   0.0   2   2   4.3e-33   1.3e-29  108.8   0.0   176   623   224   699   213   700 0.83 -
WP_043946424.1       -            700 tetW                 -            639     2e-64  223.8   0.0   1   2   8.7e-34   2.7e-30  111.1   0.0     5   150    12   164     9   195 0.93 -
WP_043946424.1       -            700 tetW                 -            639     2e-64  223.8   0.0   2   2   2.4e-33   7.3e-30  109.6   0.0   175   613   223   686   180   700 0.84 -
WP_014631347.1       -            700 tetW                 -            639     2e-64  223.8   0.0   1   2   4.7e-34   1.4e-30  112.0   0.0     5   150    12   164     9   171 0.93 -
WP_014631347.1       -            700 tetW                 -            639     2e-64  223.8   0.0   2   2   6.6e-33     2e-29  108.2   0.0   176   623   224   699   212   700 0.83 -
WP_039555151.1       -            700 tetW                 -            639   4.2e-64  222.8   0.0   1   2   4.4e-34   1.3e-30  112.1   0.0     5   150    12   164     9   174 0.93 -
WP_039555151.1       -            700 tetW                 -            639   4.2e-64  222.8   0.0   2   2   1.4e-32   4.2e-29  107.1   0.0   176   613   224   686   213   700 0.84 -
WP_096619617.1       -            695 tetW                 -            639   8.1e-64  221.8   0.0   1   2   9.9e-39     3e-35  127.4   0.0     5   151     9   155     5   175 0.96 -
WP_096619617.1       -            695 tetW                 -            639   8.1e-64  221.8   0.0   2   2   7.9e-28   2.4e-24   91.4   0.0   173   613   211   676   192   694 0.85 -
WP_042548976.1       -            700 tetW                 -            639   9.2e-64  221.6   0.0   1   2   4.4e-34   1.3e-30  112.1   0.0     5   150    12   164     9   174 0.93 -
WP_042548976.1       -            700 tetW                 -            639   9.2e-64  221.6   0.0   2   2   2.5e-32   7.6e-29  106.3   0.0   175   613   223   686   180   700 0.84 -
WP_011211610.1       -            700 tetW                 -            639     1e-63  221.5   0.1   1   2     8e-41   2.4e-37  134.4   0.1     2   193    11   202    10   217 0.88 -
WP_011211610.1       -            700 tetW                 -            639     1e-63  221.5   0.1   2   2   6.2e-25   1.9e-21   81.8   0.0   173   603   217   675   209   696 0.82 -
WP_097388969.1       -            700 tetW                 -            639   1.1e-63  221.4   0.0   1   2     1e-33   3.2e-30  110.8   0.0     5   150    12   164     9   175 0.93 -
WP_097388969.1       -            700 tetW                 -            639   1.1e-63  221.4   0.0   2   2   1.4e-32   4.3e-29  107.1   0.0   176   613   224   686   212   700 0.84 -
WP_081325511.1       -            639 tetW                 -            639   1.3e-63  221.1   0.1   1   1   2.5e-66   7.5e-63  218.6   0.1     1   613     1   585     1   606 0.86 -
WP_103025993.1       -            699 tetW                 -            639   2.7e-63  220.1   0.0   1   2   4.5e-34   1.4e-30  112.1   0.0     5   150    12   164     9   173 0.93 -
WP_103025993.1       -            699 tetW                 -            639   2.7e-63  220.1   0.0   2   2   8.4e-32   2.6e-28  104.5   0.0   176   623   224   698   207   699 0.83 -
WP_044005765.1       -            639 tetW                 -            639   5.7e-63  219.0   0.1   1   1   1.1e-65   3.3e-62  216.5   0.1     1   613     1   585     1   606 0.86 -
WP_099460289.1       -            639 tetW                 -            639   8.4e-63  218.5   0.0   1   1   1.7e-65   5.2e-62  215.9   0.0     1   613     1   585     1   606 0.86 -
WP_008804137.1       -            700 tetW                 -            639   8.6e-63  218.4   0.0   1   2   1.6e-35     5e-32  116.8   0.0     5   151    12   165     9   175 0.92 -
WP_008804137.1       -            700 tetW                 -            639   8.6e-63  218.4   0.0   2   2   3.2e-30   9.8e-27   99.3   0.0   176   613   224   685   212   699 0.87 -
WP_081537620.1       -            639 tetW                 -            639   2.3e-62  217.0   0.0   1   1   3.4e-65     1e-61  214.8   0.0     1   612     1   584     1   606 0.86 -
WP_087449157.1       -            639 tetW                 -            639   7.6e-62  215.3   0.0   1   1   6.8e-65   2.1e-61  213.9   0.0     1   612     1   584     1   606 0.87 -
WP_008807045.1       -            704 tetW                 -            639   1.2e-61  214.7   0.1   1   2   2.7e-35   8.3e-32  116.1   0.1     4   152    11   166     8   197 0.91 -
WP_008807045.1       -            704 tetW                 -            639   1.2e-61  214.7   0.1   2   2   1.6e-28   4.8e-25   93.7   0.0   177   622   225   702   181   704 0.84 -
WP_035149480.1       -            639 tetW                 -            639   1.9e-61  214.0   0.0   1   1   2.8e-64   8.7e-61  211.8   0.0     1   612     1   584     1   606 0.86 -
WP_087118838.1       -            639 tetW                 -            639   2.9e-61  213.4   0.0   1   1   4.6e-64   1.4e-60  211.1   0.0     1   612     1   584     1   606 0.86 -
WP_011476678.1       -            639 tetW                 -            639   3.3e-61  213.2   0.0   1   1   4.9e-64   1.5e-60  211.0   0.0     1   612     1   584     1   606 0.86 -
YP_536832.1          -            639 tetW                 -            639   3.3e-61  213.2   0.0   1   1   4.9e-64   1.5e-60  211.0   0.0     1   612     1   584     1   606 0.86 -
WP_033636256.1       -            704 tetW                 -            639     8e-61  211.9   0.0   1   2   2.8e-35   8.5e-32  116.0   0.0     4   151    11   165     8   196 0.91 -
WP_033636256.1       -            704 tetW                 -            639     8e-61  211.9   0.0   2   2   1.3e-27   3.8e-24   90.8   0.0   176   622   224   702   207   704 0.83 -
WP_000124693.1       -            704 tetW                 -            639   1.4e-60  211.1   0.1   1   2     6e-35   1.8e-31  114.9   0.1     4   152    11   166     8   197 0.91 -
WP_000124693.1       -            704 tetW                 -            639   1.4e-60  211.1   0.1   2   2   8.6e-28   2.6e-24   91.3   0.0   177   622   225   702   179   704 0.84 -
WP_006083603.1       -            698 tetW                 -            639   2.2e-60  210.5   0.0   1   2   4.6e-39   1.4e-35  128.5   0.1     5   153    12   167     9   195 0.93 -
WP_006083603.1       -            698 tetW                 -            639   2.2e-60  210.5   0.0   2   2   6.5e-24     2e-20   78.5   0.0   178   613   226   685   219   697 0.83 -
WP_033645245.1       -            704 tetW                 -            639   2.6e-60  210.2   0.0   1   2   3.1e-35   9.5e-32  115.9   0.1     4   151    11   165     8   197 0.91 -
WP_033645245.1       -            704 tetW                 -            639   2.6e-60  210.2   0.0   2   2   3.6e-27   1.1e-23   89.2   0.0   176   622   224   702   208   704 0.83 -
WP_101088983.1       -            698 tetW                 -            639   1.2e-57  201.4   0.1   1   2   3.6e-39   1.1e-35  128.9   0.1     5   153    12   167     9   190 0.92 -
WP_101088983.1       -            698 tetW                 -            639   1.2e-57  201.4   0.1   2   2   6.1e-21   1.8e-17   68.7   0.0   178   613   226   685   213   697 0.82 -
WP_049414677.1       -            713 tetW                 -            639   3.7e-57  199.8   0.0   1   2   4.2e-36   1.3e-32  118.7   0.0     5   151    12   165     9   176 0.93 -
WP_049414677.1       -            713 tetW                 -            639   3.7e-57  199.8   0.0   2   2   1.3e-22   4.1e-19   74.1   0.0   177   613   225   701   215   710 0.75 -
WP_033648394.1       -            701 tetW                 -            639     1e-56  198.4   0.0   1   2   5.6e-34   1.7e-30  111.7   0.1     5   151    12   165     9   173 0.92 -
WP_033648394.1       -            701 tetW                 -            639     1e-56  198.4   0.0   2   2     3e-25   9.1e-22   82.9   0.0   175   558   223   630   180   689 0.81 -
WP_025443642.1       -            692 tetW                 -            639     1e-55  195.0   0.1   1   2   1.5e-40   4.5e-37  133.5   0.2     2   157     5   163     4   211 0.86 -
WP_025443642.1       -            692 tetW                 -            639     1e-55  195.0   0.1   2   2   2.7e-17   8.3e-14   56.6   0.0   174   551   213   613   193   619 0.82 -
WP_109333923.1       -            713 tetW                 -            639   1.5e-55  194.5   0.0   1   2   6.4e-36   1.9e-32  118.1   0.0     3   153    10   165     8   199 0.88 -
WP_109333923.1       -            713 tetW                 -            639   1.5e-55  194.5   0.0   2   2   2.6e-22   7.9e-19   73.2   0.0   173   611   233   695   225   709 0.85 -
WP_060497809.1       -            703 tetW                 -            639   3.8e-55  193.2   0.1   1   3     2e-36     6e-33  119.8   0.2     5   151    12   166     9   220 0.89 -
WP_060497809.1       -            703 tetW                 -            639   3.8e-55  193.2   0.1   2   3   0.00096       2.9   11.8   0.0   175   237   224   286   209   296 0.90 -
WP_060497809.1       -            703 tetW                 -            639   3.8e-55  193.2   0.1   3   3   1.2e-17   3.7e-14   57.7   0.0   264   613   333   688   314   702 0.85 -
WP_044465332.1       -            715 tetW                 -            639   1.5e-54  191.2   0.0   1   3     3e-37   9.2e-34  122.5   0.0     5   190    12   203     8   225 0.89 -
WP_044465332.1       -            715 tetW                 -            639   1.5e-54  191.2   0.0   2   3     0.043   1.3e+02    6.4   0.0   175   238   223   286   208   294 0.89 -
WP_044465332.1       -            715 tetW                 -            639   1.5e-54  191.2   0.0   3   3   7.1e-18   2.1e-14   58.5   0.0   264   613   341   702   326   709 0.83 -
WP_088421638.1       -            711 tetW                 -            639   5.2e-54  189.4   0.1   1   3   1.4e-36   4.2e-33  120.3   0.1     5   189    12   202     8   226 0.85 -
WP_088421638.1       -            711 tetW                 -            639   5.2e-54  189.4   0.1   2   3    0.0042        13    9.7   0.0   175   238   223   286   209   294 0.90 -
WP_088421638.1       -            711 tetW                 -            639   5.2e-54  189.4   0.1   3   3   4.8e-17   1.4e-13   55.8   0.0   261   613   334   698   315   706 0.83 -
WP_104833551.1       -            715 tetW                 -            639     8e-54  188.8   0.1   1   3     1e-36   3.1e-33  120.8   0.1     5   183    12   196     8   219 0.86 -
WP_104833551.1       -            715 tetW                 -            639     8e-54  188.8   0.1   2   3    0.0093        28    8.6   0.0   173   238   221   286   205   293 0.88 -
WP_104833551.1       -            715 tetW                 -            639     8e-54  188.8   0.1   3   3     7e-17   2.1e-13   55.3   0.0   264   613   341   702   325   709 0.83 -
WP_013389042.1       -            685 tetW                 -            639   1.9e-45  161.1   0.0   1   3   5.7e-28   1.7e-24   91.9   0.0     2   148     8   154     6   159 0.96 -
WP_013389042.1       -            685 tetW                 -            639   1.9e-45  161.1   0.0   2   3   8.2e-08   0.00025   25.3   0.0   175   235   209   269   195   291 0.90 -
WP_013389042.1       -            685 tetW                 -            639   1.9e-45  161.1   0.0   3   3   2.4e-12   7.4e-09   40.2   0.0   342   601   399   660   307   681 0.84 -
WP_027194275.1       -            684 tetW                 -            639   1.5e-43  154.8   0.0   1   2   5.7e-28   1.7e-24   91.9   0.0     6   238    11   258     7   267 0.84 -
WP_027194275.1       -            684 tetW                 -            639   1.5e-43  154.8   0.0   2   2   2.1e-18   6.5e-15   60.3   0.0   267   610   309   660   287   682 0.83 -
WP_012405614.1       -            681 tetW                 -            639   4.5e-39  140.1   0.0   1   2   8.4e-25   2.6e-21   81.4   0.0     3   238     8   258     6   266 0.83 -
WP_012405614.1       -            681 tetW                 -            639   4.5e-39  140.1   0.0   2   2   3.4e-17     1e-13   56.3   0.0   342   610   387   659   288   667 0.85 -
WP_035995084.1       -            681 tetW                 -            639   8.4e-39  139.2   0.0   1   2   1.2e-25   3.7e-22   84.2   0.0     3   238     8   258     6   267 0.86 -
WP_035995084.1       -            681 tetW                 -            639   8.4e-39  139.2   0.0   2   2   3.7e-16   1.1e-12   52.9   0.0   319   610   362   659   283   667 0.81 -
WP_054932043.1       -            681 tetW                 -            639   9.5e-39  139.0   0.0   1   2   1.2e-25   3.7e-22   84.2   0.0     3   238     8   258     6   267 0.86 -
WP_054932043.1       -            681 tetW                 -            639   9.5e-39  139.0   0.0   2   2   4.2e-16   1.3e-12   52.7   0.0   341   610   386   659   282   667 0.81 -
WP_009227633.1       -            720 tetW                 -            639   1.5e-38  138.4   0.0   1   3   6.9e-24   2.1e-20   78.4   0.0     2   151     8   157     7   169 0.96 -
WP_009227633.1       -            720 tetW                 -            639   1.5e-38  138.4   0.0   2   3   4.1e-10   1.2e-06   32.9   0.0   177   427   215   481   197   489 0.85 -
WP_009227633.1       -            720 tetW                 -            639   1.5e-38  138.4   0.0   3   3   3.4e-07     0.001   23.3   0.0   455   611   540   697   527   707 0.91 -
WP_011950399.1       -            521 tetW                 -            639   4.8e-38  136.7   0.0   1   2   1.9e-33   5.8e-30  110.0   0.0     7   152    10   159     7   163 0.94 -
WP_011950399.1       -            521 tetW                 -            639   4.8e-38  136.7   0.0   2   2   1.4e-07   0.00042   24.5   0.0   211   413   242   456   229   468 0.76 -
WP_084758695.1       -            550 tetW                 -            639   1.1e-33  122.3   0.0   1   2   3.4e-34     1e-30  112.5   0.0     7   151    30   178    27   180 0.93 -
WP_084758695.1       -            550 tetW                 -            639   1.1e-33  122.3   0.0   2   2     0.016        50    7.8   0.0   211   402   262   465   207   485 0.65 -
WP_039556245.1       -            531 tetW                 -            639   1.6e-32  118.4   0.0   1   2   1.1e-27   3.4e-24   90.9   0.0     7   134    15   150    11   169 0.87 -
WP_039556245.1       -            531 tetW                 -            639   1.6e-32  118.4   0.0   2   2   8.2e-08   0.00025   25.3   0.0   214   427   254   478   241   490 0.72 -
WP_039553865.1       -            531 tetW                 -            639   1.7e-32  118.4   0.0   1   2   1.1e-27   3.4e-24   90.9   0.0     7   134    15   150    11   169 0.87 -
WP_039553865.1       -            531 tetW                 -            639   1.7e-32  118.4   0.0   2   2   8.4e-08   0.00026   25.2   0.0   213   421   253   472   234   487 0.72 -
WP_013209089.1       -            531 tetW                 -            639   2.8e-32  117.6   0.0   1   2   1.1e-27   3.4e-24   90.9   0.0     7   134    15   150    11   169 0.87 -
WP_013209089.1       -            531 tetW                 -            639   2.8e-32  117.6   0.0   2   2   1.5e-07   0.00045   24.5   0.0   214   421   254   472   241   487 0.72 -
YP_003748999.1       -            531 tetW                 -            639   2.8e-32  117.6   0.0   1   2   1.1e-27   3.4e-24   90.9   0.0     7   134    15   150    11   169 0.87 -
YP_003748999.1       -            531 tetW                 -            639   2.8e-32  117.6   0.0   2   2   1.5e-07   0.00045   24.5   0.0   214   421   254   472   241   487 0.72 -
WP_014632184.1       -            531 tetW                 -            639   3.9e-32  117.1   0.0   1   2   1.1e-27   3.3e-24   90.9   0.0     7   134    15   150    11   170 0.87 -
WP_014632184.1       -            531 tetW                 -            639   3.9e-32  117.1   0.0   2   2   2.2e-07   0.00067   23.9   0.0   214   426   254   477   242   489 0.71 -
WP_078223741.1       -            531 tetW                 -            639   4.3e-32  117.0   0.0   1   2   8.9e-28   2.7e-24   91.3   0.0     7   134    15   150    11   169 0.86 -
WP_078223741.1       -            531 tetW                 -            639   4.3e-32  117.0   0.0   2   2   2.8e-07   0.00086   23.5   0.0   214   426   254   477   242   489 0.71 -
WP_013210772.1       -            531 tetW                 -            639   4.3e-32  117.0   0.0   1   2   8.9e-28   2.7e-24   91.3   0.0     7   134    15   150    11   169 0.86 -
WP_013210772.1       -            531 tetW                 -            639   4.3e-32  117.0   0.0   2   2   2.8e-07   0.00086   23.5   0.0   214   426   254   477   242   489 0.71 -
WP_075468495.1       -            531 tetW                 -            639   4.3e-32  117.0   0.0   1   2   8.9e-28   2.7e-24   91.3   0.0     7   134    15   150    11   169 0.86 -
WP_075468495.1       -            531 tetW                 -            639   4.3e-32  117.0   0.0   2   2   2.8e-07   0.00086   23.5   0.0   214   426   254   477   242   489 0.71 -
WP_011520203.1       -            530 tetW                 -            639   4.6e-32  116.9   0.0   1   3   7.2e-27   2.2e-23   88.2   0.0     7   134    15   152    11   169 0.85 -
WP_011520203.1       -            530 tetW                 -            639   4.6e-32  116.9   0.0   2   3      0.26   7.9e+02    3.8   0.0   219   251   178   210   160   218 0.80 -
WP_011520203.1       -            530 tetW                 -            639   4.6e-32  116.9   0.0   3   3   1.7e-06    0.0051   21.0   0.0   214   413   253   464   243   482 0.71 -
WP_071507369.1       -            531 tetW                 -            639   7.2e-32  116.3   0.0   1   2   1.2e-27   3.7e-24   90.8   0.0     7   134    15   150    11   165 0.88 -
WP_071507369.1       -            531 tetW                 -            639   7.2e-32  116.3   0.0   2   2   4.2e-07    0.0013   22.9   0.0   214   418   254   469   242   487 0.70 -
WP_019719793.1       -            531 tetW                 -            639   7.4e-32  116.2   0.0   1   2   1.2e-27   3.7e-24   90.8   0.0     7   134    15   150    11   165 0.88 -
WP_019719793.1       -            531 tetW                 -            639   7.4e-32  116.2   0.0   2   2   4.3e-07    0.0013   22.9   0.0   214   418   254   469   242   487 0.70 -
WP_028862022.1       -            531 tetW                 -            639   7.4e-32  116.2   0.0   1   2   1.2e-27   3.7e-24   90.8   0.0     7   134    15   150    11   165 0.88 -
WP_028862022.1       -            531 tetW                 -            639   7.4e-32  116.2   0.0   2   2   4.3e-07    0.0013   22.9   0.0   214   418   254   469   242   487 0.70 -
WP_096539973.1       -            542 tetW                 -            639   9.9e-32  115.8   0.0   1   2   9.4e-33   2.9e-29  107.7   0.0     5   134    18   151    16   170 0.91 -
WP_096539973.1       -            542 tetW                 -            639   9.9e-32  115.8   0.0   2   2     0.051   1.6e+02    6.1   0.0   362   413   416   468   204   475 0.59 -
WP_000175965.1       -            529 tetW                 -            639   1.1e-30  112.3   0.0   1   2     8e-30   2.4e-26   98.0   0.0     7   141    17   155    12   166 0.89 -
WP_000175965.1       -            529 tetW                 -            639   1.1e-30  112.3   0.0   2   2   0.00074       2.2   12.2   0.0   212   416   250   466   237   480 0.73 -
WP_096610578.1       -            543 tetW                 -            639   1.2e-30  112.2   0.0   1   1   4.2e-33   1.3e-29  108.8   0.0     5   413    18   468    15   475 0.69 -
WP_024126368.1       -            533 tetW                 -            639   1.4e-30  112.1   0.0   1   2   5.8e-29   1.7e-25   95.2   0.0     7   134    20   151    17   163 0.92 -
WP_024126368.1       -            533 tetW                 -            639   1.4e-30  112.1   0.0   2   2   0.00013      0.39   14.7   0.0   210   405   249   458   227   470 0.68 -
YP_008995715.1       -            533 tetW                 -            639   1.4e-30  112.1   0.0   1   2   5.8e-29   1.7e-25   95.2   0.0     7   134    20   151    17   163 0.92 -
YP_008995715.1       -            533 tetW                 -            639   1.4e-30  112.1   0.0   2   2   0.00013      0.39   14.7   0.0   210   405   249   458   227   470 0.68 -
YP_008996199.1       -            533 tetW                 -            639   1.4e-30  112.1   0.0   1   2   5.8e-29   1.7e-25   95.2   0.0     7   134    20   151    17   163 0.92 -
YP_008996199.1       -            533 tetW                 -            639   1.4e-30  112.1   0.0   2   2   0.00013      0.39   14.7   0.0   210   405   249   458   227   470 0.68 -
WP_003396266.1       -            527 tetW                 -            639   2.6e-30  111.1   0.0   1   2   8.1e-27   2.5e-23   88.1   0.0     7   133    15   145    10   165 0.90 -
WP_003396266.1       -            527 tetW                 -            639   2.6e-30  111.1   0.0   2   2   1.8e-06    0.0055   20.9   0.0   203   420   238   466   196   477 0.76 -
WP_101422810.1       -            529 tetW                 -            639   2.9e-30  111.0   0.0   1   2     8e-30   2.4e-26   98.0   0.0     7   141    17   155    12   166 0.89 -
WP_101422810.1       -            529 tetW                 -            639   2.9e-30  111.0   0.0   2   2    0.0019       5.8   10.9   0.0   212   415   250   465   236   477 0.72 -
WP_078223516.1       -            597 tetW                 -            639   3.8e-30  110.6   0.2   1   3   5.2e-25   1.6e-21   82.1   0.1     2   151     3   154     2   159 0.91 -
WP_078223516.1       -            597 tetW                 -            639   3.8e-30  110.6   0.2   2   3   2.1e-07   0.00063   24.0   0.0   218   421   160   373   153   390 0.81 -
WP_078223516.1       -            597 tetW                 -            639   3.8e-30  110.6   0.2   3   3         2     6e+03    0.9   0.0   535   554   399   418   392   476 0.79 -
WP_094302480.1       -            535 tetW                 -            639   4.9e-29  106.9   0.0   1   2     6e-30   1.8e-26   98.4   0.0     7   136    15   148    11   165 0.90 -
WP_094302480.1       -            535 tetW                 -            639   4.9e-29  106.9   0.0   2   2     0.039   1.2e+02    6.5   0.0   210   330   246   380   214   463 0.69 -
WP_016713179.1       -            527 tetW                 -            639   5.7e-29  106.7   0.0   1   2   2.1e-26   6.5e-23   86.7   0.0     7   133    15   145    10   165 0.90 -
WP_016713179.1       -            527 tetW                 -            639   5.7e-29  106.7   0.0   2   2   1.5e-05     0.045   17.8   0.0   205   420   240   466   226   477 0.76 -
WP_103039104.1       -            535 tetW                 -            639   5.9e-29  106.6   0.0   1   2   7.4e-30   2.2e-26   98.1   0.0     7   136    15   148    11   165 0.90 -
WP_103039104.1       -            535 tetW                 -            639   5.9e-29  106.6   0.0   2   2     0.038   1.2e+02    6.6   0.0   210   330   246   380   213   463 0.69 -
WP_014197109.1       -            535 tetW                 -            639     6e-29  106.6   0.0   1   2   7.4e-30   2.2e-26   98.1   0.0     7   136    15   148    11   165 0.90 -
WP_014197109.1       -            535 tetW                 -            639     6e-29  106.6   0.0   2   2     0.039   1.2e+02    6.5   0.0   210   330   246   380   214   463 0.69 -
WP_035676137.1       -            535 tetW                 -            639   6.2e-29  106.6   0.0   1   2   7.4e-30   2.2e-26   98.1   0.0     7   136    15   148    11   165 0.90 -
WP_035676137.1       -            535 tetW                 -            639   6.2e-29  106.6   0.0   2   2     0.041   1.3e+02    6.5   0.0   210   330   246   380   227   463 0.68 -
WP_040134073.1       -            535 tetW                 -            639   6.8e-29  106.4   0.0   1   2   7.4e-30   2.2e-26   98.1   0.0     7   136    15   148    11   165 0.90 -
WP_040134073.1       -            535 tetW                 -            639   6.8e-29  106.4   0.0   2   2     0.044   1.3e+02    6.4   0.0   210   330   246   380   214   463 0.69 -
WP_004933094.1       -            529 tetW                 -            639   5.4e-28  103.5   0.0   1   2   1.1e-27   3.4e-24   90.9   0.0     7   146    17   160    12   167 0.91 -
WP_004933094.1       -            529 tetW                 -            639   5.4e-28  103.5   0.0   2   2    0.0025       7.7   10.5   0.0   207   414   245   464   234   475 0.71 -
WP_001531895.1       -            599 tetW                 -            639   5.3e-27  100.2   0.0   1   2   1.1e-25   3.4e-22   84.3   0.0     2   151     3   154     1   159 0.90 -
WP_001531895.1       -            599 tetW                 -            639   5.3e-27  100.2   0.0   2   2   0.00024      0.73   13.8   0.0   218   421   160   373   155   391 0.78 -
WP_023164778.1       -            538 tetW                 -            639   5.5e-27  100.1   0.0   1   2   7.9e-29   2.4e-25   94.7   0.0     7   142    28   167    25   176 0.90 -
WP_023164778.1       -            538 tetW                 -            639   5.5e-27  100.1   0.0   2   2      0.39   1.2e+03    3.2   0.0   214   327   260   387   245   411 0.62 -
YP_008691742.1       -            538 tetW                 -            639   5.5e-27  100.1   0.0   1   2   7.9e-29   2.4e-25   94.7   0.0     7   142    28   167    25   176 0.90 -
YP_008691742.1       -            538 tetW                 -            639   5.5e-27  100.1   0.0   2   2      0.39   1.2e+03    3.2   0.0   214   327   260   387   245   411 0.62 -
WP_000790154.1       -            599 tetW                 -            639     3e-26   97.7   0.0   1   2   8.7e-26   2.6e-22   84.7   0.0     2   151     3   154     1   174 0.89 -
WP_000790154.1       -            599 tetW                 -            639     3e-26   97.7   0.0   2   2    0.0014       4.2   11.3   0.0   347   438   296   388   157   396 0.76 -
WP_008803765.1       -            599 tetW                 -            639   3.4e-26   97.5   0.0   1   2   9.2e-26   2.8e-22   84.6   0.0     2   151     3   154     1   160 0.90 -
WP_008803765.1       -            599 tetW                 -            639   3.4e-26   97.5   0.0   2   2    0.0018       5.5   10.9   0.0   346   421   295   373   156   392 0.72 -
WP_003860714.1       -            601 tetW                 -            639   3.6e-26   97.4   0.0   1   2   7.5e-26   2.3e-22   84.9   0.0     2   151     3   154     1   164 0.90 -
WP_003860714.1       -            601 tetW                 -            639   3.6e-26   97.4   0.0   2   2    0.0023         7   10.6   0.0   348   421   297   373   157   389 0.77 -
WP_033648940.1       -            599 tetW                 -            639   7.1e-26   96.5   0.0   1   2   2.1e-25   6.5e-22   83.4   0.1     3   151     4   154     1   160 0.90 -
WP_033648940.1       -            599 tetW                 -            639   7.1e-26   96.5   0.0   2   2    0.0021       6.5   10.7   0.0   344   421   293   373   157   390 0.62 -
WP_013483947.1       -            601 tetW                 -            639   1.1e-25   95.9   0.0   1   2     4e-21   1.2e-17   69.3   0.0     2   139     6   145     5   158 0.85 -
WP_013483947.1       -            601 tetW                 -            639   1.1e-25   95.9   0.0   2   2   1.3e-07   0.00038   24.7   0.0   219   436   164   390   146   401 0.79 -
WP_109130185.1       -            528 tetW                 -            639     2e-25   95.0   0.0   1   2   1.5e-27   4.6e-24   90.5   0.0     7   142    21   160    18   168 0.90 -
WP_109130185.1       -            528 tetW                 -            639     2e-25   95.0   0.0   2   2       0.7   2.1e+03    2.4   0.0   213   327   252   380   237   460 0.69 -
WP_004931243.1       -            607 tetW                 -            639   4.7e-25   93.8   0.0   1   1   2.4e-28   7.4e-25   93.1   0.0     3   146     5   146     3   155 0.92 -
WP_006808726.1       -            607 tetW                 -            639   1.8e-24   91.8   0.1   1   1   9.4e-28   2.8e-24   91.2   0.1     2   146     4   146     3   154 0.92 -
WP_101416342.1       -            607 tetW                 -            639   1.9e-24   91.7   0.1   1   1   9.8e-28     3e-24   91.1   0.1     3   146     5   146     3   192 0.93 -
WP_000572064.1       -            607 tetW                 -            639   2.3e-24   91.5   0.1   1   1   1.2e-27   3.6e-24   90.8   0.1     3   146     5   146     3   154 0.92 -
WP_000572060.1       -            607 tetW                 -            639   2.3e-24   91.5   0.1   1   1   1.2e-27   3.6e-24   90.8   0.1     3   146     5   146     3   154 0.92 -
WP_005754702.1       -            616 tetW                 -            639   3.8e-24   90.8   0.0   1   1     2e-27   6.2e-24   90.1   0.0     2   146     9   152     8   158 0.93 -
WP_060594407.1       -            546 tetW                 -            639   3.9e-24   90.7   0.0   1   2   1.1e-23   3.5e-20   77.7   0.0     7   133    26   162    23   175 0.88 -
WP_060594407.1       -            546 tetW                 -            639   3.9e-24   90.7   0.0   2   2     0.002         6   10.8   0.0   213   414   267   482   247   499 0.69 -
WP_081537430.1       -            613 tetW                 -            639   1.9e-23   88.5   0.0   1   1   1.4e-26   4.3e-23   87.3   0.1     3   146     7   148     5   156 0.91 -
WP_101473307.1       -            607 tetW                 -            639   2.1e-23   88.3   0.1   1   1   1.1e-26   3.2e-23   87.7   0.1     3   146     5   146     3   192 0.93 -
WP_089030973.1       -            602 tetW                 -            639   2.2e-23   88.2   0.1   1   2   3.9e-26   1.2e-22   85.8   0.0     3   146     5   146     3   155 0.92 -
WP_089030973.1       -            602 tetW                 -            639   2.2e-23   88.2   0.1   2   2       4.2   1.3e+04   -0.2   0.0   214   243   160   192   152   197 0.78 -
WP_060594499.1       -            632 tetW                 -            639   3.3e-23   87.7   0.0   1   2   1.2e-24   3.5e-21   81.0   0.0     5   147     9   154     6   162 0.88 -
WP_060594499.1       -            632 tetW                 -            639   3.3e-23   87.7   0.0   2   2      0.31   9.4e+02    3.6   0.0   243   337   220   321   188   350 0.74 -
WP_016712460.1       -            606 tetW                 -            639   9.7e-23   86.1   0.0   1   1   7.7e-26   2.3e-22   84.8   0.0     3   141     5   141     3   153 0.89 -
WP_015888415.1       -            653 tetW                 -            639   1.6e-22   85.4   0.0   1   2    0.0056        17    9.3   0.0    61   157    40   136    29   156 0.87 -
WP_015888415.1       -            653 tetW                 -            639   1.6e-22   85.4   0.0   2   2   2.2e-22   6.6e-19   73.5   0.0   167   550   177   568   160   572 0.81 -
YP_002824556.1       -            653 tetW                 -            639   1.6e-22   85.4   0.0   1   2    0.0056        17    9.3   0.0    61   157    40   136    29   156 0.87 -
YP_002824556.1       -            653 tetW                 -            639   1.6e-22   85.4   0.0   2   2   2.2e-22   6.6e-19   73.5   0.0   167   550   177   568   160   572 0.81 -
WP_025754588.1       -            599 tetW                 -            639     3e-22   84.5   0.1   1   2   6.2e-22   1.9e-18   71.9   0.1     3   145     7   151     5   178 0.84 -
WP_025754588.1       -            599 tetW                 -            639     3e-22   84.5   0.1   2   2    0.0026         8   10.4   0.0   351   435   303   388   293   399 0.81 -
WP_011001245.1       -            606 tetW                 -            639   4.1e-22   84.0   0.0   1   1   1.8e-25   5.6e-22   83.6   0.0     4   142     5   141     1   154 0.90 -
WP_037421352.1       -            653 tetW                 -            639   4.5e-22   83.9   0.0   1   2    0.0035        11   10.0   0.0    61   157    40   136    29   150 0.87 -
WP_037421352.1       -            653 tetW                 -            639   4.5e-22   83.9   0.0   2   2   8.5e-22   2.6e-18   71.5   0.0   167   550   177   568   160   572 0.83 -
WP_104841371.1       -            653 tetW                 -            639   5.5e-22   83.6   0.0   1   2     0.011        32    8.4   0.0    61   157    40   136    29   150 0.87 -
WP_104841371.1       -            653 tetW                 -            639   5.5e-22   83.6   0.0   2   2   3.6e-22   1.1e-18   72.7   0.0   164   550   174   568   161   573 0.82 -
WP_009227774.1       -            593 tetW                 -            639     7e-22   83.3   0.0   1   2   8.8e-22   2.7e-18   71.4   0.1     2   133     3   133     2   152 0.85 -
WP_009227774.1       -            593 tetW                 -            639     7e-22   83.3   0.0   2   2    0.0049        15    9.5   0.0   217   422   156   371   149   384 0.76 -
WP_064252959.1       -            653 tetW                 -            639     2e-21   81.7   0.0   1   2    0.0046        14    9.6   0.0    61   157    40   136    29   150 0.87 -
WP_064252959.1       -            653 tetW                 -            639     2e-21   81.7   0.0   2   2   2.9e-21   8.9e-18   69.7   0.0   167   550   177   568   160   573 0.84 -
WP_037390007.1       -            653 tetW                 -            639   2.4e-21   81.5   0.0   1   2    0.0047        14    9.6   0.0    61   157    40   136    29   149 0.87 -
WP_037390007.1       -            653 tetW                 -            639   2.4e-21   81.5   0.0   2   2   3.8e-21   1.1e-17   69.4   0.0   167   550   177   568   161   573 0.81 -
WP_104825972.1       -            653 tetW                 -            639   5.4e-21   80.3   0.0   1   2     0.004        12    9.8   0.0    61   156    40   135    34   153 0.86 -
WP_104825972.1       -            653 tetW                 -            639   5.4e-21   80.3   0.0   2   2   9.6e-21   2.9e-17   68.0   0.0   170   550   180   568   162   574 0.81 -
WP_088199918.1       -            653 tetW                 -            639   6.3e-21   80.1   0.0   1   2     0.037   1.1e+02    6.6   0.0    70   157    49   136    17   147 0.85 -
WP_088199918.1       -            653 tetW                 -            639   6.3e-21   80.1   0.0   2   2   1.3e-21     4e-18   70.9   0.0   161   550   169   568   162   573 0.84 -
WP_015008737.1       -            653 tetW                 -            639   9.4e-21   79.6   0.0   1   2     0.024        74    7.2   0.0    70   157    49   136    17   147 0.84 -
WP_015008737.1       -            653 tetW                 -            639   9.4e-21   79.6   0.0   2   2     3e-21   9.2e-18   69.7   0.0   169   550   179   568   164   573 0.83 -
WP_095919234.1       -            653 tetW                 -            639   1.2e-20   79.2   0.0   1   2     0.032        98    6.8   0.0    63   157    42   136    11   147 0.85 -
WP_095919234.1       -            653 tetW                 -            639   1.2e-20   79.2   0.0   2   2     3e-21   9.2e-18   69.7   0.0   169   550   179   568   164   573 0.83 -
NP_436592.1          -            653 tetW                 -            639   1.3e-20   79.0   0.0   1   2     0.037   1.1e+02    6.6   0.0    70   157    49   136    17   147 0.85 -
NP_436592.1          -            653 tetW                 -            639   1.3e-20   79.0   0.0   2   2   2.9e-21   8.7e-18   69.7   0.0   169   550   179   568   165   573 0.83 -
WP_010974975.1       -            653 tetW                 -            639   1.3e-20   79.0   0.0   1   2     0.037   1.1e+02    6.6   0.0    70   157    49   136    17   147 0.85 -
WP_010974975.1       -            653 tetW                 -            639   1.3e-20   79.0   0.0   2   2   2.9e-21   8.7e-18   69.7   0.0   169   550   179   568   165   573 0.83 -
WP_064843831.1       -            653 tetW                 -            639   1.4e-20   79.0   0.0   1   2     0.036   1.1e+02    6.7   0.0    67   156    46   135    35   147 0.84 -
WP_064843831.1       -            653 tetW                 -            639   1.4e-20   79.0   0.0   2   2   2.8e-21   8.4e-18   69.8   0.0   171   550   181   568   162   574 0.84 -
WP_015243558.1       -            653 tetW                 -            639   1.4e-20   79.0   0.0   1   2     0.037   1.1e+02    6.6   0.0    70   157    49   136    17   147 0.85 -
WP_015243558.1       -            653 tetW                 -            639   1.4e-20   79.0   0.0   2   2     3e-21   9.2e-18   69.7   0.0   169   550   179   568   164   573 0.83 -
WP_014527661.1       -            653 tetW                 -            639   1.4e-20   79.0   0.0   1   2     0.037   1.1e+02    6.6   0.0    70   157    49   136    17   147 0.85 -
WP_014527661.1       -            653 tetW                 -            639   1.4e-20   79.0   0.0   2   2     3e-21   9.2e-18   69.7   0.0   169   550   179   568   164   573 0.83 -
WP_088201283.1       -            653 tetW                 -            639   1.5e-20   78.8   0.0   1   2     0.037   1.1e+02    6.6   0.0    70   157    49   136    17   147 0.85 -
WP_088201283.1       -            653 tetW                 -            639   1.5e-20   78.8   0.0   2   2     3e-21     9e-18   69.7   0.0   169   550   179   568   163   573 0.84 -
WP_027989218.1       -            653 tetW                 -            639   1.9e-20   78.6   0.0   1   2      0.05   1.5e+02    6.2   0.0    72   157    51   136    27   147 0.86 -
WP_027989218.1       -            653 tetW                 -            639   1.9e-20   78.6   0.0   2   2     3e-21   9.2e-18   69.7   0.0   169   550   179   568   164   573 0.83 -
WP_088218399.1       -            653 tetW                 -            639   3.3e-20   77.7   0.0   1   2     0.037   1.1e+02    6.6   0.0    70   157    49   136    17   147 0.85 -
WP_088218399.1       -            653 tetW                 -            639   3.3e-20   77.7   0.0   2   2   1.5e-20   4.4e-17   67.4   0.0   169   550   179   568   164   572 0.82 -
WP_037451039.1       -            653 tetW                 -            639   3.4e-20   77.7   0.0   1   2     0.035   1.1e+02    6.7   0.0    61   157    40   136    29   156 0.87 -
WP_037451039.1       -            653 tetW                 -            639   3.4e-20   77.7   0.0   2   2     7e-21   2.1e-17   68.5   0.0   167   550   177   568   160   573 0.82 -
WP_028009893.1       -            653 tetW                 -            639   3.9e-20   77.5   0.0   1   2     0.037   1.1e+02    6.6   0.0    70   157    49   136    17   147 0.85 -
WP_028009893.1       -            653 tetW                 -            639   3.9e-20   77.5   0.0   2   2   8.4e-21   2.5e-17   68.2   0.0   169   550   179   568   164   573 0.83 -
WP_012555264.1       -            653 tetW                 -            639   6.9e-20   76.7   0.0   1   2     0.022        68    7.3   0.0    67   156    46   135    35   145 0.85 -
WP_012555264.1       -            653 tetW                 -            639   6.9e-20   76.7   0.0   2   2   3.1e-20   9.6e-17   66.3   0.0   172   550   182   568   167   574 0.83 -
WP_005742781.1       -            397 tetW                 -            639   7.5e-20   76.6   0.0   1   1   3.3e-23   9.9e-20   76.2   0.0     4   150    13   160    11   202 0.91 -
WP_064837139.1       -            653 tetW                 -            639   1.1e-19   76.0   0.0   1   2    0.0089        27    8.7   0.0    67   156    46   135    35   146 0.86 -
WP_064837139.1       -            653 tetW                 -            639   1.1e-19   76.0   0.0   2   2   1.5e-19   4.5e-16   64.1   0.0   172   550   182   568   167   574 0.82 -
WP_037395782.1       -            653 tetW                 -            639   1.2e-19   75.9   0.0   1   2    0.0047        14    9.6   0.0    61   157    40   136    23   156 0.88 -
WP_037395782.1       -            653 tetW                 -            639   1.2e-19   75.9   0.0   2   2   1.8e-19   5.6e-16   63.8   0.0   167   550   177   568   160   573 0.83 -
WP_041410419.1       -            653 tetW                 -            639   1.3e-19   75.8   0.0   1   2     0.035   1.1e+02    6.7   0.0    61   157    40   136    29   156 0.87 -
WP_041410419.1       -            653 tetW                 -            639   1.3e-19   75.8   0.0   2   2   2.7e-20   8.3e-17   66.5   0.0   167   550   177   568   160   573 0.82 -
WP_011969715.1       -            653 tetW                 -            639   2.1e-19   75.1   0.0   1   2      0.78   2.4e+03    2.2   0.0    73   157    52   136    40   149 0.83 -
WP_011969715.1       -            653 tetW                 -            639   2.1e-19   75.1   0.0   2   2   1.6e-21     5e-18   70.5   0.0   171   550   181   568   167   572 0.86 -
YP_001312826.1       -            653 tetW                 -            639   2.1e-19   75.1   0.0   1   2      0.78   2.4e+03    2.2   0.0    73   157    52   136    40   149 0.83 -
YP_001312826.1       -            653 tetW                 -            639   2.1e-19   75.1   0.0   2   2   1.6e-21     5e-18   70.5   0.0   171   550   181   568   167   572 0.86 -
WP_040140960.1       -            653 tetW                 -            639   2.1e-19   75.1   0.0   1   2    0.0087        27    8.7   0.0    67   156    46   135    35   147 0.86 -
WP_040140960.1       -            653 tetW                 -            639   2.1e-19   75.1   0.0   2   2   2.7e-19   8.1e-16   63.2   0.0   172   550   182   568   170   574 0.82 -
WP_064844255.1       -            653 tetW                 -            639   2.1e-19   75.1   0.0   1   2    0.0089        27    8.6   0.0    69   156    48   135    36   147 0.86 -
WP_064844255.1       -            653 tetW                 -            639   2.1e-19   75.1   0.0   2   2   3.8e-19   1.2e-15   62.7   0.0   171   550   181   568   162   574 0.81 -
WP_077990380.1       -            653 tetW                 -            639   3.8e-19   74.2   0.0   1   2     0.041   1.2e+02    6.5   0.0    67   156    46   135    35   145 0.84 -
WP_077990380.1       -            653 tetW                 -            639   3.8e-19   74.2   0.0   2   2   6.7e-20     2e-16   65.2   0.0   172   550   182   568   167   574 0.85 -
WP_064823501.1       -            653 tetW                 -            639   3.9e-19   74.2   0.0   1   2     0.011        32    8.4   0.0    60   157    39   136    29   149 0.87 -
WP_064823501.1       -            653 tetW                 -            639   3.9e-19   74.2   0.0   2   2   6.4e-19   1.9e-15   62.0   0.0   171   550   181   568   162   574 0.81 -
WP_013970626.1       -            397 tetW                 -            639   6.5e-19   73.5   0.0   1   1   2.8e-22   8.4e-19   73.1   0.0     4   190    13   203    10   211 0.83 -
WP_012490496.1       -            653 tetW                 -            639   8.2e-19   73.1   0.0   1   2     0.033     1e+02    6.8   0.0    67   156    46   135    35   145 0.85 -
WP_012490496.1       -            653 tetW                 -            639   8.2e-19   73.1   0.0   2   2   3.6e-19   1.1e-15   62.8   0.0   172   550   182   568   167   574 0.82 -
WP_040111373.1       -            653 tetW                 -            639     1e-18   72.8   0.0   1   2     0.041   1.2e+02    6.5   0.0    67   156    46   135    35   145 0.84 -
WP_040111373.1       -            653 tetW                 -            639     1e-18   72.8   0.0   2   2   2.1e-19   6.5e-16   63.6   0.0   170   550   180   568   162   573 0.83 -
WP_044465331.1       -            397 tetW                 -            639   1.3e-18   72.5   0.0   1   1   5.9e-22   1.8e-18   72.0   0.0     4   190    13   203    11   212 0.83 -
WP_088836007.1       -            395 tetW                 -            639   1.3e-18   72.5   0.0   1   1     6e-22   1.8e-18   72.0   0.0     4   148    13   158    11   163 0.84 -
WP_064829437.1       -            653 tetW                 -            639   1.3e-18   72.4   0.0   1   2      0.02        61    7.5   0.0    67   156    46   135    35   146 0.86 -
WP_064829437.1       -            653 tetW                 -            639   1.3e-18   72.4   0.0   2   2   8.6e-19   2.6e-15   61.6   0.0   172   550   182   568   167   574 0.83 -
WP_064819985.1       -            653 tetW                 -            639   1.5e-18   72.3   0.0   1   2      0.02        61    7.5   0.0    67   156    46   135    35   146 0.86 -
WP_064819985.1       -            653 tetW                 -            639   1.5e-18   72.3   0.0   2   2   8.7e-19   2.6e-15   61.5   0.0   172   550   182   568   167   574 0.82 -
WP_064832227.1       -            653 tetW                 -            639   1.5e-18   72.2   0.0   1   2     0.033        99    6.8   0.0    65   156    44   135    33   145 0.85 -
WP_064832227.1       -            653 tetW                 -            639   1.5e-18   72.2   0.0   2   2     4e-19   1.2e-15   62.7   0.0   172   550   182   568   168   574 0.84 -
WP_064830105.1       -            653 tetW                 -            639     2e-18   71.8   0.0   1   2     0.022        68    7.3   0.0    71   156    50   135    36   147 0.86 -
WP_064830105.1       -            653 tetW                 -            639     2e-18   71.8   0.0   2   2   1.7e-18   5.1e-15   60.6   0.0   173   550   183   568   168   574 0.81 -
WP_064826298.1       -            653 tetW                 -            639   2.1e-18   71.8   0.0   1   2     0.023        70    7.3   0.0    71   156    50   135    36   146 0.86 -
WP_064826298.1       -            653 tetW                 -            639   2.1e-18   71.8   0.0   2   2   1.7e-18   5.1e-15   60.6   0.0   173   550   183   568   168   574 0.81 -
WP_003700007.1       -            395 tetW                 -            639   2.1e-18   71.8   0.0   1   1   1.1e-21   3.2e-18   71.2   0.0     4   149    13   159    11   198 0.90 -
WP_085744205.1       -            653 tetW                 -            639   2.2e-18   71.7   0.0   1   2      0.02        61    7.5   0.0    67   156    46   135    35   146 0.86 -
WP_085744205.1       -            653 tetW                 -            639   2.2e-18   71.7   0.0   2   2     2e-18   6.2e-15   60.3   0.0   172   550   182   568   168   574 0.82 -
WP_034855408.1       -            653 tetW                 -            639   3.2e-18   71.2   0.0   1   2       1.3   3.9e+03    1.5   0.0    73   157    52   136    34   151 0.75 -
WP_034855408.1       -            653 tetW                 -            639   3.2e-18   71.2   0.0   2   2   1.6e-20   4.8e-17   67.3   0.0   167   550   177   568   162   572 0.84 -
WP_105008806.1       -            653 tetW                 -            639   3.6e-18   71.0   0.0   1   2     0.045   1.4e+02    6.3   0.0    72   156    51   135    39   150 0.88 -
WP_105008806.1       -            653 tetW                 -            639   3.6e-18   71.0   0.0   2   2   8.6e-19   2.6e-15   61.6   0.0   171   550   181   568   162   574 0.81 -
WP_013385812.1       -            396 tetW                 -            639   4.1e-18   70.8   0.0   1   1     2e-21     6e-18   70.3   0.0     4   149    13   159    11   163 0.88 -
WP_029531949.1       -            653 tetW                 -            639   4.2e-18   70.8   0.0   1   2      0.02        61    7.5   0.0    67   156    46   135    35   146 0.86 -
WP_029531949.1       -            653 tetW                 -            639   4.2e-18   70.8   0.0   2   2   1.9e-18   5.7e-15   60.4   0.0   172   550   182   568   167   574 0.85 -
WP_072641198.1       -            653 tetW                 -            639   5.1e-18   70.5   0.0   1   2     0.031        94    6.9   0.0    67   156    46   135    35   150 0.84 -
WP_072641198.1       -            653 tetW                 -            639   5.1e-18   70.5   0.0   2   2   1.4e-18   4.3e-15   60.9   0.0   171   545   181   563   162   571 0.80 -
WP_018517448.1       -            653 tetW                 -            639     1e-17   69.6   0.0   1   2     0.021        63    7.4   0.0    69   156    48   135    36   146 0.85 -
WP_018517448.1       -            653 tetW                 -            639     1e-17   69.6   0.0   2   2   4.3e-18   1.3e-14   59.3   0.0   174   550   184   568   168   574 0.81 -
WP_094231073.1       -            653 tetW                 -            639   1.1e-17   69.4   0.0   1   2     0.021        63    7.4   0.0    69   156    48   135    36   146 0.85 -
WP_094231073.1       -            653 tetW                 -            639   1.1e-17   69.4   0.0   2   2   4.4e-18   1.4e-14   59.2   0.0   172   550   182   568   163   574 0.81 -
WP_006083602.1       -            394 tetW                 -            639   5.6e-17   67.1   0.0   1   1   2.4e-20   7.2e-17   66.7   0.0     4   149    13   159    10   200 0.89 -
WP_101088972.1       -            394 tetW                 -            639   6.3e-17   66.9   0.0   1   1   2.7e-20   8.2e-17   66.5   0.0     4   149    13   159    10   201 0.88 -
WP_094088043.1       -            653 tetW                 -            639   6.5e-17   66.9   0.0   1   2     0.023        71    7.3   0.0    67   156    46   135    35   152 0.86 -
WP_094088043.1       -            653 tetW                 -            639   6.5e-17   66.9   0.0   2   2   3.5e-17   1.1e-13   56.2   0.0   172   545   182   563   162   571 0.79 -
WP_025396888.1       -            653 tetW                 -            639   7.1e-17   66.7   0.0   1   2     0.061   1.8e+02    5.9   0.0    67   156    46   135    35   149 0.85 -
WP_025396888.1       -            653 tetW                 -            639   7.1e-17   66.7   0.0   2   2   1.1e-17   3.2e-14   58.0   0.0   172   540   182   558   165   566 0.81 -
WP_065178958.1       -            396 tetW                 -            639   7.1e-17   66.7   0.0   1   1   3.5e-20   1.1e-16   66.2   0.0     4   149    13   159    11   165 0.87 -
WP_015376315.1       -            394 tetW                 -            639   7.7e-17   66.6   0.0   1   1   3.5e-20   1.1e-16   66.1   0.0     4   151    13   161    11   206 0.83 -
WP_020828747.1       -            394 tetW                 -            639   9.1e-17   66.4   0.0   1   1     4e-20   1.2e-16   66.0   0.0     4   151    13   161    11   205 0.84 -
WP_076583488.1       -            422 tetW                 -            639   9.6e-17   66.3   0.1   1   1   4.3e-20   1.3e-16   65.9   0.1     5   144     8   160     6   209 0.80 -
WP_002210669.1       -            394 tetW                 -            639   1.7e-16   65.4   0.0   1   1   8.1e-20   2.5e-16   65.0   0.0     4   150    13   160    11   209 0.80 -
WP_004118409.1       -            394 tetW                 -            639   2.3e-16   65.1   0.0   1   1     1e-19   3.1e-16   64.6   0.0     4   150    13   160    11   204 0.83 -
WP_000031748.1       -            394 tetW                 -            639   2.4e-16   65.0   0.0   1   1   1.1e-19   3.3e-16   64.5   0.0     4   150    13   160    11   206 0.83 -
WP_015368828.1       -            394 tetW                 -            639   2.4e-16   65.0   0.0   1   1   1.1e-19   3.3e-16   64.5   0.0     4   150    13   160    11   206 0.83 -
WP_012540432.1       -            394 tetW                 -            639   2.6e-16   64.9   0.0   1   1   1.2e-19   3.7e-16   64.4   0.0     4   150    13   160    11   203 0.85 -
WP_012543214.1       -            394 tetW                 -            639   2.6e-16   64.9   0.0   1   1   1.2e-19   3.7e-16   64.4   0.0     4   150    13   160    11   203 0.85 -
WP_014885484.1       -            394 tetW                 -            639   2.7e-16   64.8   0.0   1   1   1.2e-19   3.6e-16   64.4   0.0     4   150    13   160    11   205 0.84 -
WP_013875936.1       -            423 tetW                 -            639   2.9e-16   64.7   0.1   1   1   1.4e-19   4.3e-16   64.2   0.1     5   143     9   160     7   193 0.82 -
WP_011211609.1       -            396 tetW                 -            639   2.1e-15   61.8   0.0   1   1     1e-18     3e-15   61.4   0.0     4   150    13   162    11   186 0.88 -
WP_083707967.1       -            370 tetW                 -            639   6.3e-15   60.3   0.0   1   1   2.9e-18   8.7e-15   59.8   0.0     7   149     2   140     1   144 0.87 -
WP_026793909.1       -            394 tetW                 -            639   2.4e-12   51.8   0.0   1   1   1.1e-15   3.4e-12   51.3   0.0     4   150    13   160    11   206 0.81 -
WP_013389252.1       -            601 tetW                 -            639     4e-11   47.7   0.0   1   1   2.4e-14   7.2e-11   46.9   0.0     4   143    10   161     7   172 0.80 -
WP_047032956.1       -            632 tetW                 -            639   4.5e-11   47.6   0.2   1   1   2.4e-14   7.2e-11   46.9   0.2    11   137    33   175    26   188 0.81 -
WP_025414879.1       -            590 tetW                 -            639     7e-11   46.9   0.0   1   1   3.2e-14   9.8e-11   46.4   0.0     4   134     1   144     1   157 0.83 -
#
# Program:         hmmsearch
# Version:         3.1b2 (February 2015)
# Pipeline mode:   SEARCH
# Query file:      /mnt/research/ShadeLab/Dunivin/gene_targeted_assembly/RDPTools/Xander_assembler/gene_resource/tetW/originaldata/tetW.hmm
# Target file:     /mnt/research/ShadeLab/Dunivin/hmmsearch/refseq/protein_files/plasmid.protein.fa
# Option settings: /opt/software/HMMER/3.1b2--GCC-4.8.3/bin/hmmsearch -o /mnt/research/ShadeLab/Dunivin/hmmsearch/refseq/hmm_outputs/tetW.plasmid.protein.fa.stdout.txt -A /mnt/research/ShadeLab/Dunivin/hmmsearch/refseq/hmm_outputs/tetW.plasmid.protein.fa.alignment.0.0000000001.txt --domtblout /mnt/research/ShadeLab/Dunivin/hmmsearch/refseq/hmm_outputs/tetW.plasmid.protein.fa.0.0000000001.tbl.txt -E 0.0000000001 --cpu 8 /mnt/research/ShadeLab/Dunivin/gene_targeted_assembly/RDPTools/Xander_assembler/gene_resource/tetW/originaldata/tetW.hmm /mnt/research/ShadeLab/Dunivin/hmmsearch/refseq/protein_files/plasmid.protein.fa 
# Current dir:     /mnt/research/ShadeLab/Dunivin/hmmsearch/bin
# Date:            Wed Jul 25 14:07:54 2018
# [ok]
