#                                                                            --- full sequence --- -------------- this domain -------------   hmm coord   ali coord   env coord
# target name        accession   tlen query name           accession   qlen   E-value  score  bias   #  of  c-Evalue  i-Evalue  score  bias  from    to  from    to  from    to  acc description of target
#------------------- ---------- ----- -------------------- ---------- ----- --------- ------ ----- --- --- --------- --------- ------ ----- ----- ----- ----- ----- ----- ----- ---- ---------------------
WP_008651082.1       -            388 Resfam_TetX          -            398  3.1e-280  934.0   2.8   1   1  2.8e-284  3.5e-280  933.8   2.8    11   398     1   388     1   388 1.00 -
WP_015060600.1       -            388 Resfam_TetX          -            398  1.5e-278  928.5   3.1   1   1  1.3e-282  1.6e-278  928.3   3.1    11   398     1   388     1   388 1.00 -
YP_006961366.1       -            388 Resfam_TetX          -            398  1.5e-278  928.5   3.1   1   1  1.3e-282  1.6e-278  928.3   3.1    11   398     1   388     1   388 1.00 -
WP_063947573.1       -            387 Resfam_TetX          -            398  6.9e-239  797.8   2.1   1   1  6.1e-243  7.7e-239  797.7   2.1    16   397     5   386     1   387 0.99 -
WP_024160783.1       -            388 Resfam_TetX          -            398  7.5e-239  797.7   2.4   1   1  6.7e-243  8.4e-239  797.5   2.4    11   397     1   387     1   388 1.00 -
WP_015060917.1       -            386 Resfam_TetX          -            398  6.8e-238  794.6   2.3   1   1  6.1e-242  7.6e-238  794.4   2.3    13   397     1   385     1   386 1.00 -
YP_006962125.1       -            386 Resfam_TetX          -            398  6.8e-238  794.6   2.3   1   1  6.1e-242  7.6e-238  794.4   2.3    13   397     1   385     1   386 1.00 -
WP_021728123.1       -            394 Resfam_TetX          -            398   7.7e-56  195.1   0.1   1   1     7e-60   8.7e-56  194.9   0.1    26   386     8   368     1   381 0.92 -
WP_014151864.1       -            402 Resfam_TetX          -            398   5.6e-51  179.1   0.0   1   1   5.9e-55   7.4e-51  178.6   0.0    28   374     6   352     2   365 0.89 -
WP_072653300.1       -            370 Resfam_TetX          -            398   1.1e-49  174.7   0.0   1   1   1.1e-53   1.4e-49  174.5   0.0    26   367     6   346     1   362 0.91 -
WP_014152113.1       -            379 Resfam_TetX          -            398     1e-46  165.0   0.0   1   1   1.1e-50   1.4e-46  164.6   0.0    28   369    10   349     7   366 0.92 -
WP_063170693.1       -            379 Resfam_TetX          -            398   2.5e-44  157.1   0.0   1   1   2.5e-48   3.1e-44  156.8   0.0    28   383     4   356     1   369 0.89 -
WP_030241507.1       -            376 Resfam_TetX          -            398   6.5e-43  152.5   0.0   1   1   6.8e-47   8.5e-43  152.1   0.0    29   390     4   365     2   371 0.91 -
YP_009060814.1       -            376 Resfam_TetX          -            398   6.5e-43  152.5   0.0   1   1   6.8e-47   8.5e-43  152.1   0.0    29   390     4   365     2   371 0.91 -
WP_013525186.1       -            390 Resfam_TetX          -            398   1.3e-40  144.9   0.0   1   1   1.3e-44   1.7e-40  144.6   0.0    28   383     4   356     2   369 0.89 -
YP_004134414.1       -            390 Resfam_TetX          -            398   1.3e-40  144.9   0.0   1   1   1.3e-44   1.7e-40  144.6   0.0    28   383     4   356     2   369 0.89 -
WP_013196368.1       -            357 Resfam_TetX          -            398   1.9e-40  144.4   0.0   1   1   2.7e-44   3.4e-40  143.6   0.0    28   342     6   313     2   332 0.87 -
WP_107320295.1       -            357 Resfam_TetX          -            398   2.4e-40  144.0   0.0   1   1     3e-44   3.7e-40  143.4   0.0    28   342     6   313     1   333 0.86 -
WP_059255885.1       -            372 Resfam_TetX          -            398   2.6e-40  143.9   0.0   1   1   2.7e-44   3.3e-40  143.6   0.0    28   369     4   338     2   358 0.93 -
WP_025440081.1       -            371 Resfam_TetX          -            398   7.9e-40  142.3   0.0   1   1   7.8e-44   9.8e-40  142.0   0.0    27   389     3   358     1   364 0.88 -
WP_072653598.1       -            373 Resfam_TetX          -            398     1e-39  141.9   0.0   1   1     1e-43   1.3e-39  141.7   0.0    26   385     2   356     1   366 0.92 -
WP_107488421.1       -            396 Resfam_TetX          -            398   1.3e-39  141.7   0.0   1   1   1.4e-43   1.7e-39  141.2   0.0    27   386    22   377    16   381 0.89 -
WP_014150744.1       -            380 Resfam_TetX          -            398   5.2e-39  139.6   0.0   1   1   5.3e-43   6.6e-39  139.3   0.0    27   388     5   363     1   367 0.89 -
WP_014151246.1       -            373 Resfam_TetX          -            398   2.3e-38  137.5   0.0   1   1   2.3e-42   2.9e-38  137.2   0.0    29   383     5   355     2   363 0.93 -
WP_095438474.1       -            372 Resfam_TetX          -            398   2.4e-36  130.9   0.0   1   1   2.6e-40   3.2e-36  130.4   0.0    28   376     4   346     2   352 0.92 -
WP_014151501.1       -            378 Resfam_TetX          -            398     1e-35  128.8   0.0   1   1   1.1e-39   1.4e-35  128.4   0.0    28   375     4   347     2   359 0.93 -
WP_059256035.1       -            378 Resfam_TetX          -            398   3.5e-32  117.1   0.0   1   1   3.4e-36   4.3e-32  116.9   0.0    28   375     4   347     1   358 0.92 -
WP_064832292.1       -            432 Resfam_TetX          -            398   1.1e-18   72.7   0.0   1   2   2.3e-12   2.9e-08   38.4   0.0    28   201     2   183     1   193 0.81 -
WP_064832292.1       -            432 Resfam_TetX          -            398   1.1e-18   72.7   0.0   2   2   1.6e-10     2e-06   32.4   0.0   306   380   310   383   277   394 0.82 -
WP_034791567.1       -            416 Resfam_TetX          -            398   7.5e-18   70.0   0.0   1   2   4.5e-13   5.6e-09   40.7   0.0    28   209     7   196     4   220 0.75 -
WP_034791567.1       -            416 Resfam_TetX          -            398   7.5e-18   70.0   0.0   2   2   5.8e-09   7.3e-05   27.2   0.0   263   378   280   396   253   406 0.79 -
WP_088197562.1       -            416 Resfam_TetX          -            398   6.9e-17   66.8   0.0   1   2   1.2e-12   1.5e-08   39.4   0.0    28   186     7   172     3   195 0.75 -
WP_088197562.1       -            416 Resfam_TetX          -            398   6.9e-17   66.8   0.0   2   2     2e-08   0.00025   25.4   0.0   266   378   283   396   254   406 0.77 -
WP_088200943.1       -            416 Resfam_TetX          -            398   9.1e-17   66.4   0.0   1   2   1.6e-12     2e-08   38.9   0.0    28   186     7   172     3   195 0.75 -
WP_088200943.1       -            416 Resfam_TetX          -            398   9.1e-17   66.4   0.0   2   2     2e-08   0.00025   25.4   0.0   266   378   283   396   254   406 0.77 -
NP_436390.2          -            416 Resfam_TetX          -            398   1.3e-16   65.9   0.0   1   2     8e-12     1e-07   36.6   0.0    28   186     7   172     3   198 0.76 -
NP_436390.2          -            416 Resfam_TetX          -            398   1.3e-16   65.9   0.0   2   2   5.4e-09   6.7e-05   27.3   0.0   266   378   283   396   253   407 0.80 -
WP_010968097.1       -            416 Resfam_TetX          -            398   1.3e-16   65.9   0.0   1   2     8e-12     1e-07   36.6   0.0    28   186     7   172     3   198 0.76 -
WP_010968097.1       -            416 Resfam_TetX          -            398   1.3e-16   65.9   0.0   2   2   5.4e-09   6.7e-05   27.3   0.0   266   378   283   396   253   407 0.80 -
WP_020919362.1       -            416 Resfam_TetX          -            398     2e-16   65.3   0.0   1   2   3.5e-11   4.3e-07   34.5   0.0    28   140     7   126     3   192 0.77 -
WP_020919362.1       -            416 Resfam_TetX          -            398     2e-16   65.3   0.0   2   2   1.9e-09   2.4e-05   28.8   0.0   271   376   288   394   267   403 0.80 -
WP_040125550.1       -            417 Resfam_TetX          -            398   2.3e-16   65.1   0.0   1   2   1.7e-11   2.2e-07   35.5   0.0    28   200     7   187     3   225 0.75 -
WP_040125550.1       -            417 Resfam_TetX          -            398   2.3e-16   65.1   0.0   2   2   4.3e-09   5.4e-05   27.6   0.0   268   378   285   396   254   403 0.81 -
WP_085744522.1       -            417 Resfam_TetX          -            398   2.3e-16   65.0   0.0   1   2   1.1e-10   1.3e-06   32.9   0.0    28   186     7   172     3   202 0.73 -
WP_085744522.1       -            417 Resfam_TetX          -            398   2.3e-16   65.0   0.0   2   2   7.1e-10   8.9e-06   30.2   0.0   268   378   285   396   253   405 0.80 -
WP_041366108.1       -            417 Resfam_TetX          -            398   3.8e-16   64.4   0.0   1   2   6.1e-12   7.6e-08   37.0   0.0    28   198     7   185     3   210 0.75 -
WP_041366108.1       -            417 Resfam_TetX          -            398   3.8e-16   64.4   0.0   2   2     2e-08   0.00025   25.4   0.0   268   378   285   396   255   403 0.81 -
WP_027990848.1       -            416 Resfam_TetX          -            398   4.1e-16   64.2   0.0   1   2   5.4e-12   6.8e-08   37.2   0.0    28   186     7   172     2   193 0.76 -
WP_027990848.1       -            416 Resfam_TetX          -            398   4.1e-16   64.2   0.0   2   2   2.7e-08   0.00033   25.0   0.0   266   378   283   396   253   407 0.77 -
WP_027988912.1       -            416 Resfam_TetX          -            398   4.4e-16   64.1   0.0   1   2   5.6e-12   7.1e-08   37.1   0.0    28   186     7   172     3   193 0.76 -
WP_027988912.1       -            416 Resfam_TetX          -            398   4.4e-16   64.1   0.0   2   2   2.7e-08   0.00033   25.0   0.0   266   378   283   396   253   407 0.77 -
WP_040120839.1       -            415 Resfam_TetX          -            398   4.9e-16   64.0   0.0   1   2     3e-11   3.8e-07   34.7   0.0    28   186     7   172     3   194 0.71 -
WP_040120839.1       -            415 Resfam_TetX          -            398   4.9e-16   64.0   0.0   2   2   5.3e-09   6.7e-05   27.3   0.0   266   378   282   395   252   406 0.80 -
WP_014528306.1       -            416 Resfam_TetX          -            398   4.9e-16   64.0   0.0   1   2     3e-11   3.8e-07   34.7   0.0    28   186     7   172     3   194 0.71 -
WP_014528306.1       -            416 Resfam_TetX          -            398   4.9e-16   64.0   0.0   2   2   5.5e-09   6.9e-05   27.3   0.0   266   378   283   396   254   407 0.80 -
WP_013851117.1       -            416 Resfam_TetX          -            398   5.2e-16   63.9   0.0   1   2   3.2e-11     4e-07   34.6   0.0    28   186     7   172     3   194 0.71 -
WP_013851117.1       -            416 Resfam_TetX          -            398   5.2e-16   63.9   0.0   2   2   5.5e-09   6.9e-05   27.3   0.0   266   378   283   396   254   407 0.80 -
WP_011970491.1       -            416 Resfam_TetX          -            398   5.4e-16   63.8   0.0   1   2   2.4e-12     3e-08   38.3   0.0    28   197     7   184     2   197 0.76 -
WP_011970491.1       -            416 Resfam_TetX          -            398   5.4e-16   63.8   0.0   2   2   8.2e-08     0.001   23.4   0.0   253   378   270   396   251   406 0.76 -
YP_001314316.1       -            416 Resfam_TetX          -            398   5.4e-16   63.8   0.0   1   2   2.4e-12     3e-08   38.3   0.0    28   197     7   184     2   197 0.76 -
YP_001314316.1       -            416 Resfam_TetX          -            398   5.4e-16   63.8   0.0   2   2   8.2e-08     0.001   23.4   0.0   253   378   270   396   251   406 0.76 -
WP_014252283.1       -            405 Resfam_TetX          -            398   5.5e-16   63.8   0.0   1   2   3.8e-12   4.7e-08   37.7   0.0    26   188     5   170     2   177 0.85 -
WP_014252283.1       -            405 Resfam_TetX          -            398   5.5e-16   63.8   0.0   2   2   4.7e-08   0.00058   24.2   0.0   315   365   288   338   209   362 0.84 -
WP_064844726.1       -            421 Resfam_TetX          -            398   5.8e-16   63.7   0.0   1   2   7.7e-11   9.7e-07   33.4   0.0    28   140     7   126     3   192 0.78 -
WP_064844726.1       -            421 Resfam_TetX          -            398   5.8e-16   63.7   0.0   2   2   2.3e-09   2.9e-05   28.5   0.0   268   378   285   396   249   409 0.77 -
WP_003292084.1       -            472 Resfam_TetX          -            398   6.3e-16   63.6   0.0   1   1   3.9e-19   4.9e-15   60.7   0.0    10   365    51   404    43   407 0.79 -
WP_088202340.1       -            416 Resfam_TetX          -            398   1.4e-15   62.5   0.0   1   2     9e-11   1.1e-06   33.2   0.0    28   186     7   172     3   194 0.70 -
WP_088202340.1       -            416 Resfam_TetX          -            398   1.4e-15   62.5   0.0   2   2   5.5e-09   6.9e-05   27.3   0.0   266   378   283   396   254   407 0.80 -
WP_012755434.1       -            386 Resfam_TetX          -            398     2e-15   61.9   0.0   1   2   2.9e-13   3.6e-09   41.4   0.0    27   189     6   168     2   236 0.88 -
WP_012755434.1       -            386 Resfam_TetX          -            398     2e-15   61.9   0.0   2   2   2.1e-06     0.026   18.8   0.0   316   366   288   338   271   354 0.91 -
WP_025430808.1       -            416 Resfam_TetX          -            398   2.1e-15   61.9   0.0   1   2   1.5e-10   1.9e-06   32.4   0.0    28   139     7   125     3   197 0.77 -
WP_025430808.1       -            416 Resfam_TetX          -            398   2.1e-15   61.9   0.0   2   2   4.4e-09   5.5e-05   27.6   0.0   267   378   284   396   254   407 0.79 -
WP_077160866.1       -            405 Resfam_TetX          -            398   2.3e-15   61.7   0.0   1   2   1.4e-11   1.8e-07   35.8   0.0    26   188     5   170     2   176 0.86 -
WP_077160866.1       -            405 Resfam_TetX          -            398   2.3e-15   61.7   0.0   2   2   5.6e-08   0.00071   23.9   0.0   315   365   288   338   249   362 0.82 -
WP_045460543.1       -            405 Resfam_TetX          -            398   8.4e-15   59.9   0.0   1   2   4.4e-11   5.5e-07   34.2   0.0    26   186     5   168     1   175 0.85 -
WP_045460543.1       -            405 Resfam_TetX          -            398   8.4e-15   59.9   0.0   2   2     6e-08   0.00076   23.8   0.0   315   365   288   338   249   362 0.83 -
WP_076693978.1       -            407 Resfam_TetX          -            398   1.9e-14   58.7   0.0   1   1   8.5e-18   1.1e-13   56.3   0.0    28   368     2   333     1   346 0.82 -
WP_012405471.1       -            405 Resfam_TetX          -            398   2.8e-14   58.2   0.0   1   2   2.2e-10   2.8e-06   31.9   0.0    26   188     5   170     1   176 0.86 -
WP_012405471.1       -            405 Resfam_TetX          -            398   2.8e-14   58.2   0.0   2   2   3.9e-08   0.00049   24.5   0.0   315   365   288   338   256   362 0.87 -
WP_052766881.1       -            420 Resfam_TetX          -            398   3.6e-14   57.9   0.0   1   2   8.8e-08    0.0011   23.3   0.0    40   201     2   171     1   181 0.79 -
WP_052766881.1       -            420 Resfam_TetX          -            398   3.6e-14   57.9   0.0   2   2   1.3e-10   1.7e-06   32.6   0.0   306   380   298   371   265   382 0.82 -
WP_044044096.1       -            372 Resfam_TetX          -            398   1.1e-13   56.2   0.0   1   2   4.7e-11   5.9e-07   34.1   0.0    24   188     6   170     2   218 0.91 -
WP_044044096.1       -            372 Resfam_TetX          -            398   1.1e-13   56.2   0.0   2   2   7.3e-07    0.0092   20.3   0.0   315   365   286   334   247   357 0.84 -
WP_015004445.1       -            405 Resfam_TetX          -            398   1.4e-13   55.8   0.0   1   2   1.2e-09   1.5e-05   29.5   0.0    26   188     5   170     3   176 0.85 -
WP_015004445.1       -            405 Resfam_TetX          -            398   1.4e-13   55.8   0.0   2   2   4.5e-08   0.00056   24.3   0.0   315   366   288   339   257   362 0.86 -
WP_069709412.1       -            388 Resfam_TetX          -            398   3.9e-13   54.4   0.0   1   2   7.5e-09   9.3e-05   26.8   0.0    29   189     4   168     2   182 0.72 -
WP_069709412.1       -            388 Resfam_TetX          -            398   3.9e-13   54.4   0.0   2   2   2.7e-08   0.00034   25.0   0.0   277   379   251   350   239   376 0.85 -
WP_102884661.1       -            407 Resfam_TetX          -            398   8.6e-13   53.3   0.0   1   1   5.3e-16   6.6e-12   50.4   0.0    23   359     3   337     1   368 0.76 -
WP_045460505.1       -            367 Resfam_TetX          -            398   6.1e-12   50.5   0.0   1   2   1.7e-09   2.2e-05   28.9   0.0    26   188     3   165     1   206 0.89 -
WP_045460505.1       -            367 Resfam_TetX          -            398   6.1e-12   50.5   0.0   2   2     1e-06     0.013   19.8   0.0   315   375   281   339   239   355 0.84 -
WP_041733366.1       -            367 Resfam_TetX          -            398   7.1e-12   50.3   0.0   1   2   1.8e-09   2.2e-05   28.9   0.0    26   188     3   165     1   204 0.89 -
WP_041733366.1       -            367 Resfam_TetX          -            398   7.1e-12   50.3   0.0   2   2   1.2e-06     0.015   19.5   0.0   315   375   281   339   258   355 0.83 -
WP_013511166.1       -            381 Resfam_TetX          -            398   7.5e-12   50.2   0.0   1   2   1.4e-11   1.8e-07   35.8   0.0    27   192     5   173     1   188 0.83 -
WP_013511166.1       -            381 Resfam_TetX          -            398   7.5e-12   50.2   0.0   2   2   0.00018       2.2   12.4   0.0   315   366   288   339   236   361 0.83 -
WP_099060580.1       -            546 Resfam_TetX          -            398   8.8e-12   50.0   0.0   1   2   4.8e-06      0.06   17.6   0.0    25    58     8    41     2    53 0.88 -
WP_099060580.1       -            546 Resfam_TetX          -            398   8.8e-12   50.0   0.0   2   2   7.8e-10   9.7e-06   30.1   0.0   314   351   281   318   264   339 0.81 -
WP_077160831.1       -            367 Resfam_TetX          -            398   1.5e-11   49.2   0.0   1   2   3.2e-09     4e-05   28.0   0.0    26   188     3   165     1   222 0.87 -
WP_077160831.1       -            367 Resfam_TetX          -            398   1.5e-11   49.2   0.0   2   2   1.4e-06     0.017   19.4   0.0   315   375   281   339   258   355 0.84 -
WP_101453207.1       -            401 Resfam_TetX          -            398   2.3e-11   48.6   0.0   1   3   6.8e-07    0.0085   20.4   0.0    28    82     5    58     1    86 0.87 -
WP_101453207.1       -            401 Resfam_TetX          -            398   2.3e-11   48.6   0.0   2   3       0.1   1.3e+03    3.3   0.0   124   187   114   176    97   194 0.87 -
WP_101453207.1       -            401 Resfam_TetX          -            398   2.3e-11   48.6   0.0   3   3   3.2e-07     0.004   21.5   0.0   304   372   314   377   294   388 0.81 -
WP_095436589.1       -            396 Resfam_TetX          -            398   2.5e-11   48.5   0.0   1   2   2.7e-08   0.00034   25.0   0.0    26   199     3   186     1   199 0.68 -
WP_095436589.1       -            396 Resfam_TetX          -            398   2.5e-11   48.5   0.0   2   2   1.2e-06     0.015   19.5   0.0   315   367   315   369   272   389 0.80 -
WP_096609198.1       -            440 Resfam_TetX          -            398   4.4e-11   47.7   0.0   1   1     7e-15   8.7e-11   46.7   0.0    28   364     9   354     4   359 0.73 -
WP_016348507.1       -            413 Resfam_TetX          -            398   6.6e-11   47.1   0.0   1   1   5.8e-14   7.3e-10   43.7   0.0    25   370    35   375     9   382 0.78 -
WP_025431101.1       -            407 Resfam_TetX          -            398   8.2e-11   46.8   0.0   1   3    0.0002       2.4   12.3   0.0    26    59     3    36     1    53 0.87 -
WP_025431101.1       -            407 Resfam_TetX          -            398   8.2e-11   46.8   0.0   2   3   8.7e-05       1.1   13.4   0.0   129   185    99   155    83   173 0.93 -
WP_025431101.1       -            407 Resfam_TetX          -            398   8.2e-11   46.8   0.0   3   3   5.1e-06     0.064   17.5   0.0   314   372   304   360   281   369 0.88 -
WP_043257924.1       -            396 Resfam_TetX          -            398   9.8e-11   46.5   0.0   1   2   7.2e-12     9e-08   36.8   0.0    25   189     2   168     1   186 0.84 -
WP_043257924.1       -            396 Resfam_TetX          -            398   9.8e-11   46.5   0.0   2   2    0.0045        57    7.8   0.0   315   353   283   321   268   342 0.81 -
#
# Program:         hmmsearch
# Version:         3.1b2 (February 2015)
# Pipeline mode:   SEARCH
# Query file:      /mnt/research/ShadeLab/Dunivin/gene_targeted_assembly/RDPTools/Xander_assembler/gene_resource/tetX/originaldata/tetX.hmm
# Target file:     /mnt/research/ShadeLab/Dunivin/hmmsearch/refseq/protein_files/plasmid.protein.fa
# Option settings: /opt/software/HMMER/3.1b2--GCC-4.8.3/bin/hmmsearch -o /mnt/research/ShadeLab/Dunivin/hmmsearch/refseq/hmm_outputs/tetX.plasmid.protein.fa.stdout.txt -A /mnt/research/ShadeLab/Dunivin/hmmsearch/refseq/hmm_outputs/tetX.plasmid.protein.fa.alignment.0.0000000001.txt --domtblout /mnt/research/ShadeLab/Dunivin/hmmsearch/refseq/hmm_outputs/tetX.plasmid.protein.fa.0.0000000001.tbl.txt -E 0.0000000001 --cpu 8 /mnt/research/ShadeLab/Dunivin/gene_targeted_assembly/RDPTools/Xander_assembler/gene_resource/tetX/originaldata/tetX.hmm /mnt/research/ShadeLab/Dunivin/hmmsearch/refseq/protein_files/plasmid.protein.fa 
# Current dir:     /mnt/research/ShadeLab/Dunivin/hmmsearch/bin
# Date:            Wed Jul 25 14:07:56 2018
# [ok]
