#                                                                            --- full sequence --- -------------- this domain -------------   hmm coord   ali coord   env coord
# target name        accession   tlen query name           accession   qlen   E-value  score  bias   #  of  c-Evalue  i-Evalue  score  bias  from    to  from    to  from    to  acc description of target
#------------------- ---------- ----- -------------------- ---------- ----- --------- ------ ----- --- --- --------- --------- ------ ----- ----- ----- ----- ----- ----- ----- ---- ---------------------
NP_878016.1          -            343 Resfam_vanA          -            343  6.9e-241  803.8   0.8   1   1  5.4e-245  7.7e-241  803.6   0.8     1   343     1   343     1   343 1.00 -
WP_001079845.1       -            343 Resfam_vanA          -            343  6.9e-241  803.8   0.8   1   1  5.4e-245  7.7e-241  803.6   0.8     1   343     1   343     1   343 1.00 -
YP_001019035.1       -            343 Resfam_vanA          -            343  6.9e-241  803.8   0.8   1   1  5.4e-245  7.7e-241  803.6   0.8     1   343     1   343     1   343 1.00 -
YP_001974796.1       -            343 Resfam_vanA          -            343  6.9e-241  803.8   0.8   1   1  5.4e-245  7.7e-241  803.6   0.8     1   343     1   343     1   343 1.00 -
YP_002128399.1       -            343 Resfam_vanA          -            343  6.9e-241  803.8   0.8   1   1  5.4e-245  7.7e-241  803.6   0.8     1   343     1   343     1   343 1.00 -
YP_003864126.1       -            343 Resfam_vanA          -            343  6.9e-241  803.8   0.8   1   1  5.4e-245  7.7e-241  803.6   0.8     1   343     1   343     1   343 1.00 -
YP_004033009.1       -            343 Resfam_vanA          -            343  6.9e-241  803.8   0.8   1   1  5.4e-245  7.7e-241  803.6   0.8     1   343     1   343     1   343 1.00 -
YP_006960580.1       -            343 Resfam_vanA          -            343  6.9e-241  803.8   0.8   1   1  5.4e-245  7.7e-241  803.6   0.8     1   343     1   343     1   343 1.00 -
YP_006961941.1       -            343 Resfam_vanA          -            343  6.9e-241  803.8   0.8   1   1  5.4e-245  7.7e-241  803.6   0.8     1   343     1   343     1   343 1.00 -
YP_976077.1          -            343 Resfam_vanA          -            343  6.9e-241  803.8   0.8   1   1  5.4e-245  7.7e-241  803.6   0.8     1   343     1   343     1   343 1.00 -
WP_001079843.1       -            343 Resfam_vanA          -            343  3.9e-240  801.3   0.7   1   1  3.1e-244  4.4e-240  801.2   0.7     1   343     1   343     1   343 1.00 -
YP_004172615.1       -            343 Resfam_vanA          -            343  3.9e-240  801.3   0.7   1   1  3.1e-244  4.4e-240  801.2   0.7     1   343     1   343     1   343 1.00 -
YP_006937548.1       -            343 Resfam_vanA          -            343  3.9e-240  801.3   0.7   1   1  3.1e-244  4.4e-240  801.2   0.7     1   343     1   343     1   343 1.00 -
YP_007908268.1       -            343 Resfam_vanA          -            343  3.9e-240  801.3   0.7   1   1  3.1e-244  4.4e-240  801.2   0.7     1   343     1   343     1   343 1.00 -
WP_041120633.1       -            343 Resfam_vanA          -            343  4.7e-239  797.8   0.6   1   1  3.7e-243  5.3e-239  797.6   0.6     1   343     1   343     1   343 1.00 -
WP_032489746.1       -            342 Resfam_vanA          -            343  1.8e-187  628.2   0.1   1   1  1.4e-191    2e-187  628.0   0.1     1   342     1   341     1   342 0.99 -
WP_002593938.1       -            342 Resfam_vanA          -            343  2.8e-187  627.5   0.1   1   1  2.2e-191  3.2e-187  627.4   0.1     1   342     1   341     1   342 0.99 -
YP_002333395.1       -            342 Resfam_vanA          -            343  2.8e-187  627.5   0.1   1   1  2.2e-191  3.2e-187  627.4   0.1     1   342     1   341     1   342 0.99 -
WP_063856713.1       -            343 Resfam_vanA          -            343   7.1e-72  248.1   0.0   1   1   6.6e-76   9.5e-72  247.7   0.0     5   340     3   340     1   342 0.89 -
WP_033637551.1       -            367 Resfam_vanA          -            343   9.3e-71  244.4   0.0   1   1   7.8e-75   1.1e-70  244.1   0.0     1   342     1   352     1   353 0.89 -
WP_015377061.1       -            367 Resfam_vanA          -            343   1.1e-70  244.2   0.0   1   1   9.1e-75   1.3e-70  243.9   0.0     1   342     1   352     1   353 0.89 -
WP_001096588.1       -            364 Resfam_vanA          -            343   8.9e-69  237.9   0.0   1   1   7.6e-73   1.1e-68  237.6   0.0     1   342     1   352     1   353 0.87 -
WP_004151348.1       -            365 Resfam_vanA          -            343   1.6e-67  233.7   0.0   1   1   1.7e-71   2.4e-67  233.2   0.0     1   342     1   352     1   353 0.89 -
WP_038496482.1       -            355 Resfam_vanA          -            343   3.1e-64  223.0   0.0   1   1   2.7e-68   3.9e-64  222.6   0.0     3   338     7   347     5   352 0.90 -
WP_018517581.1       -            358 Resfam_vanA          -            343   5.4e-60  209.0   0.0   1   1   5.5e-64   7.9e-60  208.5   0.0     3   338     7   348     5   352 0.88 -
WP_060594814.1       -            363 Resfam_vanA          -            343   4.5e-59  206.0   0.0   1   1   4.8e-63   6.9e-59  205.4   0.0     2   341     3   356     2   358 0.88 -
WP_025430087.1       -            358 Resfam_vanA          -            343   1.3e-58  204.4   0.0   1   1   1.2e-62   1.7e-58  204.1   0.0     3   340     7   350     5   353 0.87 -
WP_066328112.1       -            362 Resfam_vanA          -            343   6.1e-57  199.0   0.0   1   1   6.2e-61   8.9e-57  198.4   0.0     5   342     4   350     1   351 0.82 -
WP_096732384.1       -            356 Resfam_vanA          -            343   2.2e-56  197.2   0.0   1   1   1.5e-59   2.2e-55  193.8   0.0     1   342     1   347     1   348 0.83 -
WP_096611846.1       -            353 Resfam_vanA          -            343   4.2e-54  189.7   0.0   1   1   2.3e-57   3.3e-53  186.7   0.0     1   341     1   346     1   348 0.82 -
WP_038443353.1       -            362 Resfam_vanA          -            343   1.1e-44  158.6   0.1   1   1   1.1e-48   1.6e-44  158.2   0.1     5   342     4   348     1   349 0.84 -
WP_060499797.1       -            318 Resfam_vanA          -            343   2.5e-42  150.9   0.0   1   2     0.015   2.2e+02    6.4   0.0     5    28    19    42    16    59 0.83 -
WP_060499797.1       -            318 Resfam_vanA          -            343   2.5e-42  150.9   0.0   2   2   1.9e-43   2.8e-39  140.9   0.0    89   334    68   307    62   315 0.89 -
WP_025436665.1       -            300 Resfam_vanA          -            343   9.7e-42  149.0   2.7   1   2   1.6e-06     0.022   19.6   0.2     4    43     1    40     1    50 0.91 -
WP_025436665.1       -            300 Resfam_vanA          -            343   9.7e-42  149.0   2.7   2   2   3.7e-40   5.3e-36  130.1   0.3    90   336    51   290    44   297 0.88 -
WP_096619603.1       -            333 Resfam_vanA          -            343   1.7e-37  135.1   0.0   1   1   1.7e-40   2.5e-36  131.2   0.0     1   337     1   326     1   331 0.88 -
WP_000763904.1       -            306 Resfam_vanA          -            343   7.6e-37  132.9   0.0   1   2     0.014     2e+02    6.6   0.0     5    29     4    28     2    37 0.87 -
WP_000763904.1       -            306 Resfam_vanA          -            343   7.6e-37  132.9   0.0   2   2   2.4e-38   3.4e-34  124.2   0.0    93   340    57   305    47   306 0.89 -
WP_033641257.1       -            306 Resfam_vanA          -            343   1.2e-36  132.2   0.0   1   2    0.0047        67    8.1   0.0     5    30     4    29     2    38 0.87 -
WP_033641257.1       -            306 Resfam_vanA          -            343   1.2e-36  132.2   0.0   2   2     1e-37   1.5e-33  122.1   0.0    94   340    58   305    38   306 0.90 -
WP_017961294.1       -            308 Resfam_vanA          -            343   3.2e-35  127.5   0.0   1   2    0.0029        42    8.8   0.0     1    46     1    46     1    56 0.89 -
WP_017961294.1       -            308 Resfam_vanA          -            343   3.2e-35  127.5   0.0   2   2   3.5e-36     5e-32  117.0   0.0    92   333    57   297    50   304 0.86 -
WP_002888623.1       -            306 Resfam_vanA          -            343     5e-35  126.9   0.0   1   2    0.0096   1.4e+02    7.1   0.0     5    29     4    28     2    38 0.87 -
WP_002888623.1       -            306 Resfam_vanA          -            343     5e-35  126.9   0.0   2   2   3.1e-36   4.4e-32  117.2   0.0    93   340    57   305    48   306 0.87 -
WP_084883064.1       -            343 Resfam_vanA          -            343   1.2e-33  122.4   0.0   1   1   2.1e-36     3e-32  117.8   0.0     3   342    11   339     9   340 0.85 -
WP_064465387.1       -            342 Resfam_vanA          -            343   1.5e-33  122.1   0.1   1   1   1.4e-37     2e-33  121.6   0.1     5   342     2   339     1   340 0.82 -
WP_011839948.1       -            337 Resfam_vanA          -            343   4.1e-33  120.6   0.0   1   2   0.00074        11   10.8   0.0     1    52     1    53     1    66 0.85 -
WP_011839948.1       -            337 Resfam_vanA          -            343   4.1e-33  120.6   0.0   2   2     2e-33   2.8e-29  108.0   0.0    91   337    78   329    71   334 0.90 -
WP_009228231.1       -            332 Resfam_vanA          -            343   1.1e-32  119.2   1.8   1   1   1.3e-34   1.9e-30  111.9   1.8     5   335     6   326     2   330 0.86 -
WP_014747837.1       -            304 Resfam_vanA          -            343   3.2e-29  107.8   0.0   1   2     0.021     3e+02    6.0   0.0     3    39     3    39     1    56 0.85 -
WP_014747837.1       -            304 Resfam_vanA          -            343   3.2e-29  107.8   0.0   2   2   5.3e-31   7.6e-27  100.0   0.0    92   336    57   296    49   301 0.88 -
WP_099505235.1       -            318 Resfam_vanA          -            343   1.1e-28  106.1   0.1   1   2      0.28     4e+03    2.3   0.0     1    33     1    33     1    46 0.85 -
WP_099505235.1       -            318 Resfam_vanA          -            343   1.1e-28  106.1   0.1   2   2   2.7e-31   3.9e-27  100.9   0.0    93   331    58   301    52   311 0.85 -
WP_002869413.1       -            346 Resfam_vanA          -            343   1.1e-27  102.8   0.5   1   1     4e-31   5.7e-27  100.4   0.5     4   313     1   304     1   330 0.83 -
WP_088198865.1       -            336 Resfam_vanA          -            343   1.4e-20   79.4   0.0   1   1   1.5e-24   2.1e-20   78.8   0.0   106   340    93   326    76   329 0.86 -
WP_074070862.1       -            335 Resfam_vanA          -            343   1.6e-20   79.2   0.0   1   1   1.6e-24   2.2e-20   78.7   0.0   108   339    94   324    76   327 0.89 -
WP_105009871.1       -            337 Resfam_vanA          -            343     2e-19   75.6   0.0   1   1   1.8e-23   2.6e-19   75.2   0.0   106   340    94   327    78   330 0.86 -
NP_444059.1          -            336 Resfam_vanA          -            343   1.1e-18   73.2   0.0   1   1   1.1e-22   1.6e-18   72.6   0.0   107   338    93   323    75   327 0.90 -
WP_010875202.1       -            336 Resfam_vanA          -            343   1.1e-18   73.2   0.0   1   1   1.1e-22   1.6e-18   72.6   0.0   107   338    93   323    75   327 0.90 -
WP_096541781.1       -            368 Resfam_vanA          -            343   3.1e-18   71.7   0.0   1   1     1e-21   1.4e-17   69.5   0.0   109   337    99   333    79   338 0.83 -
WP_096540417.1       -            327 Resfam_vanA          -            343   4.4e-18   71.2   0.0   1   1   4.3e-22   6.2e-18   70.7   0.0    98   337    77   320    63   325 0.83 -
WP_096682823.1       -            348 Resfam_vanA          -            343   2.1e-16   65.7   0.0   1   1   5.2e-20   7.5e-16   63.9   0.0   109   336   100   334    81   340 0.83 -
WP_037390297.1       -            361 Resfam_vanA          -            343   3.8e-16   64.8   0.0   1   2       1.3   1.8e+04    0.1   0.0     5    22     2    19     1    37 0.83 -
WP_037390297.1       -            361 Resfam_vanA          -            343   3.8e-16   64.8   0.0   2   2   1.4e-19   2.1e-15   62.4   0.0    92   333    87   332    66   337 0.84 -
WP_082240380.1       -            330 Resfam_vanA          -            343   1.2e-15   63.2   0.0   1   1   1.1e-19   1.6e-15   62.8   0.0    91   319    69   298    62   312 0.84 -
WP_065212485.1       -            306 Resfam_vanA          -            343   1.6e-15   62.7   0.0   1   1   4.1e-19   5.8e-15   60.9   0.0    94   340    60   303    40   306 0.83 -
WP_012406699.1       -            357 Resfam_vanA          -            343   1.8e-15   62.6   0.2   1   2     0.072     1e+03    4.2   0.0     3    34     4    35     2    50 0.81 -
WP_012406699.1       -            357 Resfam_vanA          -            343   1.8e-15   62.6   0.2   2   2   9.6e-18   1.4e-13   56.4   0.0    95   335    90   337    82   342 0.80 -
WP_088218094.1       -            361 Resfam_vanA          -            343   7.5e-15   60.6   0.0   1   2      0.88   1.3e+04    0.6   0.0     5    25     2    22     1    37 0.77 -
WP_088218094.1       -            361 Resfam_vanA          -            343   7.5e-15   60.6   0.0   2   2   4.2e-18     6e-14   57.6   0.0    94   333    89   331    74   336 0.87 -
WP_104840523.1       -            358 Resfam_vanA          -            343     3e-13   55.3   0.0   1   2       6.4   9.1e+04   -2.2   0.0     5    28     2    25     1    45 0.78 -
WP_104840523.1       -            358 Resfam_vanA          -            343     3e-13   55.3   0.0   2   2     5e-17   7.2e-13   54.1   0.0    94   333    89   333    75   337 0.84 -
WP_013851055.1       -            296 Resfam_vanA          -            343   4.5e-13   54.7   0.0   1   1   4.8e-17   6.9e-13   54.1   0.0    95   336    29   277    21   282 0.81 -
WP_013851011.1       -            321 Resfam_vanA          -            343     2e-12   52.6   0.0   1   1   7.5e-16   1.1e-11   50.2   0.0    89   319    67   293    58   299 0.81 -
#
# Program:         hmmsearch
# Version:         3.1b2 (February 2015)
# Pipeline mode:   SEARCH
# Query file:      /mnt/research/ShadeLab/Dunivin/gene_targeted_assembly/RDPTools/Xander_assembler/gene_resource/vanA/originaldata/vanA.hmm
# Target file:     /mnt/research/ShadeLab/Dunivin/hmmsearch/refseq/protein_files/plasmid.protein.fa
# Option settings: /opt/software/HMMER/3.1b2--GCC-4.8.3/bin/hmmsearch -o /mnt/research/ShadeLab/Dunivin/hmmsearch/refseq/hmm_outputs/vanA.plasmid.protein.fa.stdout.txt -A /mnt/research/ShadeLab/Dunivin/hmmsearch/refseq/hmm_outputs/vanA.plasmid.protein.fa.alignment.0.0000000001.txt --domtblout /mnt/research/ShadeLab/Dunivin/hmmsearch/refseq/hmm_outputs/vanA.plasmid.protein.fa.0.0000000001.tbl.txt -E 0.0000000001 --cpu 8 /mnt/research/ShadeLab/Dunivin/gene_targeted_assembly/RDPTools/Xander_assembler/gene_resource/vanA/originaldata/vanA.hmm /mnt/research/ShadeLab/Dunivin/hmmsearch/refseq/protein_files/plasmid.protein.fa 
# Current dir:     /mnt/research/ShadeLab/Dunivin/hmmsearch/bin
# Date:            Wed Jul 25 14:08:02 2018
# [ok]
