#                                                                            --- full sequence --- -------------- this domain -------------   hmm coord   ali coord   env coord
# target name        accession   tlen query name           accession   qlen   E-value  score  bias   #  of  c-Evalue  i-Evalue  score  bias  from    to  from    to  from    to  acc description of target
#------------------- ---------- ----- -------------------- ---------- ----- --------- ------ ----- --- --- --------- --------- ------ ----- ----- ----- ----- ----- ----- ----- ---- ---------------------
WP_109877104.1       -            722 Resfam_vanA          -            343   6.7e-25   94.1   0.0   1   1   3.7e-29     1e-24   93.5   0.0   106   340    91   323    73   326 0.86 -
WP_081472275.1       -            358 Resfam_vanA          -            343   5.2e-24   91.2   0.0   1   1   2.6e-28     7e-24   90.8   0.0    91   341    87   351    69   353 0.87 -
WP_014963765.1       -            720 Resfam_vanA          -            343   4.7e-23   88.1   0.0   1   1   2.8e-27   7.6e-23   87.4   0.0   106   337    91   320    72   325 0.87 -
WP_014965646.1       -            722 Resfam_vanA          -            343   6.6e-23   87.6   0.0   1   1   3.9e-27   1.1e-22   86.9   0.0   106   337    91   320    74   325 0.87 -
WP_011843499.1       -            663 Resfam_vanA          -            343     5e-22   84.7   0.0   1   1   2.6e-26   7.1e-22   84.2   0.0   108   338   390   632   366   636 0.88 -
WP_048116120.1       -            722 Resfam_vanA          -            343     1e-21   83.7   0.0   1   1   6.7e-26   1.8e-21   82.8   0.0    99   339    82   322    71   325 0.86 -
WP_048151833.1       -            635 Resfam_vanA          -            343   3.5e-21   81.9   0.0   1   1   1.9e-25   5.2e-21   81.3   0.0   112   335   384   620   376   626 0.87 -
WP_066957120.1       -            661 Resfam_vanA          -            343   4.6e-21   81.5   0.0   1   1   2.4e-25   6.6e-21   81.0   0.0   108   338   388   630   364   634 0.89 -
WP_013328474.1       -            635 Resfam_vanA          -            343   8.2e-21   80.7   0.0   1   1   4.4e-25   1.2e-20   80.2   0.0   112   335   384   620   376   626 0.87 -
WP_067074892.1       -            663 Resfam_vanA          -            343   1.7e-20   79.6   0.0   1   1   8.9e-25   2.5e-20   79.1   0.0   107   338   389   632   366   636 0.87 -
WP_014586561.1       -            522 Resfam_vanA          -            343   2.3e-20   79.2   0.0   1   1   1.2e-24   3.4e-20   78.7   0.0   105   341    78   324    53   326 0.82 -
WP_048180420.1       -            663 Resfam_vanA          -            343   5.2e-20   78.1   0.0   1   1   2.7e-24   7.5e-20   77.5   0.0   108   337   390   631   367   635 0.88 -
WP_074370463.1       -            663 Resfam_vanA          -            343   5.9e-20   77.9   0.0   1   1   3.1e-24   8.5e-20   77.4   0.0   108   338   390   632   367   636 0.87 -
WP_048113543.1       -            663 Resfam_vanA          -            343   6.2e-20   77.8   0.0   1   1   3.3e-24     9e-20   77.3   0.0   108   338   390   632   363   636 0.88 -
WP_015053328.1       -            638 Resfam_vanA          -            343   1.1e-18   73.7   0.0   1   1   8.4e-23   2.3e-18   72.6   0.0   108   336   386   626   363   631 0.86 -
WP_067049267.1       -            641 Resfam_vanA          -            343   1.2e-18   73.6   0.0   1   1   6.3e-23   1.7e-18   73.1   0.0   109   336   389   628   377   634 0.89 -
WP_094227225.1       -            638 Resfam_vanA          -            343   1.4e-18   73.4   0.0   1   1   8.1e-23   2.2e-18   72.7   0.0   108   336   386   626   349   631 0.87 -
WP_062264528.1       -            662 Resfam_vanA          -            343   2.1e-18   72.8   0.0   1   1   1.2e-22   3.3e-18   72.1   0.0   108   336   389   629   364   634 0.86 -
WP_014867670.1       -            662 Resfam_vanA          -            343   2.1e-18   72.8   0.0   1   1   1.2e-22   3.3e-18   72.1   0.0   108   336   389   629   364   634 0.86 -
WP_015325488.1       -            655 Resfam_vanA          -            343   1.2e-17   70.3   0.0   1   1   6.8e-22   1.9e-17   69.7   0.0   108   336   387   627   275   631 0.87 -
WP_004039511.1       -            647 Resfam_vanA          -            343   2.5e-17   69.2   0.0   1   1   1.3e-21   3.7e-17   68.7   0.0   109   336   389   628   380   634 0.87 -
WP_023845521.1       -            640 Resfam_vanA          -            343   5.7e-17   68.1   0.0   1   1   5.5e-21   1.5e-16   66.7   0.0   109   336   387   626   375   631 0.88 -
WP_091709616.1       -            640 Resfam_vanA          -            343   1.8e-16   66.4   0.0   1   1   1.6e-20   4.4e-16   65.1   0.0   109   336   387   626   375   631 0.88 -
WP_054299599.1       -            702 Resfam_vanA          -            343     9e-16   64.1   0.0   1   1   4.8e-20   1.3e-15   63.6   0.0   107   337   391   632   365   637 0.86 -
WP_004077827.1       -            649 Resfam_vanA          -            343   1.2e-15   63.7   0.0   1   1   7.1e-20     2e-15   63.0   0.0    71   338   345   623   334   627 0.82 -
WP_011032997.1       -            700 Resfam_vanA          -            343   1.4e-15   63.5   0.0   1   1   7.6e-20   2.1e-15   62.9   0.0   109   340   394   636   385   639 0.83 -
WP_048042148.1       -            700 Resfam_vanA          -            343   2.3e-15   62.8   0.0   1   1   1.2e-19   3.4e-15   62.2   0.0   109   340   394   636   385   639 0.83 -
WP_048042623.1       -            700 Resfam_vanA          -            343   7.1e-15   61.2   0.0   1   1   4.1e-19   1.1e-14   60.5   0.0   109   340   394   636   385   639 0.83 -
WP_015411529.1       -            700 Resfam_vanA          -            343   7.2e-15   61.2   0.0   1   1   4.1e-19   1.1e-14   60.5   0.0   109   340   394   636   385   639 0.83 -
WP_048036663.1       -            700 Resfam_vanA          -            343   7.2e-15   61.2   0.0   1   1   4.1e-19   1.1e-14   60.5   0.0   109   340   394   636   385   639 0.83 -
WP_048122360.1       -            702 Resfam_vanA          -            343   1.9e-14   59.8   0.0   1   1   9.7e-19   2.7e-14   59.3   0.0   108   338   392   633   370   637 0.85 -
WP_091689818.1       -            705 Resfam_vanA          -            343   6.8e-14   58.0   0.0   1   1   3.7e-18     1e-13   57.4   0.0    90   342    60   321    40   322 0.78 -
WP_048128154.1       -            702 Resfam_vanA          -            343   8.5e-14   57.6   0.0   1   1   4.9e-18   1.4e-13   57.0   0.0   109   335   395   632   384   639 0.85 -
WP_048157487.1       -            702 Resfam_vanA          -            343   1.1e-13   57.2   0.0   1   1   6.2e-18   1.7e-13   56.6   0.0   108   338   392   633   370   637 0.86 -
WP_095644547.1       -            702 Resfam_vanA          -            343   1.5e-13   56.8   0.0   1   1   8.4e-18   2.3e-13   56.2   0.0   108   337   392   632   370   637 0.84 -
WP_048109282.1       -            702 Resfam_vanA          -            343   1.7e-13   56.7   0.0   1   1   9.6e-18   2.6e-13   56.0   0.0   108   337   392   632   370   637 0.84 -
WP_048050605.1       -            700 Resfam_vanA          -            343   2.1e-13   56.3   0.0   1   1   1.2e-17   3.3e-13   55.7   0.0   110   340   395   636   386   639 0.82 -
WP_048129898.1       -            699 Resfam_vanA          -            343   2.2e-13   56.3   0.0   1   1   1.2e-17   3.4e-13   55.7   0.0   109   335   392   629   381   636 0.86 -
WP_048185064.1       -            700 Resfam_vanA          -            343   4.1e-13   55.4   0.0   1   1   2.5e-17   6.8e-13   54.7   0.0   109   332   392   626   381   636 0.86 -
WP_048174049.1       -            700 Resfam_vanA          -            343   4.1e-13   55.4   0.0   1   1   2.5e-17   6.8e-13   54.7   0.0   109   332   392   626   381   636 0.86 -
WP_048136864.1       -            701 Resfam_vanA          -            343     5e-12   51.8   0.0   1   1   2.6e-16   7.1e-12   51.3   0.0   110   340   395   636   384   639 0.85 -
WP_048173098.1       -            702 Resfam_vanA          -            343   1.6e-11   50.2   0.0   1   1   9.6e-16   2.6e-11   49.4   0.0   109   335   395   632   384   639 0.84 -
WP_011024232.1       -            703 Resfam_vanA          -            343   1.6e-11   50.2   0.0   1   1     9e-16   2.5e-11   49.5   0.0   110   335   397   633   389   640 0.85 -
WP_048137883.1       -            702 Resfam_vanA          -            343   1.6e-11   50.1   0.0   1   1   9.7e-16   2.7e-11   49.4   0.0   109   335   395   632   384   639 0.83 -
WP_048131594.1       -            702 Resfam_vanA          -            343   2.8e-11   49.4   0.0   1   1   1.7e-15   4.6e-11   48.6   0.0   108   335   394   632   380   639 0.83 -
WP_048160836.1       -            702 Resfam_vanA          -            343   2.8e-11   49.4   0.0   1   1   1.7e-15   4.6e-11   48.6   0.0   108   335   394   632   380   639 0.83 -
#
# Program:         hmmsearch
# Version:         3.1b2 (February 2015)
# Pipeline mode:   SEARCH
# Query file:      /mnt/research/ShadeLab/Dunivin/gene_targeted_assembly/RDPTools/Xander_assembler/gene_resource/vanA/originaldata/vanA.hmm
# Target file:     /mnt/research/ShadeLab/Dunivin/hmmsearch/refseq/protein_files/archaea.protein.fa
# Option settings: /opt/software/HMMER/3.1b2--GCC-4.8.3/bin/hmmsearch -o /mnt/research/ShadeLab/Dunivin/hmmsearch/refseq/hmm_outputs/vanA.archaea.protein.fa.stdout.txt -A /mnt/research/ShadeLab/Dunivin/hmmsearch/refseq/hmm_outputs/vanA.archaea.protein.fa.alignment.0.0000000001.txt --domtblout /mnt/research/ShadeLab/Dunivin/hmmsearch/refseq/hmm_outputs/vanA.archaea.protein.fa.0.0000000001.tbl.txt -E 0.0000000001 --cpu 8 /mnt/research/ShadeLab/Dunivin/gene_targeted_assembly/RDPTools/Xander_assembler/gene_resource/vanA/originaldata/vanA.hmm /mnt/research/ShadeLab/Dunivin/hmmsearch/refseq/protein_files/archaea.protein.fa 
# Current dir:     /mnt/research/ShadeLab/Dunivin/hmmsearch/bin
# Date:            Wed Jul 25 14:06:07 2018
# [ok]
