#                                                                            --- full sequence --- -------------- this domain -------------   hmm coord   ali coord   env coord
# target name        accession   tlen query name           accession   qlen   E-value  score  bias   #  of  c-Evalue  i-Evalue  score  bias  from    to  from    to  from    to  acc description of target
#------------------- ---------- ----- -------------------- ---------- ----- --------- ------ ----- --- --- --------- --------- ------ ----- ----- ----- ----- ----- ----- ----- ---- ---------------------
WP_063856713.1       -            343 Resfam_vanC          -            350  3.6e-137  462.7   0.7   1   1  2.7e-141  4.1e-137  462.5   0.7     1   347     1   342     1   343 0.98 -
WP_001079843.1       -            343 Resfam_vanC          -            350   4.8e-73  251.8   0.0   1   1   3.9e-77     6e-73  251.5   0.0     3   345     5   340     3   343 0.89 -
YP_004172615.1       -            343 Resfam_vanC          -            350   4.8e-73  251.8   0.0   1   1   3.9e-77     6e-73  251.5   0.0     3   345     5   340     3   343 0.89 -
YP_006937548.1       -            343 Resfam_vanC          -            350   4.8e-73  251.8   0.0   1   1   3.9e-77     6e-73  251.5   0.0     3   345     5   340     3   343 0.89 -
YP_007908268.1       -            343 Resfam_vanC          -            350   4.8e-73  251.8   0.0   1   1   3.9e-77     6e-73  251.5   0.0     3   345     5   340     3   343 0.89 -
NP_878016.1          -            343 Resfam_vanC          -            350   5.7e-73  251.6   0.0   1   1   4.7e-77   7.1e-73  251.2   0.0     3   345     5   340     3   343 0.89 -
WP_001079845.1       -            343 Resfam_vanC          -            350   5.7e-73  251.6   0.0   1   1   4.7e-77   7.1e-73  251.2   0.0     3   345     5   340     3   343 0.89 -
YP_001019035.1       -            343 Resfam_vanC          -            350   5.7e-73  251.6   0.0   1   1   4.7e-77   7.1e-73  251.2   0.0     3   345     5   340     3   343 0.89 -
YP_001974796.1       -            343 Resfam_vanC          -            350   5.7e-73  251.6   0.0   1   1   4.7e-77   7.1e-73  251.2   0.0     3   345     5   340     3   343 0.89 -
YP_002128399.1       -            343 Resfam_vanC          -            350   5.7e-73  251.6   0.0   1   1   4.7e-77   7.1e-73  251.2   0.0     3   345     5   340     3   343 0.89 -
YP_003864126.1       -            343 Resfam_vanC          -            350   5.7e-73  251.6   0.0   1   1   4.7e-77   7.1e-73  251.2   0.0     3   345     5   340     3   343 0.89 -
YP_004033009.1       -            343 Resfam_vanC          -            350   5.7e-73  251.6   0.0   1   1   4.7e-77   7.1e-73  251.2   0.0     3   345     5   340     3   343 0.89 -
YP_006960580.1       -            343 Resfam_vanC          -            350   5.7e-73  251.6   0.0   1   1   4.7e-77   7.1e-73  251.2   0.0     3   345     5   340     3   343 0.89 -
YP_006961941.1       -            343 Resfam_vanC          -            350   5.7e-73  251.6   0.0   1   1   4.7e-77   7.1e-73  251.2   0.0     3   345     5   340     3   343 0.89 -
YP_976077.1          -            343 Resfam_vanC          -            350   5.7e-73  251.6   0.0   1   1   4.7e-77   7.1e-73  251.2   0.0     3   345     5   340     3   343 0.89 -
WP_041120633.1       -            343 Resfam_vanC          -            350   1.9e-72  249.8   0.0   1   1   1.6e-76   2.4e-72  249.5   0.0     3   345     5   340     3   343 0.89 -
WP_002593938.1       -            342 Resfam_vanC          -            350   7.2e-72  247.9   0.0   1   1   7.2e-76   1.1e-71  247.3   0.0     3   345     5   339     3   342 0.87 -
YP_002333395.1       -            342 Resfam_vanC          -            350   7.2e-72  247.9   0.0   1   1   7.2e-76   1.1e-71  247.3   0.0     3   345     5   339     3   342 0.87 -
WP_032489746.1       -            342 Resfam_vanC          -            350   8.3e-72  247.7   0.0   1   1   8.3e-76   1.3e-71  247.1   0.0     3   345     5   339     3   342 0.87 -
WP_033637551.1       -            367 Resfam_vanC          -            350   1.7e-71  246.7   0.0   1   1   1.3e-75   1.9e-71  246.5   0.0     3   348     5   353     1   355 0.92 -
WP_015377061.1       -            367 Resfam_vanC          -            350   1.8e-71  246.7   0.0   1   1   1.4e-75   2.1e-71  246.4   0.0     3   348     5   353     1   355 0.92 -
WP_066328112.1       -            362 Resfam_vanC          -            350   4.2e-69  238.8   0.0   1   1   3.4e-73   5.1e-69  238.6   0.0     3   348     4   351     1   353 0.90 -
WP_004151348.1       -            365 Resfam_vanC          -            350   4.9e-69  238.6   0.1   1   1   3.7e-73   5.6e-69  238.4   0.1     3   347     5   352     1   355 0.92 -
WP_001096588.1       -            364 Resfam_vanC          -            350   2.3e-68  236.4   0.0   1   1   1.8e-72   2.8e-68  236.1   0.0     3   347     5   352     1   355 0.91 -
WP_096611846.1       -            353 Resfam_vanC          -            350   3.3e-63  219.5   0.0   1   1     3e-67   4.6e-63  219.0   0.0     3   347     5   347     1   350 0.89 -
WP_018517581.1       -            358 Resfam_vanC          -            350   5.6e-61  212.1   0.0   1   1   1.7e-64   2.5e-60  210.0   0.0     3   342     9   347     7   354 0.84 -
WP_038443353.1       -            362 Resfam_vanC          -            350   7.7e-61  211.7   0.3   1   1   6.1e-65   9.2e-61  211.4   0.3     2   346     3   347     1   351 0.91 -
WP_038496482.1       -            355 Resfam_vanC          -            350   9.8e-61  211.3   0.0   1   1     2e-64     3e-60  209.7   0.0     3   342     9   346     7   352 0.88 -
WP_060594814.1       -            363 Resfam_vanC          -            350   5.3e-60  208.9   0.0   1   1   6.6e-64     1e-59  208.0   0.0     3   344     6   354     4   359 0.85 -
WP_096732384.1       -            356 Resfam_vanC          -            350   4.4e-58  202.6   0.0   1   1   6.7e-62     1e-57  201.4   0.0     3   347     5   347     1   350 0.87 -
WP_025430087.1       -            358 Resfam_vanC          -            350   4.4e-54  189.5   0.0   1   1   4.5e-58   6.9e-54  188.8   0.0     3   343     9   348     7   353 0.87 -
WP_033641257.1       -            306 Resfam_vanC          -            350   7.8e-48  168.9   0.0   1   2    0.0016        25    9.4   0.0     2    32     3    33     2    42 0.88 -
WP_033641257.1       -            306 Resfam_vanC          -            350   7.8e-48  168.9   0.0   2   2   1.3e-48   1.9e-44  157.7   0.0    98   345    58   305    42   306 0.94 -
WP_096619603.1       -            333 Resfam_vanC          -            350   6.7e-47  165.8   0.0   1   1   2.3e-50   3.4e-46  163.5   0.0    91   338    71   322     3   328 0.89 -
WP_002888623.1       -            306 Resfam_vanC          -            350   4.8e-46  163.0   0.0   1   2   0.00011       1.7   13.2   0.0     2    30     3    31     2    44 0.88 -
WP_002888623.1       -            306 Resfam_vanC          -            350   4.8e-46  163.0   0.0   2   2   1.2e-45   1.9e-41  147.9   0.0    99   345    59   305    51   306 0.94 -
WP_000763904.1       -            306 Resfam_vanC          -            350   7.5e-46  162.4   0.0   1   2   0.00084        13   10.3   0.0     2    30     3    31     2    52 0.88 -
WP_000763904.1       -            306 Resfam_vanC          -            350   7.5e-46  162.4   0.0   2   2   2.3e-46   3.4e-42  150.3   0.0    99   345    59   305    47   306 0.94 -
WP_025436665.1       -            300 Resfam_vanC          -            350   1.4e-43  154.9   0.3   1   2   0.00018       2.8   12.5   0.0     3    44     2    41     1    51 0.90 -
WP_025436665.1       -            300 Resfam_vanC          -            350   1.4e-43  154.9   0.3   2   2   1.7e-43   2.5e-39  140.9   0.1    96   340    53   289    45   298 0.92 -
WP_060499797.1       -            318 Resfam_vanC          -            350   1.1e-41  148.7   0.0   1   2   6.7e-06       0.1   17.2   0.0     3    49    19    63    17    69 0.85 -
WP_060499797.1       -            318 Resfam_vanC          -            350   1.1e-41  148.7   0.0   2   2   3.4e-40   5.1e-36  130.0   0.0    96   343    71   311    56   315 0.90 -
WP_084883064.1       -            343 Resfam_vanC          -            350   1.1e-40  145.4   0.0   1   1   1.5e-43   2.2e-39  141.1   0.0    63   345    55   337    12   342 0.80 -
WP_011839948.1       -            337 Resfam_vanC          -            350   5.9e-40  143.0   0.1   1   2      0.59   8.9e+03    1.0   0.0     3    29     3    31     1    65 0.74 -
WP_011839948.1       -            337 Resfam_vanC          -            350   5.9e-40  143.0   0.1   2   2   2.9e-43   4.4e-39  140.1   0.0    95   339    78   326    55   333 0.87 -
WP_009228231.1       -            332 Resfam_vanC          -            350   5.4e-39  139.8   0.4   1   1   2.5e-41   3.8e-37  133.7   0.4     4   341     7   327     4   330 0.82 -
WP_064465387.1       -            342 Resfam_vanC          -            350   8.2e-39  139.2   0.2   1   1   9.8e-43   1.5e-38  138.4   0.2     3   343     2   335     1   340 0.89 -
WP_014747837.1       -            304 Resfam_vanC          -            350     1e-38  138.9   0.0   1   2    0.0019        29    9.1   0.0     3    34     5    36     3    46 0.84 -
WP_014747837.1       -            304 Resfam_vanC          -            350     1e-38  138.9   0.0   2   2   1.2e-39   1.8e-35  128.3   0.0    84   344    45   299    37   304 0.88 -
WP_017961294.1       -            308 Resfam_vanC          -            350   1.5e-36  131.8   0.0   1   2   0.00015       2.2   12.8   0.0     2    46     4    46     3    50 0.90 -
WP_017961294.1       -            308 Resfam_vanC          -            350   1.5e-36  131.8   0.0   2   2   1.9e-36   2.9e-32  117.7   0.0    87   341    48   300    46   305 0.89 -
WP_099505235.1       -            318 Resfam_vanC          -            350   6.5e-36  129.7   0.0   1   2    0.0014        22    9.6   0.0     4    42     6    44     3    52 0.90 -
WP_099505235.1       -            318 Resfam_vanC          -            350   6.5e-36  129.7   0.0   2   2   1.3e-36   1.9e-32  118.3   0.0    95   343    56   308    50   313 0.91 -
WP_002869413.1       -            346 Resfam_vanC          -            350   4.4e-29  107.2   0.1   1   1   3.9e-33   5.9e-29  106.8   0.1     3   342     2   329     1   334 0.80 -
WP_065212485.1       -            306 Resfam_vanC          -            350   7.7e-27   99.8   0.1   1   2     0.046     7e+02    4.6   0.0     6    41     8    43     4    54 0.86 -
WP_065212485.1       -            306 Resfam_vanC          -            350   7.7e-27   99.8   0.1   2   2   4.3e-29   6.5e-25   93.5   0.1    98   345    60   303    49   306 0.91 -
WP_012406699.1       -            357 Resfam_vanC          -            350   1.8e-25   95.3   0.0   1   2      0.08   1.2e+03    3.8   0.0     3    30     6    33     4    49 0.86 -
WP_012406699.1       -            357 Resfam_vanC          -            350   1.8e-25   95.3   0.0   2   2   6.8e-28     1e-23   89.6   0.0    98   338    89   335    73   344 0.83 -
WP_104840523.1       -            358 Resfam_vanC          -            350   1.3e-22   85.9   0.0   1   1   1.1e-26   1.7e-22   85.6   0.0     3   334     2   329     1   342 0.81 -
WP_037390297.1       -            361 Resfam_vanC          -            350     7e-18   70.4   0.0   1   1   6.2e-22   9.4e-18   70.0   0.0     4   338     3   332     1   339 0.82 -
WP_013851055.1       -            296 Resfam_vanC          -            350   2.9e-17   68.3   0.0   1   1   2.4e-21   3.5e-17   68.1   0.0    98   343    28   279    15   286 0.80 -
WP_088218094.1       -            361 Resfam_vanC          -            350   9.4e-17   66.7   0.0   1   1   9.8e-21   1.5e-16   66.0   0.0    98   338    89   331    68   342 0.84 -
WP_013851011.1       -            321 Resfam_vanC          -            350   1.2e-16   66.4   0.0   1   1     1e-20   1.5e-16   66.0   0.0    95   324    69   293    45   308 0.84 -
WP_082240380.1       -            330 Resfam_vanC          -            350   6.2e-15   60.7   0.0   1   1   5.8e-19   8.8e-15   60.2   0.0    91   326    65   300    35   316 0.85 -
NP_444059.1          -            336 Resfam_vanC          -            350   2.3e-14   58.8   0.0   1   1     2e-18     3e-14   58.5   0.0   112   346    94   326    65   329 0.83 -
WP_010875202.1       -            336 Resfam_vanC          -            350   2.3e-14   58.8   0.0   1   1     2e-18     3e-14   58.5   0.0   112   346    94   326    65   329 0.83 -
WP_074070862.1       -            335 Resfam_vanC          -            350   3.8e-11   48.2   0.0   1   1     3e-15   4.6e-11   48.0   0.0   115   346    97   326    42   329 0.80 -
WP_105009871.1       -            337 Resfam_vanC          -            350     6e-11   47.6   0.0   1   1   5.3e-15     8e-11   47.2   0.0   101   346    83   328    59   331 0.83 -
WP_088198865.1       -            336 Resfam_vanC          -            350   9.9e-11   46.9   0.0   1   1   8.7e-15   1.3e-10   46.5   0.0    99   346    80   327    53   330 0.84 -
#
# Program:         hmmsearch
# Version:         3.1b2 (February 2015)
# Pipeline mode:   SEARCH
# Query file:      /mnt/research/ShadeLab/Dunivin/gene_targeted_assembly/RDPTools/Xander_assembler/gene_resource/vanC/originaldata/vanC.hmm
# Target file:     /mnt/research/ShadeLab/Dunivin/hmmsearch/refseq/protein_files/plasmid.protein.fa
# Option settings: /opt/software/HMMER/3.1b2--GCC-4.8.3/bin/hmmsearch -o /mnt/research/ShadeLab/Dunivin/hmmsearch/refseq/hmm_outputs/vanC.plasmid.protein.fa.stdout.txt -A /mnt/research/ShadeLab/Dunivin/hmmsearch/refseq/hmm_outputs/vanC.plasmid.protein.fa.alignment.0.0000000001.txt --domtblout /mnt/research/ShadeLab/Dunivin/hmmsearch/refseq/hmm_outputs/vanC.plasmid.protein.fa.0.0000000001.tbl.txt -E 0.0000000001 --cpu 8 /mnt/research/ShadeLab/Dunivin/gene_targeted_assembly/RDPTools/Xander_assembler/gene_resource/vanC/originaldata/vanC.hmm /mnt/research/ShadeLab/Dunivin/hmmsearch/refseq/protein_files/plasmid.protein.fa 
# Current dir:     /mnt/research/ShadeLab/Dunivin/hmmsearch/bin
# Date:            Wed Jul 25 14:08:04 2018
# [ok]
