#                                                                            --- full sequence --- -------------- this domain -------------   hmm coord   ali coord   env coord
# target name        accession   tlen query name           accession   qlen   E-value  score  bias   #  of  c-Evalue  i-Evalue  score  bias  from    to  from    to  from    to  acc description of target
#------------------- ---------- ----- -------------------- ---------- ----- --------- ------ ----- --- --- --------- --------- ------ ----- ----- ----- ----- ----- ----- ----- ---- ---------------------
WP_063856757.1       -            700 Resfam_vanT          -            693  4.4e-254  850.5  21.1   1   1  6.3e-258  5.5e-254  850.2  21.1     3   688     5   695     3   699 0.98 -
WP_096611392.1       -            395 Resfam_vanT          -            693   5.8e-84  288.2   0.0   1   1   8.2e-88   7.2e-84  287.9   0.0   332   688    23   389     5   393 0.91 -
WP_012740648.1       -            389 Resfam_vanT          -            693   1.9e-76  263.4   0.0   1   1   2.6e-80   2.3e-76  263.1   0.0   333   688     6   370     2   376 0.92 -
WP_066328121.1       -            388 Resfam_vanT          -            693   5.2e-68  235.5   0.0   1   1   7.3e-72   6.4e-68  235.2   0.0   335   688     9   365     2   370 0.93 -
WP_009227460.1       -            825 Resfam_vanT          -            693   6.2e-65  225.4   0.5   1   1   1.1e-68   9.7e-65  224.7   0.5   333   689   461   819   439   822 0.91 -
WP_025419380.1       -            366 Resfam_vanT          -            693   1.8e-60  210.6   9.0   1   1   2.6e-64   2.3e-60  210.3   9.0   339   686     9   358     2   363 0.92 -
WP_071583318.1       -            359 Resfam_vanT          -            693   2.8e-54  190.1   0.0   1   1   4.1e-58   3.6e-54  189.8   0.0   335   691     4   356     1   357 0.91 -
WP_049195298.1       -            359 Resfam_vanT          -            693   2.9e-53  186.8   0.0   1   1   4.1e-57   3.6e-53  186.5   0.0   335   691     4   355     1   356 0.88 -
WP_047026579.1       -            359 Resfam_vanT          -            693   6.6e-53  185.6   0.0   1   1   9.2e-57   8.1e-53  185.3   0.0   335   691     4   355     1   356 0.88 -
WP_001982425.1       -            379 Resfam_vanT          -            693     7e-53  185.5   0.0   1   1   9.7e-57   8.5e-53  185.2   0.0   332   687     4   372     1   377 0.90 -
WP_060498194.1       -            357 Resfam_vanT          -            693     6e-52  182.4   0.0   1   1   8.8e-56   7.7e-52  182.1   0.0   339   685     8   348     2   352 0.86 -
WP_012643277.1       -            433 Resfam_vanT          -            693     8e-52  182.0   0.0   1   1   1.2e-55   1.1e-51  181.6   0.0   339   688    44   405    34   409 0.89 -
WP_033488125.1       -            359 Resfam_vanT          -            693   1.9e-51  180.8   0.0   1   1   2.4e-55   2.1e-51  180.6   0.0   335   691     4   356     1   358 0.91 -
WP_001147297.1       -            359 Resfam_vanT          -            693   6.6e-51  179.0   0.0   1   1   9.6e-55   8.4e-51  178.6   0.0   335   691     4   356     1   357 0.90 -
WP_064081483.1       -            361 Resfam_vanT          -            693   1.5e-49  174.5   0.0   1   1   2.1e-53   1.8e-49  174.2   0.0   335   690     4   354     1   356 0.86 -
WP_023345572.1       -            359 Resfam_vanT          -            693   2.9e-49  173.5   0.0   1   1     4e-53   3.5e-49  173.3   0.0   335   690     4   354     1   356 0.86 -
WP_045459657.1       -            367 Resfam_vanT          -            693   9.8e-49  171.8   0.0   1   1   1.5e-52   1.3e-48  171.3   0.0   339   691     9   353     5   355 0.90 -
WP_016347806.1       -            368 Resfam_vanT          -            693   1.8e-48  170.9   0.0   1   1   4.8e-52   4.2e-48  169.7   0.0   339   691     9   353     5   355 0.89 -
WP_077161293.1       -            367 Resfam_vanT          -            693   2.2e-48  170.6   0.0   1   1   3.5e-52   3.1e-48  170.2   0.0   339   691     9   353     5   355 0.90 -
WP_060689569.1       -            383 Resfam_vanT          -            693     4e-47  166.5   0.0   1   1   5.9e-51   5.1e-47  166.1   0.0   336   685     6   375     2   382 0.86 -
WP_014253104.1       -            367 Resfam_vanT          -            693     4e-47  166.5   0.0   1   1   6.4e-51   5.6e-47  166.0   0.0   339   691     9   353     5   355 0.91 -
WP_013428669.1       -            356 Resfam_vanT          -            693   7.6e-46  162.3   0.0   1   2   1.9e-17   1.6e-13   55.4   0.0   339   465     9   135     4   165 0.87 -
WP_013428669.1       -            356 Resfam_vanT          -            693   7.6e-46  162.3   0.0   2   2   1.7e-32   1.5e-28  105.1   0.0   533   691   194   354   175   356 0.93 -
WP_023212661.1       -            356 Resfam_vanT          -            693   1.1e-45  161.8   0.0   1   1   4.1e-49   3.6e-45  160.0   0.0   340   689    10   352     3   355 0.88 -
WP_060497124.1       -            409 Resfam_vanT          -            693   7.1e-45  159.1   0.0   1   1     1e-48   8.8e-45  158.7   0.0   329   666    38   377    12   397 0.89 -
WP_007635751.1       -            377 Resfam_vanT          -            693   1.5e-44  157.9   0.0   1   1   2.3e-48     2e-44  157.5   0.0   321   689     7   373     3   377 0.87 -
WP_000197840.1       -            356 Resfam_vanT          -            693   1.6e-44  157.9   0.0   1   1   5.7e-48     5e-44  156.2   0.0   339   690     9   353     2   355 0.84 -
WP_000197828.1       -            356 Resfam_vanT          -            693   2.2e-44  157.4   0.0   1   1   1.2e-47     1e-43  155.2   0.0   339   690     9   353     2   355 0.85 -
WP_064807847.1       -            377 Resfam_vanT          -            693   2.3e-44  157.4   0.0   1   1   3.3e-48   2.9e-44  157.0   0.0   323   688     9   372     3   377 0.84 -
WP_032276976.1       -            356 Resfam_vanT          -            693   2.4e-44  157.3   0.0   1   1   8.6e-48   7.5e-44  155.7   0.0   339   690     9   353     2   355 0.84 -
WP_039565782.1       -            357 Resfam_vanT          -            693   5.3e-44  156.2   0.0   1   1   1.4e-47   1.3e-43  154.9   0.0   340   691    10   354     5   356 0.87 -
WP_033654386.1       -            357 Resfam_vanT          -            693   5.9e-44  156.0   0.0   1   1   1.6e-47   1.4e-43  154.7   0.0   340   691    10   354     5   356 0.87 -
WP_020831897.1       -            375 Resfam_vanT          -            693     1e-43  155.2   0.0   1   1   1.8e-47   1.5e-43  154.6   0.0   343   691    13   358     6   360 0.88 -
WP_024314649.1       -            372 Resfam_vanT          -            693   1.1e-43  155.1   0.0   1   1   1.6e-47   1.4e-43  154.7   0.0   335   689    16   368     4   371 0.86 -
WP_025396985.1       -            377 Resfam_vanT          -            693     4e-43  153.3   0.0   1   1   6.1e-47   5.4e-43  152.8   0.0   325   689    11   373     3   377 0.85 -
WP_105008576.1       -            377 Resfam_vanT          -            693   6.5e-43  152.6   0.0   1   1   9.4e-47   8.2e-43  152.2   0.0   322   689     8   373     3   377 0.87 -
WP_015451663.1       -            372 Resfam_vanT          -            693   7.3e-43  152.4   0.0   1   1     1e-46     9e-43  152.1   0.0   334   688    10   362     2   366 0.87 -
WP_026242350.1       -            377 Resfam_vanT          -            693   1.6e-42  151.3   0.0   1   1   2.3e-46   2.1e-42  150.9   0.0   322   689     8   373     3   377 0.86 -
WP_085781809.1       -            377 Resfam_vanT          -            693   1.6e-42  151.2   0.0   1   1   2.4e-46   2.1e-42  150.9   0.0   322   689     8   373     3   377 0.85 -
WP_094087980.1       -            377 Resfam_vanT          -            693   1.7e-42  151.2   0.0   1   1   2.5e-46   2.2e-42  150.8   0.0   322   689     8   373     3   377 0.87 -
WP_072641111.1       -            377 Resfam_vanT          -            693   2.5e-42  150.6   0.0   1   1     4e-46   3.5e-42  150.2   0.0   322   689     8   373     3   377 0.86 -
WP_020918934.1       -            377 Resfam_vanT          -            693   3.6e-42  150.1   0.0   1   1   5.2e-46   4.6e-42  149.8   0.0   335   689    21   373     4   377 0.85 -
WP_052035415.1       -            377 Resfam_vanT          -            693   4.1e-42  149.9   0.0   1   1   6.1e-46   5.4e-42  149.5   0.0   333   688    19   372     2   377 0.84 -
WP_104827820.1       -            377 Resfam_vanT          -            693   4.2e-42  149.9   0.0   1   1   6.5e-46   5.7e-42  149.4   0.0   335   690    21   374     5   377 0.85 -
WP_050988369.1       -            375 Resfam_vanT          -            693   5.3e-42  149.5   0.0   1   1   7.9e-46     7e-42  149.2   0.0   326   690    10   372     2   375 0.86 -
WP_086084331.1       -            377 Resfam_vanT          -            693   5.9e-42  149.4   0.0   1   1   9.2e-46     8e-42  149.0   0.0   324   688    10   372     3   375 0.85 -
WP_104841134.1       -            375 Resfam_vanT          -            693   7.8e-42  149.0   0.0   1   1   1.2e-45   1.1e-41  148.6   0.0   326   688    10   370     2   374 0.86 -
WP_085740564.1       -            377 Resfam_vanT          -            693   8.1e-42  148.9   0.0   1   1   1.2e-45     1e-41  148.6   0.0   325   689     8   373     3   377 0.86 -
WP_018245420.1       -            377 Resfam_vanT          -            693   1.1e-41  148.5   0.0   1   1   1.6e-45   1.4e-41  148.1   0.0   321   689     7   373     3   377 0.86 -
WP_064845037.1       -            377 Resfam_vanT          -            693   1.2e-41  148.4   0.0   1   1   1.8e-45   1.6e-41  148.0   0.0   322   689     8   373     3   377 0.85 -
WP_011649181.1       -            377 Resfam_vanT          -            693   2.3e-41  147.4   0.0   1   1   3.3e-45   2.9e-41  147.1   0.0   325   689    11   373     3   377 0.85 -
WP_011428742.1       -            377 Resfam_vanT          -            693   2.6e-41  147.3   0.0   1   1   4.2e-45   3.7e-41  146.8   0.0   324   688    10   372     3   375 0.85 -
WP_064812891.1       -            377 Resfam_vanT          -            693   2.7e-41  147.2   0.0   1   1   4.2e-45   3.7e-41  146.8   0.0   324   688    10   372     3   375 0.85 -
WP_025418603.1       -            377 Resfam_vanT          -            693   2.7e-41  147.2   0.0   1   1   4.6e-45     4e-41  146.6   0.0   322   689     8   373     3   377 0.85 -
WP_012555798.1       -            377 Resfam_vanT          -            693   3.4e-41  146.9   0.0   1   1   5.2e-45   4.5e-41  146.5   0.0   321   689     7   373     3   377 0.86 -
WP_020919476.1       -            377 Resfam_vanT          -            693     8e-41  145.7   0.0   1   1   1.2e-44   1.1e-40  145.2   0.0   324   688    10   372     3   375 0.85 -
WP_033183008.1       -            377 Resfam_vanT          -            693   9.6e-41  145.4   0.0   1   1   1.4e-44   1.2e-40  145.0   0.0   325   689    11   373     3   377 0.86 -
WP_012755234.1       -            377 Resfam_vanT          -            693   1.1e-40  145.2   0.0   1   1   1.6e-44   1.4e-40  144.9   0.0   327   689    13   373     4   377 0.86 -
WP_034790374.1       -            376 Resfam_vanT          -            693   1.1e-40  145.2   0.0   1   1   1.9e-44   1.7e-40  144.6   0.0   334   689    19   372     5   376 0.84 -
WP_015886826.1       -            377 Resfam_vanT          -            693   1.1e-40  145.2   0.0   1   1   1.7e-44   1.4e-40  144.8   0.0   336   690    22   374     6   377 0.86 -
YP_002822916.1       -            377 Resfam_vanT          -            693   1.1e-40  145.2   0.0   1   1   1.7e-44   1.4e-40  144.8   0.0   336   690    22   374     6   377 0.86 -
WP_064251667.1       -            375 Resfam_vanT          -            693   2.5e-40  144.0   0.0   1   1   3.6e-44   3.2e-40  143.7   0.0   334   690    18   372     4   375 0.86 -
WP_016557905.1       -            374 Resfam_vanT          -            693   2.7e-40  143.9   0.0   1   1   4.7e-44   4.1e-40  143.3   0.0   334   689    18   370    11   374 0.85 -
WP_040112373.1       -            377 Resfam_vanT          -            693   3.2e-40  143.7   0.0   1   1   4.6e-44     4e-40  143.3   0.0   325   688    11   372     3   376 0.85 -
WP_012976586.1       -            389 Resfam_vanT          -            693   3.8e-40  143.4   0.0   1   1   5.6e-44   4.9e-40  143.0   0.0   342   675    20   358    10   380 0.86 -
WP_014332653.1       -            377 Resfam_vanT          -            693   4.6e-40  143.1   0.0   1   1     7e-44   6.1e-40  142.7   0.0   337   690    23   374     7   377 0.86 -
WP_099061268.1       -            377 Resfam_vanT          -            693   4.7e-40  143.1   0.0   1   1   6.9e-44     6e-40  142.8   0.0   331   688    17   372     4   377 0.86 -
WP_051658423.1       -            392 Resfam_vanT          -            693   1.3e-39  141.7   0.0   1   1   1.8e-43   1.6e-39  141.4   0.0   334   666    13   357     5   378 0.85 -
WP_085780486.1       -            377 Resfam_vanT          -            693   1.3e-39  141.6   0.0   1   1     2e-43   1.7e-39  141.2   0.0   335   688    21   372     4   377 0.85 -
WP_094303547.1       -            393 Resfam_vanT          -            693   1.3e-39  141.6   0.0   1   1   1.9e-43   1.7e-39  141.3   0.0   334   668    13   352     5   378 0.87 -
WP_052035370.1       -            375 Resfam_vanT          -            693   1.4e-39  141.6   0.0   1   1     2e-43   1.7e-39  141.2   0.0   335   690    19   372     6   375 0.86 -
WP_109068700.1       -            393 Resfam_vanT          -            693   1.8e-39  141.2   0.0   1   1   2.7e-43   2.4e-39  140.8   0.0   334   668    13   352     5   378 0.87 -
WP_013958605.1       -            372 Resfam_vanT          -            693   2.3e-39  140.9   0.0   1   1   3.1e-43   2.7e-39  140.6   0.0   334   665     4   333     1   363 0.84 -
WP_064829635.1       -            377 Resfam_vanT          -            693   3.3e-39  140.3   0.0   1   1   6.4e-43   5.6e-39  139.6   0.0   328   688    14   372     4   376 0.84 -
WP_085862035.1       -            377 Resfam_vanT          -            693   3.7e-39  140.1   0.0   1   1   6.1e-43   5.4e-39  139.6   0.0   333   688    19   372     4   375 0.84 -
WP_069064296.1       -            372 Resfam_vanT          -            693     4e-39  140.0   0.0   1   1   8.5e-43   7.4e-39  139.2   0.0   338   688    10   357     6   360 0.85 -
WP_041678243.1       -            377 Resfam_vanT          -            693   8.4e-39  139.0   0.0   1   1   1.3e-42   1.2e-38  138.5   0.0   336   689    22   373    11   377 0.87 -
WP_103040469.1       -            392 Resfam_vanT          -            693   9.4e-39  138.8   0.0   1   1   1.4e-42   1.2e-38  138.4   0.0   334   666    13   357     5   378 0.85 -
WP_037434283.1       -            391 Resfam_vanT          -            693   1.2e-38  138.5   0.0   1   1   1.7e-42   1.5e-38  138.1   0.0   335   686    10   354     2   359 0.86 -
WP_014989298.1       -            375 Resfam_vanT          -            693   1.8e-38  137.8   0.0   1   1   2.7e-42   2.4e-38  137.5   0.0   326   690     8   372     1   375 0.85 -
WP_016735956.1       -            377 Resfam_vanT          -            693   3.2e-38  137.1   0.0   1   1   5.8e-42   5.1e-38  136.4   0.0   328   688    14   372     3   376 0.84 -
WP_074070876.1       -            377 Resfam_vanT          -            693   4.9e-38  136.4   0.0   1   1   7.7e-42   6.8e-38  136.0   0.0   335   688    21   372     4   377 0.82 -
WP_064824080.1       -            377 Resfam_vanT          -            693   5.9e-38  136.2   0.0   1   1   1.1e-41     1e-37  135.4   0.0   328   688    14   372     4   376 0.84 -
WP_109139073.1       -            393 Resfam_vanT          -            693     6e-38  136.2   0.0   1   1   8.7e-42   7.6e-38  135.8   0.0   334   668    13   352     5   380 0.85 -
WP_012490136.1       -            377 Resfam_vanT          -            693     1e-37  135.4   0.0   1   1   1.8e-41   1.6e-37  134.8   0.0   328   688    14   372     4   376 0.84 -
WP_012978312.1       -            375 Resfam_vanT          -            693   1.1e-37  135.3   0.0   1   1   2.2e-41   1.9e-37  134.5   0.0   335   688    14   368     5   372 0.87 -
WP_064844545.1       -            377 Resfam_vanT          -            693   2.2e-37  134.3   0.0   1   1     4e-41   3.5e-37  133.6   0.0   328   688    14   372     4   376 0.84 -
WP_111070631.1       -            372 Resfam_vanT          -            693   3.5e-37  133.6   0.0   1   1   3.8e-40   3.4e-36  130.4   0.0   335   688    11   365     4   368 0.85 -
WP_064333837.1       -            376 Resfam_vanT          -            693   7.6e-37  132.5   0.0   1   1   1.2e-40     1e-36  132.1   0.0   334   688    20   371    11   376 0.86 -
WP_064820367.1       -            377 Resfam_vanT          -            693   7.8e-37  132.5   0.0   1   1   1.5e-40   1.3e-36  131.7   0.0   328   688    14   372     4   376 0.84 -
WP_095437056.1       -            377 Resfam_vanT          -            693   1.1e-36  132.0   0.0   1   1   2.7e-40   2.4e-36  130.9   0.0   335   689    21   373    11   377 0.86 -
WP_014241946.1       -            392 Resfam_vanT          -            693   1.3e-36  131.7   0.0   1   1   2.8e-40   2.5e-36  130.8   0.0   334   668    13   351     5   378 0.83 -
WP_035679879.1       -            393 Resfam_vanT          -            693   3.9e-36  130.1   0.0   1   1   5.8e-40   5.1e-36  129.8   0.0   334   668    13   352     5   378 0.86 -
WP_014250102.1       -            376 Resfam_vanT          -            693   5.3e-35  126.4   0.0   1   2   5.2e-09   4.5e-05   27.5   0.0   335   402    11    77     3    82 0.89 -
WP_014250102.1       -            376 Resfam_vanT          -            693   5.3e-35  126.4   0.0   2   2   5.1e-30   4.5e-26   96.9   0.0   443   688   130   369   122   373 0.89 -
WP_096459687.1       -            388 Resfam_vanT          -            693   5.5e-34  123.1   0.0   1   1   1.3e-37   1.1e-33  122.0   0.0   335   685    10   353     4   358 0.84 -
WP_010915793.1       -            388 Resfam_vanT          -            693   5.5e-34  123.0   0.0   1   1   1.3e-37   1.1e-33  122.0   0.0   335   685    10   353     4   358 0.85 -
WP_008828690.1       -            372 Resfam_vanT          -            693     1e-33  122.1   0.0   1   1   2.2e-37   1.9e-33  121.3   0.0   335   688     5   354     2   357 0.86 -
WP_040680832.1       -            362 Resfam_vanT          -            693   1.5e-33  121.6   0.0   1   1   2.1e-37   1.9e-33  121.3   0.0   335   686     3   343     1   347 0.86 -
WP_012648980.1       -            294 Resfam_vanT          -            693   1.2e-18   72.3   0.0   1   1   1.7e-22   1.5e-18   72.0   0.0   336   613    23   293    16   294 0.84 -
WP_062855245.1       -            316 Resfam_vanT          -            693   2.1e-14   58.4  28.2   1   1   2.8e-18   2.5e-14   58.1  28.2     5   315     6   306     2   314 0.75 -
WP_074072693.1       -            341 Resfam_vanT          -            693     7e-11   46.7  12.3   1   1   1.6e-14   1.4e-10   45.7  12.3     3   314    31   328    29   338 0.67 -
#
# Program:         hmmsearch
# Version:         3.1b2 (February 2015)
# Pipeline mode:   SEARCH
# Query file:      /mnt/research/ShadeLab/Dunivin/gene_targeted_assembly/RDPTools/Xander_assembler/gene_resource/vanT/originaldata/vanT.hmm
# Target file:     /mnt/research/ShadeLab/Dunivin/hmmsearch/refseq/protein_files/plasmid.protein.fa
# Option settings: /opt/software/HMMER/3.1b2--GCC-4.8.3/bin/hmmsearch -o /mnt/research/ShadeLab/Dunivin/hmmsearch/refseq/hmm_outputs/vanT.plasmid.protein.fa.stdout.txt -A /mnt/research/ShadeLab/Dunivin/hmmsearch/refseq/hmm_outputs/vanT.plasmid.protein.fa.alignment.0.0000000001.txt --domtblout /mnt/research/ShadeLab/Dunivin/hmmsearch/refseq/hmm_outputs/vanT.plasmid.protein.fa.0.0000000001.tbl.txt -E 0.0000000001 --cpu 8 /mnt/research/ShadeLab/Dunivin/gene_targeted_assembly/RDPTools/Xander_assembler/gene_resource/vanT/originaldata/vanT.hmm /mnt/research/ShadeLab/Dunivin/hmmsearch/refseq/protein_files/plasmid.protein.fa 
# Current dir:     /mnt/research/ShadeLab/Dunivin/hmmsearch/bin
# Date:            Wed Jul 25 14:08:09 2018
# [ok]
