#                                                                            --- full sequence --- -------------- this domain -------------   hmm coord   ali coord   env coord
# target name        accession   tlen query name           accession   qlen   E-value  score  bias   #  of  c-Evalue  i-Evalue  score  bias  from    to  from    to  from    to  acc description of target
#------------------- ---------- ----- -------------------- ---------- ----- --------- ------ ----- --- --- --------- --------- ------ ----- ----- ----- ----- ----- ----- ----- ---- ---------------------
NP_878017.1          -            202 Resfam_vanX          -            202  2.9e-113  381.8   0.1   1   1  1.4e-117  3.2e-113  381.6   0.1     1   202     1   202     1   202 0.99 -
WP_000402347.1       -            202 Resfam_vanX          -            202  2.9e-113  381.8   0.1   1   1  1.4e-117  3.2e-113  381.6   0.1     1   202     1   202     1   202 0.99 -
YP_001019034.1       -            202 Resfam_vanX          -            202  2.9e-113  381.8   0.1   1   1  1.4e-117  3.2e-113  381.6   0.1     1   202     1   202     1   202 0.99 -
YP_001974795.1       -            202 Resfam_vanX          -            202  2.9e-113  381.8   0.1   1   1  1.4e-117  3.2e-113  381.6   0.1     1   202     1   202     1   202 0.99 -
YP_002128400.1       -            202 Resfam_vanX          -            202  2.9e-113  381.8   0.1   1   1  1.4e-117  3.2e-113  381.6   0.1     1   202     1   202     1   202 0.99 -
YP_003864127.1       -            202 Resfam_vanX          -            202  2.9e-113  381.8   0.1   1   1  1.4e-117  3.2e-113  381.6   0.1     1   202     1   202     1   202 0.99 -
YP_004033008.1       -            202 Resfam_vanX          -            202  2.9e-113  381.8   0.1   1   1  1.4e-117  3.2e-113  381.6   0.1     1   202     1   202     1   202 0.99 -
YP_006960581.1       -            202 Resfam_vanX          -            202  2.9e-113  381.8   0.1   1   1  1.4e-117  3.2e-113  381.6   0.1     1   202     1   202     1   202 0.99 -
YP_006961942.1       -            202 Resfam_vanX          -            202  2.9e-113  381.8   0.1   1   1  1.4e-117  3.2e-113  381.6   0.1     1   202     1   202     1   202 0.99 -
YP_976076.1          -            202 Resfam_vanX          -            202  2.9e-113  381.8   0.1   1   1  1.4e-117  3.2e-113  381.6   0.1     1   202     1   202     1   202 0.99 -
WP_000402348.1       -            202 Resfam_vanX          -            202  6.2e-113  380.7   0.1   1   1    3e-117  6.9e-113  380.5   0.1     1   202     1   202     1   202 0.99 -
YP_004172614.1       -            202 Resfam_vanX          -            202  6.2e-113  380.7   0.1   1   1    3e-117  6.9e-113  380.5   0.1     1   202     1   202     1   202 0.99 -
YP_006937547.1       -            202 Resfam_vanX          -            202  6.2e-113  380.7   0.1   1   1    3e-117  6.9e-113  380.5   0.1     1   202     1   202     1   202 0.99 -
YP_007908267.1       -            202 Resfam_vanX          -            202  6.2e-113  380.7   0.1   1   1    3e-117  6.9e-113  380.5   0.1     1   202     1   202     1   202 0.99 -
WP_012579102.1       -            202 Resfam_vanX          -            202  1.4e-112  379.5   0.1   1   1  6.8e-117  1.6e-112  379.3   0.1     1   202     1   202     1   202 0.99 -
YP_002333396.1       -            202 Resfam_vanX          -            202  1.4e-112  379.5   0.1   1   1  6.8e-117  1.6e-112  379.3   0.1     1   202     1   202     1   202 0.99 -
WP_032489747.1       -            202 Resfam_vanX          -            202  2.1e-112  378.9   0.1   1   1    1e-116  2.3e-112  378.8   0.1     1   201     1   201     1   202 0.99 -
WP_102013520.1       -            258 Resfam_vanX          -            202   2.4e-52  182.8   0.7   1   1   3.5e-54   8.1e-50  174.6   0.7     3   201    37   256    35   257 0.88 -
WP_000237721.1       -            256 Resfam_vanX          -            202   4.2e-52  182.1   0.0   1   2   1.3e-38   3.1e-34  123.7   0.0     3   132    31   160    29   164 0.98 -
WP_000237721.1       -            256 Resfam_vanX          -            202   4.2e-52  182.1   0.0   2   2   5.2e-18   1.2e-13   56.5   0.0   135   202   186   253   173   253 0.94 -
WP_013511266.1       -            191 Resfam_vanX          -            202   4.1e-33  120.0   0.5   1   2   1.9e-17   4.4e-13   54.6   0.0     4    90     6    90     3    94 0.93 -
WP_013511266.1       -            191 Resfam_vanX          -            202   4.1e-33  120.0   0.5   2   2   2.2e-20   5.2e-16   64.2   0.1   114   190    96   171    88   179 0.93 -
WP_096609828.1       -            244 Resfam_vanX          -            202   1.3e-29  108.6   0.2   1   1     4e-31   9.1e-27   99.3   0.2     3   194    62   233    60   239 0.91 -
WP_059755482.1       -            187 Resfam_vanX          -            202   4.1e-29  107.0   0.1   1   2   1.9e-13   4.4e-09   41.6   0.0     4    89     5    88     2    92 0.92 -
WP_059755482.1       -            187 Resfam_vanX          -            202   4.1e-29  107.0   0.1   2   2   2.4e-20   5.6e-16   64.1   0.1   114   190    95   170    86   177 0.92 -
WP_109333520.1       -            181 Resfam_vanX          -            202   6.6e-29  106.3   0.1   1   2   1.6e-13   3.7e-09   41.8   0.1     9    85     5    77     1    84 0.84 -
WP_109333520.1       -            181 Resfam_vanX          -            202   6.6e-29  106.3   0.1   2   2   5.4e-20   1.2e-15   63.0   0.0   114   189    90   164    79   173 0.90 -
WP_025414926.1       -            385 Resfam_vanX          -            202     1e-28  105.7   0.5   1   2   4.9e-14   1.1e-09   43.5   0.0     4    88   175   257   172   262 0.89 -
WP_025414926.1       -            385 Resfam_vanX          -            202     1e-28  105.7   0.5   2   2   2.2e-19   5.1e-15   61.0   0.1   112   189   265   342   256   354 0.91 -
WP_025424416.1       -            190 Resfam_vanX          -            202   3.3e-28  104.0   0.1   1   2   8.3e-13   1.9e-08   39.5   0.0     6    85     8    85     1    93 0.85 -
WP_025424416.1       -            190 Resfam_vanX          -            202   3.3e-28  104.0   0.1   2   2   4.6e-20   1.1e-15   63.2   0.0   112   191    94   172    85   179 0.91 -
WP_100006070.1       -            179 Resfam_vanX          -            202   4.8e-28  103.5   0.1   1   2   3.5e-12   8.1e-08   37.4   0.0     5    89     6    88     2    93 0.86 -
WP_100006070.1       -            179 Resfam_vanX          -            202   4.8e-28  103.5   0.1   2   2   1.3e-20   2.9e-16   65.0   0.0   112   190    93   170    82   177 0.90 -
WP_004642348.1       -            179 Resfam_vanX          -            202   1.1e-27  102.3   0.1   1   2   3.5e-12   8.1e-08   37.4   0.0     5    89     6    88     2    93 0.86 -
WP_004642348.1       -            179 Resfam_vanX          -            202   1.1e-27  102.3   0.1   2   2   2.9e-20   6.8e-16   63.8   0.0   112   190    93   170    82   177 0.90 -
WP_009227963.1       -            224 Resfam_vanX          -            202   7.2e-22   83.3   0.0   1   1   3.2e-24   7.4e-20   76.8   0.0     2   199    32   222    31   223 0.86 -
WP_012972344.1       -            226 Resfam_vanX          -            202   1.6e-15   62.6   0.0   1   1   9.2e-20   2.1e-15   62.2   0.0    47   188    68   208    54   219 0.84 -
WP_069638444.1       -            265 Resfam_vanX          -            202   1.3e-14   59.6   0.0   1   1   9.7e-19   2.2e-14   58.9   0.0    44   188    52   197    46   204 0.78 -
WP_096611488.1       -            237 Resfam_vanX          -            202   3.6e-14   58.2   0.4   1   1   3.7e-18   8.6e-14   57.0   0.4    48   189    55   213    48   220 0.72 -
WP_014043543.1       -            197 Resfam_vanX          -            202   8.2e-13   53.8   0.1   1   1   4.8e-17   1.1e-12   53.3   0.1    52   188    39   176    29   181 0.83 -
WP_079183311.1       -            367 Resfam_vanX          -            202   1.3e-12   53.1   0.0   1   1   9.4e-17   2.2e-12   52.4   0.0    55   188   211   346   200   352 0.78 -
WP_059255868.1       -            223 Resfam_vanX          -            202   1.9e-12   52.5   0.0   1   1   1.2e-16   2.7e-12   52.0   0.0    48   188    54   195    47   200 0.80 -
WP_024126797.1       -            218 Resfam_vanX          -            202   6.2e-12   50.9   0.0   1   1   4.1e-16   9.4e-12   50.3   0.0    50   188    58   197    45   203 0.75 -
YP_008996261.1       -            218 Resfam_vanX          -            202   6.2e-12   50.9   0.0   1   1   4.1e-16   9.4e-12   50.3   0.0    50   188    58   197    45   203 0.75 -
WP_058928796.1       -            217 Resfam_vanX          -            202   8.4e-12   50.5   0.0   1   1   5.6e-16   1.3e-11   49.8   0.0    52   188    59   196    47   202 0.78 -
WP_008735774.1       -            220 Resfam_vanX          -            202   3.5e-11   48.4   0.0   1   1   2.4e-15   5.5e-11   47.8   0.0    51   188    58   196    45   201 0.75 -
#
# Program:         hmmsearch
# Version:         3.1b2 (February 2015)
# Pipeline mode:   SEARCH
# Query file:      /mnt/research/ShadeLab/Dunivin/gene_targeted_assembly/RDPTools/Xander_assembler/gene_resource/vanX/originaldata/vanX.hmm
# Target file:     /mnt/research/ShadeLab/Dunivin/hmmsearch/refseq/protein_files/plasmid.protein.fa
# Option settings: /opt/software/HMMER/3.1b2--GCC-4.8.3/bin/hmmsearch -o /mnt/research/ShadeLab/Dunivin/hmmsearch/refseq/hmm_outputs/vanX.plasmid.protein.fa.stdout.txt -A /mnt/research/ShadeLab/Dunivin/hmmsearch/refseq/hmm_outputs/vanX.plasmid.protein.fa.alignment.0.0000000001.txt --domtblout /mnt/research/ShadeLab/Dunivin/hmmsearch/refseq/hmm_outputs/vanX.plasmid.protein.fa.0.0000000001.tbl.txt -E 0.0000000001 --cpu 8 /mnt/research/ShadeLab/Dunivin/gene_targeted_assembly/RDPTools/Xander_assembler/gene_resource/vanX/originaldata/vanX.hmm /mnt/research/ShadeLab/Dunivin/hmmsearch/refseq/protein_files/plasmid.protein.fa 
# Current dir:     /mnt/research/ShadeLab/Dunivin/hmmsearch/bin
# Date:            Wed Jul 25 14:08:13 2018
# [ok]
