#                                                                            --- full sequence --- -------------- this domain -------------   hmm coord   ali coord   env coord
# target name        accession   tlen query name           accession   qlen   E-value  score  bias   #  of  c-Evalue  i-Evalue  score  bias  from    to  from    to  from    to  acc description of target
#------------------- ---------- ----- -------------------- ---------- ----- --------- ------ ----- --- --- --------- --------- ------ ----- ----- ----- ----- ----- ----- ----- ---- ---------------------
WP_001812592.1       -            303 Resfam_vanY          -            327  5.3e-138  465.2   2.0   1   1    3e-142  6.1e-138  465.0   2.0    12   326     1   295     1   296 1.00 -
YP_001019033.1       -            303 Resfam_vanY          -            327  5.3e-138  465.2   2.0   1   1    3e-142  6.1e-138  465.0   2.0    12   326     1   295     1   296 1.00 -
YP_001974794.1       -            303 Resfam_vanY          -            327  5.3e-138  465.2   2.0   1   1    3e-142  6.1e-138  465.0   2.0    12   326     1   295     1   296 1.00 -
YP_002128401.1       -            303 Resfam_vanY          -            327  5.3e-138  465.2   2.0   1   1    3e-142  6.1e-138  465.0   2.0    12   326     1   295     1   296 1.00 -
YP_976075.1          -            303 Resfam_vanY          -            327  5.3e-138  465.2   2.0   1   1    3e-142  6.1e-138  465.0   2.0    12   326     1   295     1   296 1.00 -
WP_101706228.1       -            315 Resfam_vanY          -            327  6.2e-138  465.0   2.0   1   1  3.5e-142  7.1e-138  464.8   2.0    12   326     1   295     1   296 1.00 -
WP_013438844.1       -            303 Resfam_vanY          -            327  2.5e-137  463.0   1.7   1   1  1.4e-141  2.9e-137  462.8   1.7    12   326     1   295     1   296 1.00 -
YP_004033007.1       -            303 Resfam_vanY          -            327  2.5e-137  463.0   1.7   1   1  1.4e-141  2.9e-137  462.8   1.7    12   326     1   295     1   296 1.00 -
WP_000732308.1       -            303 Resfam_vanY          -            327  3.8e-137  462.4   2.4   1   1  2.1e-141  4.3e-137  462.2   2.4    12   326     1   295     1   296 1.00 -
YP_004172613.1       -            303 Resfam_vanY          -            327  3.8e-137  462.4   2.4   1   1  2.1e-141  4.3e-137  462.2   2.4    12   326     1   295     1   296 1.00 -
YP_006937546.1       -            303 Resfam_vanY          -            327  3.8e-137  462.4   2.4   1   1  2.1e-141  4.3e-137  462.2   2.4    12   326     1   295     1   296 1.00 -
YP_007908266.1       -            303 Resfam_vanY          -            327  3.8e-137  462.4   2.4   1   1  2.1e-141  4.3e-137  462.2   2.4    12   326     1   295     1   296 1.00 -
WP_105467056.1       -            303 Resfam_vanY          -            327  4.2e-137  462.3   2.8   1   1  2.3e-141  4.8e-137  462.1   2.8    12   326     1   295     1   296 1.00 -
WP_029656388.1       -            310 Resfam_vanY          -            327  3.8e-136  459.1   3.7   1   1  2.3e-140  4.7e-136  458.8   3.7    18   326    14   302     6   303 0.99 -
NP_878018.1          -            296 Resfam_vanY          -            327  5.8e-136  458.5   3.5   1   1  3.3e-140  6.7e-136  458.3   3.5    20   326     2   288     1   289 0.99 -
WP_000925406.1       -            296 Resfam_vanY          -            327  5.8e-136  458.5   3.5   1   1  3.3e-140  6.7e-136  458.3   3.5    20   326     2   288     1   289 0.99 -
WP_069314758.1       -            296 Resfam_vanY          -            327  5.3e-135  455.4   3.3   1   1    3e-139    6e-135  455.2   3.3    20   326     2   288     1   289 0.99 -
WP_002416070.1       -            268 Resfam_vanY          -            327  6.4e-118  399.2   0.0   1   1  3.8e-122  7.8e-118  398.9   0.0     2   274     7   268     3   268 0.99 -
YP_002333392.1       -            268 Resfam_vanY          -            327  6.4e-118  399.2   0.0   1   1  3.8e-122  7.8e-118  398.9   0.0     2   274     7   268     3   268 0.99 -
WP_050845568.1       -            286 Resfam_vanY          -            327     4e-90  307.9   4.7   1   1   2.2e-94   4.5e-90  307.7   4.7    13   324     2   285     1   286 0.93 -
WP_071680278.1       -            173 Resfam_vanY          -            327     2e-54  190.5   2.6   1   1   1.1e-58   2.3e-54  190.3   2.6    33   224     2   173     1   173 0.99 -
WP_050043499.1       -            139 Resfam_vanY          -            327   3.2e-53  186.6   0.1   1   1   1.8e-57   3.7e-53  186.4   0.1   189   305     9   127     2   138 0.94 -
WP_080009076.1       -            139 Resfam_vanY          -            327   2.8e-52  183.5   0.1   1   1   1.6e-56   3.2e-52  183.3   0.1   189   305     9   127     2   138 0.94 -
WP_000241959.1       -            243 Resfam_vanY          -            327   1.8e-43  154.5   5.7   1   1   1.1e-47   2.2e-43  154.2   5.7    71   277    19   243    11   243 0.87 -
WP_012960995.1       -            240 Resfam_vanY          -            327   1.3e-29  109.0   0.1   1   1   8.8e-34   1.8e-29  108.5   0.1   123   271    93   238    89   240 0.84 -
WP_012740852.1       -            317 Resfam_vanY          -            327   5.4e-27  100.4   3.1   1   2   0.00053        11   10.7   0.4     8    86     9    87     3   103 0.54 -
WP_012740852.1       -            317 Resfam_vanY          -            327   5.4e-27  100.4   3.1   2   2   3.1e-28   6.3e-24   90.3   0.1   116   270   162   309   114   314 0.89 -
WP_000853162.1       -            278 Resfam_vanY          -            327   8.9e-27   99.7   3.3   1   1   7.1e-31   1.4e-26   99.0   3.3    78   273    60   274     8   277 0.75 -
WP_089608127.1       -            249 Resfam_vanY          -            327   2.1e-24   91.9   4.9   1   1   6.7e-28   1.4e-23   89.2   4.9    35   274    16   249     2   249 0.71 -
WP_013483941.1       -            337 Resfam_vanY          -            327   4.6e-24   90.8   0.0   1   1     5e-28     1e-23   89.6   0.0   130   270   198   330   175   335 0.88 -
WP_071680048.1       -            247 Resfam_vanY          -            327   8.5e-24   89.9   3.5   1   1   9.5e-28   1.9e-23   88.7   3.5    34   271    15   246     2   247 0.76 -
WP_050845565.1       -            237 Resfam_vanY          -            327   9.4e-24   89.7   0.2   1   1   6.8e-28   1.4e-23   89.2   0.2   137   271   104   234    50   236 0.75 -
WP_063856820.1       -            190 Resfam_vanY          -            327   1.3e-23   89.3   0.0   1   1   7.4e-28   1.5e-23   89.1   0.0   141   276    54   185    19   190 0.78 -
WP_065706026.1       -            245 Resfam_vanY          -            327   4.9e-23   87.4   2.4   1   1   7.2e-27   1.5e-22   85.8   2.4   126   274   101   245     2   245 0.78 -
WP_050845378.1       -            245 Resfam_vanY          -            327     5e-23   87.3   1.3   1   1   3.9e-27     8e-23   86.7   1.3   127   274   102   245    23   245 0.78 -
WP_080346202.1       -            102 Resfam_vanY          -            327   4.6e-16   64.5   0.5   1   1   2.5e-20   5.1e-16   64.3   0.5   200   276    19   100    11   102 0.82 -
WP_096560505.1       -            265 Resfam_vanY          -            327   4.9e-16   64.4   0.0   1   1   3.1e-20   6.4e-16   64.0   0.0   125   261   120   254    62   262 0.77 -
WP_045871707.1       -            275 Resfam_vanY          -            327   2.9e-15   61.8   0.0   1   1   1.9e-19   3.9e-15   61.4   0.0   111   256   109   254    81   266 0.84 -
WP_074628920.1       -            100 Resfam_vanY          -            327   3.6e-15   61.5   0.4   1   1     2e-19     4e-15   61.4   0.4   200   274    21   100    13   100 0.82 -
WP_002887219.1       -           1422 Resfam_vanY          -            327   6.5e-15   60.7   0.1   1   1   7.6e-19   1.6e-14   59.4   0.1    96   271   853  1011   830  1041 0.78 -
WP_041661127.1       -           1068 Resfam_vanY          -            327   1.1e-14   59.9   0.2   1   1   8.1e-19   1.7e-14   59.4   0.2   136   261   617   737   583   741 0.76 -
WP_107373320.1       -           1404 Resfam_vanY          -            327   1.7e-14   59.3   0.1   1   1   8.2e-19   1.7e-14   59.3   0.1    96   271   751   909   728   936 0.78 -
WP_085962507.1       -             86 Resfam_vanY          -            327   1.4e-12   53.1   0.3   1   1   7.1e-17   1.4e-12   53.0   0.3    33   100     2    71     1    84 0.90 -
WP_012168323.1       -           1066 Resfam_vanY          -            327   2.3e-11   49.0   0.0   1   1   1.8e-15   3.7e-11   48.3   0.0   130   256   596   717   568   724 0.78 -
#
# Program:         hmmsearch
# Version:         3.1b2 (February 2015)
# Pipeline mode:   SEARCH
# Query file:      /mnt/research/ShadeLab/Dunivin/gene_targeted_assembly/RDPTools/Xander_assembler/gene_resource/vanY/originaldata/vanY.hmm
# Target file:     /mnt/research/ShadeLab/Dunivin/hmmsearch/refseq/protein_files/plasmid.protein.fa
# Option settings: /opt/software/HMMER/3.1b2--GCC-4.8.3/bin/hmmsearch -o /mnt/research/ShadeLab/Dunivin/hmmsearch/refseq/hmm_outputs/vanY.plasmid.protein.fa.stdout.txt -A /mnt/research/ShadeLab/Dunivin/hmmsearch/refseq/hmm_outputs/vanY.plasmid.protein.fa.alignment.0.0000000001.txt --domtblout /mnt/research/ShadeLab/Dunivin/hmmsearch/refseq/hmm_outputs/vanY.plasmid.protein.fa.0.0000000001.tbl.txt -E 0.0000000001 --cpu 8 /mnt/research/ShadeLab/Dunivin/gene_targeted_assembly/RDPTools/Xander_assembler/gene_resource/vanY/originaldata/vanY.hmm /mnt/research/ShadeLab/Dunivin/hmmsearch/refseq/protein_files/plasmid.protein.fa 
# Current dir:     /mnt/research/ShadeLab/Dunivin/hmmsearch/bin
# Date:            Wed Jul 25 14:08:16 2018
# [ok]
